>ACTACAWTTCCC	4-GGGAAWTGTAGT	11.229690	-668.782043	0	T:1694.0(5.32%),B:80.7(0.36%),P:1e-290
0.923	0.037	0.021	0.019
0.010	0.961	0.011	0.018
0.022	0.090	0.014	0.874
0.822	0.065	0.073	0.040
0.008	0.959	0.018	0.015
0.823	0.037	0.125	0.015
0.419	0.096	0.088	0.397
0.071	0.306	0.112	0.511
0.054	0.052	0.019	0.875
0.022	0.927	0.012	0.039
0.010	0.960	0.012	0.018
0.015	0.951	0.009	0.025
