>GGGGCGGGGCTA	24-GGGGCGGGGCTA	13.155657	-1.120587	0	T:112.0(0.35%),B:73.6(0.33%),P:1e0
0.054	0.038	0.834	0.074
0.061	0.034	0.876	0.029
0.047	0.041	0.890	0.022
0.035	0.034	0.904	0.027
0.051	0.885	0.029	0.035
0.050	0.057	0.852	0.041
0.036	0.030	0.876	0.058
0.107	0.040	0.818	0.035
0.086	0.032	0.862	0.020
0.038	0.875	0.039	0.048
0.068	0.175	0.162	0.595
0.735	0.108	0.039	0.118
