>GCGCATGCGCAG	17-GCGCATGCGCAG,BestGuess:NRF1(NRF)/MCF7-NRF1-ChIP-Seq(Unpublished)/Homer(0.997)	10.877414	-35.952360	0	T:638.0(2.00%),B:252.8(1.13%),P:1e-15
0.050	0.030	0.902	0.018
0.047	0.877	0.056	0.020
0.038	0.027	0.899	0.036
0.021	0.924	0.043	0.012
0.689	0.171	0.097	0.043
0.052	0.080	0.208	0.660
0.017	0.037	0.929	0.017
0.026	0.914	0.022	0.038
0.022	0.055	0.868	0.055
0.017	0.918	0.033	0.032
0.749	0.102	0.102	0.047
0.077	0.172	0.674	0.077
