>GCTCCCTCTAGT	7-GCTCCCTCTAGT	11.289045	-215.735423	0	T:668.0(2.10%),B:55.9(0.25%),P:1e-93
0.037	0.105	0.752	0.106
0.009	0.928	0.028	0.035
0.101	0.061	0.226	0.612
0.007	0.912	0.052	0.029
0.015	0.921	0.009	0.055
0.085	0.817	0.009	0.089
0.012	0.230	0.013	0.745
0.012	0.934	0.031	0.023
0.035	0.156	0.017	0.792
0.537	0.052	0.263	0.148
0.023	0.221	0.734	0.022
0.123	0.301	0.081	0.495
