>GCTGTCCRTGGT	8-GCTGTCCRTGGT,BestGuess:REST/MA0138.2/Jaspar(0.815)	10.751217	-203.560117	0	T:734.0(2.30%),B:82.6(0.37%),P:1e-88
0.148	0.184	0.467	0.202
0.024	0.931	0.017	0.028
0.018	0.036	0.018	0.928
0.114	0.239	0.591	0.056
0.111	0.060	0.111	0.718
0.013	0.925	0.027	0.035
0.026	0.770	0.023	0.181
0.374	0.107	0.388	0.131
0.271	0.203	0.089	0.437
0.036	0.018	0.915	0.031
0.018	0.036	0.928	0.018
0.085	0.018	0.031	0.866
