>GGGAAWTGTAGT	4-GGGAAWTGTAGT,BestGuess:GFY(?)/Promoter/Homer(0.980)	11.229690	-668.782043	0	T:1694.0(5.32%),B:80.7(0.36%),P:1e-290
0.025	0.009	0.951	0.015
0.018	0.012	0.960	0.010
0.039	0.012	0.927	0.022
0.875	0.019	0.052	0.054
0.511	0.112	0.306	0.071
0.397	0.088	0.096	0.419
0.015	0.125	0.037	0.823
0.015	0.018	0.959	0.008
0.040	0.073	0.065	0.822
0.874	0.014	0.090	0.022
0.018	0.011	0.961	0.010
0.019	0.021	0.037	0.923
