>TGGGAAAGCCTT	23-TGGGAAAGCCTT	9.366319	-14.913714	0	T:68.0(0.21%),B:12.5(0.06%),P:1e-6
0.207	0.125	0.208	0.460
0.146	0.054	0.658	0.142
0.174	0.050	0.645	0.131
0.167	0.141	0.612	0.080
0.626	0.131	0.171	0.072
0.637	0.134	0.173	0.056
0.606	0.070	0.180	0.144
0.131	0.129	0.616	0.124
0.139	0.537	0.183	0.141
0.142	0.596	0.101	0.161
0.150	0.191	0.095	0.564
0.141	0.197	0.217	0.445
