>NNGKCCGCGCGA	11-NNGKCCGCGCGA	7.438905	-31.751017	0	T:191.0(0.37%),B:22.9(0.09%),P:1e-13
0.261	0.334	0.213	0.191
0.248	0.301	0.231	0.221
0.141	0.171	0.432	0.256
0.236	0.061	0.408	0.296
0.211	0.430	0.086	0.272
0.121	0.676	0.132	0.071
0.126	0.072	0.686	0.116
0.166	0.671	0.037	0.126
0.151	0.051	0.667	0.131
0.111	0.699	0.067	0.123
0.206	0.151	0.430	0.213
0.461	0.124	0.233	0.181
