>NGCGCCGCACBB	16-NGCGCCGCACBB,BestGuess:PHO2/PHO2_H2O2Hi/[](Harbison)/Yeast(0.805)	8.519767	-10.917346	0	T:68.0(0.13%),B:9.9(0.04%),P:1e-4
0.193	0.335	0.237	0.235
0.192	0.269	0.440	0.099
0.137	0.556	0.210	0.097
0.114	0.020	0.762	0.104
0.196	0.519	0.096	0.189
0.075	0.669	0.139	0.117
0.126	0.069	0.729	0.076
0.198	0.476	0.137	0.189
0.695	0.031	0.136	0.138
0.129	0.718	0.035	0.118
0.181	0.230	0.365	0.224
0.119	0.346	0.292	0.243
