>TCCGCCCCGCCC	21-TCCGCCCCGCCC	14.429985	-1.214157	0	T:157.0(0.30%),B:70.8(0.28%),P:1e0
0.054	0.157	0.077	0.712
0.033	0.853	0.069	0.045
0.062	0.802	0.062	0.074
0.045	0.060	0.792	0.103
0.023	0.843	0.075	0.059
0.035	0.849	0.051	0.065
0.036	0.874	0.054	0.036
0.026	0.851	0.058	0.065
0.035	0.043	0.839	0.083
0.031	0.873	0.065	0.031
0.027	0.844	0.063	0.066
0.022	0.868	0.058	0.052
