>CGCCGCGGAGCC	25-CGCCGCGGAGCC	13.156248	-0.000000	0	T:43.0(0.08%),B:57.1(0.22%),P:1e0
0.066	0.593	0.285	0.056
0.062	0.228	0.614	0.096
0.045	0.878	0.031	0.046
0.012	0.883	0.083	0.022
0.012	0.001	0.943	0.044
0.025	0.958	0.007	0.010
0.029	0.099	0.850	0.022
0.033	0.090	0.847	0.030
0.733	0.200	0.001	0.066
0.033	0.130	0.752	0.085
0.067	0.560	0.294	0.079
0.069	0.544	0.265	0.122
