>NNCGCGGMCCGA	12-NNCGCGGMCCGA,BestGuess:HINFP(Zf)/K562-HINFP.eGFP-ChIP-Seq(Encode)/Homer(0.756)	7.537714	-29.385792	0	T:137.0(0.26%),B:11.7(0.05%),P:1e-12
0.270	0.253	0.220	0.257
0.239	0.213	0.305	0.243
0.109	0.585	0.175	0.131
0.152	0.132	0.572	0.144
0.109	0.724	0.036	0.131
0.070	0.135	0.690	0.105
0.269	0.053	0.499	0.178
0.282	0.365	0.140	0.213
0.174	0.455	0.180	0.191
0.070	0.698	0.153	0.079
0.165	0.167	0.451	0.217
0.534	0.145	0.107	0.214
