>BSCGCCTCCCGC	23-BSCGCCTCCCGC	9.058423	-0.039990	0	T:1154.0(2.21%),B:612.1(2.41%),P:1e0
0.147	0.323	0.313	0.216
0.122	0.298	0.440	0.140
0.039	0.890	0.058	0.013
0.005	0.006	0.940	0.049
0.123	0.610	0.039	0.228
0.128	0.513	0.190	0.169
0.093	0.001	0.112	0.794
0.206	0.631	0.025	0.138
0.120	0.554	0.186	0.140
0.044	0.735	0.137	0.084
0.101	0.209	0.605	0.085
0.151	0.473	0.245	0.130
