>NNCCCGTCGCBG	19-CVGCGACGGGNN	7.495353	-3.021647	0	T:74.0(0.14%),B:24.5(0.10%),P:1e-1
0.296	0.176	0.272	0.256
0.182	0.263	0.298	0.257
0.258	0.454	0.039	0.250
0.123	0.475	0.233	0.169
0.098	0.582	0.174	0.146
0.182	0.031	0.647	0.140
0.178	0.048	0.018	0.756
0.141	0.727	0.043	0.089
0.119	0.073	0.751	0.057
0.232	0.402	0.129	0.237
0.169	0.353	0.250	0.229
0.178	0.222	0.430	0.170
