>TTTWACCGTCGA	20-TTTWACCGTCGA	9.582687	-1.982622	0	T:5.0(0.01%),B:0.0(0.00%),P:1e0
0.108	0.232	0.131	0.529
0.132	0.171	0.146	0.551
0.099	0.053	0.290	0.558
0.422	0.044	0.027	0.507
0.711	0.112	0.036	0.141
0.133	0.448	0.257	0.162
0.056	0.883	0.039	0.022
0.030	0.065	0.875	0.030
0.150	0.057	0.290	0.503
0.069	0.788	0.031	0.112
0.082	0.171	0.635	0.112
0.512	0.117	0.216	0.155
