>TCGGKCCGCGNN	12-NNCGCGGMCCGA	7.537714	-29.385792	0	T:137.0(0.26%),B:11.7(0.05%),P:1e-12
0.214	0.107	0.145	0.534
0.217	0.451	0.167	0.165
0.079	0.153	0.698	0.070
0.191	0.180	0.455	0.174
0.213	0.140	0.365	0.282
0.178	0.499	0.053	0.269
0.105	0.690	0.135	0.070
0.131	0.036	0.724	0.109
0.144	0.572	0.132	0.152
0.131	0.175	0.585	0.109
0.243	0.305	0.213	0.239
0.257	0.220	0.253	0.270
