>NVCGGYTMCGCG	14-CGCGKARCCGBN	7.708473	-15.859637	0	T:129.0(0.25%),B:21.6(0.08%),P:1e-6
0.195	0.266	0.268	0.271
0.246	0.340	0.234	0.180
0.218	0.616	0.014	0.152
0.139	0.159	0.557	0.145
0.240	0.080	0.482	0.198
0.144	0.436	0.109	0.312
0.116	0.026	0.031	0.827
0.401	0.379	0.075	0.145
0.103	0.637	0.217	0.043
0.103	0.038	0.713	0.146
0.157	0.450	0.211	0.182
0.241	0.147	0.412	0.200
