>GCGGGGGCGGGG	17-GCGGGGGCGGGG	14.435425	-9.245034	0	T:599.0(1.15%),B:218.6(0.86%),P:1e-4
0.053	0.063	0.839	0.045
0.103	0.752	0.074	0.071
0.062	0.091	0.804	0.043
0.053	0.055	0.838	0.054
0.050	0.055	0.876	0.019
0.056	0.052	0.858	0.034
0.041	0.068	0.855	0.036
0.071	0.851	0.022	0.056
0.038	0.045	0.877	0.040
0.049	0.066	0.828	0.057
0.050	0.073	0.835	0.042
0.083	0.088	0.786	0.043
