>TCAGCACTTGGA	10-TCCAAGTGCTGA	12.224025	-48.924303	0	T:159.0(1.02%),B:31.5(0.20%),P:1e-21
0.038	0.094	0.046	0.822
0.016	0.927	0.001	0.056
0.985	0.001	0.001	0.013
0.067	0.001	0.916	0.016
0.011	0.838	0.110	0.041
0.940	0.036	0.001	0.023
0.054	0.555	0.240	0.151
0.171	0.200	0.058	0.571
0.093	0.005	0.155	0.747
0.012	0.001	0.986	0.001
0.127	0.076	0.786	0.011
0.756	0.073	0.110	0.061
