>WNCGCTGTCCND	7-WNCGCTGTCCND	6.873286	-248.799591	0	T:1059.0(6.78%),B:281.7(1.83%),P:1e-108
0.367	0.202	0.185	0.246
0.178	0.257	0.314	0.251
0.109	0.781	0.045	0.065
0.094	0.064	0.780	0.062
0.112	0.616	0.103	0.169
0.105	0.165	0.209	0.521
0.173	0.100	0.591	0.136
0.156	0.105	0.097	0.642
0.195	0.571	0.099	0.135
0.112	0.612	0.177	0.099
0.186	0.268	0.299	0.247
0.269	0.160	0.254	0.316
