>ANAGCKCTAANG	25-CNTTAGMGCTNT	7.835115	-0.283294	0	T:1.0(0.01%),B:1.9(0.01%),P:1e0
0.513	0.004	0.279	0.204
0.219	0.296	0.304	0.181
0.492	0.304	0.145	0.059
0.027	0.139	0.772	0.062
0.042	0.721	0.149	0.088
0.102	0.173	0.327	0.398
0.070	0.713	0.200	0.017
0.073	0.155	0.287	0.486
0.457	0.211	0.208	0.124
0.427	0.221	0.238	0.114
0.221	0.249	0.307	0.224
0.137	0.177	0.427	0.259
