>TCCAAGTGCTGA	10-TCCAAGTGCTGA,BestGuess:NRL/MA0842.1/Jaspar(0.730)	12.224025	-48.924303	0	T:159.0(1.02%),B:31.5(0.20%),P:1e-21
0.061	0.110	0.073	0.756
0.011	0.786	0.076	0.127
0.001	0.986	0.001	0.012
0.747	0.155	0.005	0.093
0.571	0.058	0.200	0.171
0.151	0.240	0.555	0.054
0.023	0.001	0.036	0.940
0.041	0.110	0.838	0.011
0.016	0.916	0.001	0.067
0.013	0.001	0.001	0.985
0.056	0.001	0.927	0.016
0.822	0.046	0.094	0.038
