>CNTTAGMGCTNT	25-CNTTAGMGCTNT,BestGuess:DPL-1(E2F)/cElegans-Adult-ChIP-Seq(modEncode)/Homer(0.686)	7.835115	-0.283294	0	T:1.0(0.01%),B:1.9(0.01%),P:1e0
0.259	0.427	0.177	0.137
0.224	0.307	0.249	0.221
0.114	0.238	0.221	0.427
0.124	0.208	0.211	0.457
0.486	0.287	0.155	0.073
0.017	0.200	0.713	0.070
0.398	0.327	0.173	0.102
0.088	0.149	0.721	0.042
0.062	0.772	0.139	0.027
0.059	0.145	0.304	0.492
0.181	0.304	0.296	0.219
0.204	0.279	0.004	0.513
