>ACTACAATTCCC	23-GGGAATTGTAGT	10.152137	-8.370356	0	T:273.0(1.75%),B:194.9(1.26%),P:1e-3
0.924	0.042	0.017	0.017
0.042	0.881	0.026	0.051
0.034	0.169	0.017	0.780
0.772	0.111	0.053	0.064
0.105	0.876	0.018	0.001
0.914	0.001	0.043	0.042
0.577	0.097	0.169	0.157
0.071	0.240	0.069	0.620
0.008	0.034	0.001	0.957
0.009	0.901	0.026	0.064
0.009	0.878	0.009	0.104
0.001	0.913	0.017	0.069
