>ATTAGAGCTRAA	21-ATTAGAGCTRAA,BestGuess:TBP3/MA1355.1/Jaspar(0.588)	10.034954	-18.841866	0	T:46.0(0.29%),B:7.0(0.05%),P:1e-8
0.478	0.217	0.280	0.024
0.195	0.193	0.118	0.493
0.034	0.055	0.059	0.852
0.599	0.277	0.079	0.045
0.220	0.219	0.400	0.160
0.669	0.013	0.259	0.059
0.217	0.025	0.726	0.032
0.043	0.579	0.045	0.333
0.040	0.019	0.327	0.614
0.486	0.021	0.476	0.017
0.803	0.025	0.031	0.141
0.716	0.026	0.241	0.017
