>TGCGCGCGCGCG	24-TGCGCGCGCGCG	12.330057	-1.995513	0	T:51.0(0.33%),B:39.5(0.26%),P:1e0
0.086	0.093	0.054	0.767
0.029	0.074	0.861	0.036
0.063	0.842	0.028	0.067
0.025	0.048	0.880	0.047
0.029	0.876	0.027	0.068
0.081	0.082	0.787	0.050
0.048	0.787	0.051	0.114
0.064	0.039	0.838	0.059
0.054	0.839	0.050	0.057
0.049	0.067	0.815	0.069
0.035	0.873	0.043	0.049
0.038	0.074	0.838	0.050
