>TTYAGCTCTAAT	21-ATTAGAGCTRAA	10.034954	-18.841866	0	T:46.0(0.29%),B:7.0(0.05%),P:1e-8
0.017	0.241	0.026	0.716
0.141	0.031	0.025	0.803
0.017	0.476	0.021	0.486
0.614	0.327	0.019	0.040
0.333	0.045	0.579	0.043
0.032	0.726	0.025	0.217
0.059	0.259	0.013	0.669
0.160	0.400	0.219	0.220
0.045	0.079	0.277	0.599
0.852	0.059	0.055	0.034
0.493	0.118	0.193	0.195
0.024	0.280	0.217	0.478
