>TGGACAGCTCCC	2-TGGACAGCTCCC	9.598684	-1749.807669	0	T:3887.0(24.87%),B:456.6(2.96%),P:1e-759
0.144	0.114	0.114	0.628
0.030	0.006	0.951	0.013
0.023	0.018	0.943	0.016
0.850	0.073	0.027	0.050
0.034	0.741	0.178	0.047
0.971	0.002	0.015	0.012
0.016	0.018	0.955	0.011
0.098	0.691	0.085	0.126
0.256	0.015	0.268	0.461
0.089	0.689	0.192	0.030
0.035	0.803	0.010	0.152
0.212	0.472	0.074	0.242
