>AAAGAGGAAGTG	1-AAAGAGGAAGTG	7.909953	-8426.308773	0	T:28301.0(73.10%),B:5588.7(21.98%),P:1e-3659	Tpos:201.4,Tstd:50.1,Bpos:507.3,Bstd:344.5,StrandBias:-0.0,Multiplicity:1.16
0.465	0.098	0.216	0.221
0.538	0.079	0.164	0.219
0.497	0.037	0.180	0.286
0.222	0.157	0.571	0.050
0.506	0.154	0.280	0.060
0.140	0.001	0.858	0.001
0.045	0.001	0.953	0.001
0.994	0.001	0.001	0.004
0.969	0.001	0.001	0.029
0.055	0.283	0.654	0.008
0.063	0.132	0.028	0.777
0.109	0.145	0.693	0.053
>TTTCASTTCCYC	2-TTTCASTTCCYC	9.524785	-2721.164989	0	T:8775.0(22.67%),B:824.0(3.24%),P:1e-1181	Tpos:198.5,Tstd:71.1,Bpos:508.6,Bstd:347.7,StrandBias:-0.1,Multiplicity:1.01
0.080	0.115	0.031	0.774
0.065	0.307	0.066	0.562
0.003	0.271	0.001	0.725
0.058	0.779	0.073	0.090
0.685	0.038	0.109	0.168
0.061	0.477	0.334	0.128
0.154	0.026	0.004	0.816
0.039	0.005	0.026	0.930
0.017	0.747	0.002	0.234
0.077	0.663	0.001	0.259
0.133	0.310	0.152	0.405
0.161	0.409	0.190	0.241
>AGGAASTGAAAC	3-AGGAASTGAAAC	10.245154	-2015.308427	0	T:6094.0(15.74%),B:454.3(1.79%),P:1e-875	Tpos:203.5,Tstd:72.2,Bpos:454.7,Bstd:311.8,StrandBias:-0.1,Multiplicity:1.00
0.517	0.031	0.332	0.120
0.180	0.001	0.772	0.047
0.211	0.018	0.743	0.028
0.938	0.002	0.007	0.053
0.831	0.014	0.014	0.141
0.201	0.385	0.318	0.096
0.115	0.085	0.015	0.785
0.072	0.019	0.891	0.018
0.809	0.020	0.153	0.018
0.603	0.082	0.239	0.076
0.823	0.030	0.051	0.096
0.193	0.479	0.281	0.047
>RAAAGAGGAAGY	4-RAAAGAGGAAGY	10.463905	-1920.093997	0	T:7356.0(19.00%),B:896.9(3.53%),P:1e-833	Tpos:203.2,Tstd:70.0,Bpos:497.1,Bstd:334.2,StrandBias:-0.1,Multiplicity:1.01
0.453	0.068	0.426	0.053
0.664	0.025	0.300	0.011
0.812	0.043	0.143	0.002
0.826	0.001	0.086	0.087
0.064	0.259	0.642	0.035
0.602	0.151	0.228	0.019
0.158	0.001	0.838	0.003
0.173	0.001	0.825	0.001
0.997	0.001	0.001	0.001
0.995	0.001	0.003	0.001
0.100	0.293	0.564	0.043
0.089	0.418	0.070	0.424
>BSACTTCCTBYY	5-BSACTTCCTBYY	9.413739	-1888.886534	0	T:8431.0(21.78%),B:1297.8(5.11%),P:1e-820	Tpos:205.5,Tstd:78.8,Bpos:547.7,Bstd:345.6,StrandBias:-0.0,Multiplicity:1.03
0.054	0.355	0.250	0.342
0.158	0.395	0.252	0.195
0.625	0.001	0.357	0.017
0.001	0.627	0.137	0.235
0.001	0.001	0.001	0.997
0.001	0.001	0.001	0.997
0.001	0.997	0.001	0.001
0.001	0.997	0.001	0.001
0.001	0.199	0.157	0.643
0.029	0.403	0.313	0.255
0.056	0.370	0.147	0.426
0.063	0.447	0.190	0.300
>GGAASTGAAASY	6-GGAASTGAAASY	10.526981	-1831.274873	0	T:5391.0(13.93%),B:366.4(1.44%),P:1e-795	Tpos:200.8,Tstd:53.0,Bpos:472.3,Bstd:319.4,StrandBias:0.0,Multiplicity:1.02
0.291	0.004	0.645	0.060
0.221	0.013	0.753	0.013
0.949	0.003	0.017	0.031
0.877	0.007	0.015	0.101
0.148	0.398	0.406	0.049
0.099	0.061	0.041	0.799
0.019	0.006	0.964	0.011
0.907	0.012	0.072	0.009
0.726	0.037	0.193	0.044
0.935	0.012	0.030	0.023
0.125	0.467	0.338	0.070
0.139	0.318	0.082	0.460
>AGTTTCAGTTCC	7-AGTTTCAGTTCC	10.459270	-1489.402848	0	T:4812.0(12.43%),B:401.0(1.58%),P:1e-646	Tpos:201.4,Tstd:64.3,Bpos:539.7,Bstd:295.8,StrandBias:0.1,Multiplicity:1.01
0.497	0.001	0.281	0.220
0.057	0.259	0.564	0.120
0.028	0.022	0.001	0.949
0.043	0.197	0.001	0.759
0.007	0.080	0.001	0.912
0.001	0.956	0.014	0.029
0.626	0.036	0.075	0.263
0.083	0.306	0.497	0.114
0.137	0.017	0.004	0.842
0.095	0.044	0.003	0.858
0.029	0.685	0.008	0.278
0.088	0.640	0.001	0.271
>GAAGTGAAACTG	8-GAAGTGAAACTG	11.157145	-490.338522	0	T:2016.0(5.21%),B:242.8(0.95%),P:1e-212	Tpos:210.9,Tstd:81.8,Bpos:482.2,Bstd:325.6,StrandBias:0.3,Multiplicity:1.01
0.278	0.037	0.635	0.050
0.958	0.003	0.008	0.031
0.787	0.001	0.011	0.201
0.200	0.189	0.482	0.129
0.089	0.017	0.058	0.836
0.016	0.006	0.974	0.004
0.964	0.007	0.027	0.002
0.831	0.014	0.102	0.053
0.908	0.001	0.049	0.042
0.077	0.651	0.239	0.033
0.097	0.120	0.001	0.782
0.235	0.069	0.510	0.186
>GSAGAASTGAAA	9-GSAGAASTGAAA	11.165213	-416.303485	0	T:1743.0(4.50%),B:214.5(0.84%),P:1e-180	Tpos:194.2,Tstd:66.9,Bpos:490.3,Bstd:330.4,StrandBias:-0.1,Multiplicity:1.01
0.259	0.045	0.447	0.249
0.122	0.411	0.324	0.142
0.788	0.001	0.020	0.191
0.126	0.001	0.872	0.001
0.983	0.001	0.001	0.015
0.898	0.001	0.044	0.057
0.084	0.419	0.449	0.048
0.114	0.049	0.058	0.779
0.001	0.009	0.953	0.037
0.710	0.004	0.173	0.113
0.674	0.026	0.265	0.035
0.972	0.001	0.008	0.019
>WRGTTTCAGTTC	10-WRGTTTCAGTTC	11.087492	-378.692924	0	T:1282.0(3.31%),B:107.0(0.42%),P:1e-164	Tpos:211.6,Tstd:95.4,Bpos:503.0,Bstd:320.5,StrandBias:0.2,Multiplicity:1.01
0.357	0.001	0.169	0.473
0.385	0.001	0.459	0.154
0.043	0.287	0.526	0.144
0.006	0.001	0.001	0.992
0.028	0.116	0.001	0.855
0.113	0.108	0.016	0.763
0.001	0.995	0.001	0.003
0.791	0.001	0.038	0.170
0.071	0.265	0.505	0.159
0.158	0.075	0.005	0.762
0.030	0.038	0.016	0.916
0.037	0.550	0.057	0.356
>AARSAGAASTGA	11-AARSAGAASTGA	10.690234	-358.450778	0	T:1853.0(4.79%),B:300.0(1.18%),P:1e-155	Tpos:205.9,Tstd:87.6,Bpos:521.7,Bstd:313.3,StrandBias:0.2,Multiplicity:1.00
0.650	0.128	0.047	0.175
0.555	0.001	0.115	0.329
0.410	0.023	0.485	0.082
0.001	0.547	0.433	0.019
0.895	0.001	0.001	0.103
0.041	0.001	0.957	0.001
0.989	0.009	0.001	0.001
0.870	0.001	0.038	0.091
0.130	0.382	0.463	0.025
0.071	0.038	0.001	0.890
0.060	0.046	0.766	0.128
0.455	0.029	0.303	0.213
>AAATGAGGAAGC	12-AAATGAGGAAGC	11.422893	-236.526046	0	T:760.0(1.96%),B:56.1(0.22%),P:1e-102	Tpos:202.2,Tstd:62.3,Bpos:471.6,Bstd:356.7,StrandBias:0.5,Multiplicity:1.00
0.756	0.083	0.098	0.063
0.765	0.070	0.095	0.070
0.761	0.079	0.095	0.065
0.154	0.045	0.103	0.698
0.071	0.097	0.760	0.072
0.764	0.062	0.098	0.076
0.093	0.046	0.778	0.083
0.121	0.070	0.739	0.070
0.761	0.112	0.064	0.063
0.822	0.032	0.071	0.075
0.097	0.096	0.732	0.075
0.116	0.663	0.105	0.116
>RAAAGCAGAAST	13-RAAAGCAGAAST	11.527401	-148.539873	0	T:430.0(1.11%),B:24.6(0.10%),P:1e-64	Tpos:199.7,Tstd:51.2,Bpos:366.1,Bstd:229.4,StrandBias:-0.2,Multiplicity:1.00
0.417	0.089	0.359	0.135
0.686	0.007	0.213	0.094
0.786	0.050	0.108	0.056
0.679	0.003	0.104	0.214
0.236	0.130	0.453	0.181
0.105	0.578	0.306	0.011
0.843	0.002	0.005	0.150
0.014	0.004	0.977	0.005
0.973	0.009	0.009	0.009
0.909	0.010	0.015	0.066
0.118	0.335	0.473	0.074
0.143	0.278	0.069	0.510
>KGCTTCCYCTTT	14-KGCTTCCYCTTT	10.637324	-105.767385	0	T:643.0(1.66%),B:122.3(0.48%),P:1e-45	Tpos:207.9,Tstd:68.0,Bpos:527.0,Bstd:353.1,StrandBias:0.5,Multiplicity:1.00
0.195	0.001	0.394	0.410
0.186	0.089	0.634	0.091
0.010	0.470	0.305	0.215
0.001	0.001	0.001	0.997
0.001	0.001	0.011	0.987
0.001	0.685	0.007	0.307
0.005	0.789	0.001	0.205
0.105	0.306	0.170	0.419
0.052	0.641	0.177	0.130
0.200	0.129	0.001	0.670
0.009	0.143	0.105	0.743
0.059	0.327	0.013	0.601
>CCTTATTTGAAC	15-CCTTATTTGAAC	13.838294	-33.801700	0	T:106.0(0.27%),B:8.2(0.03%),P:1e-14	Tpos:187.6,Tstd:64.3,Bpos:577.6,Bstd:414.3,StrandBias:-0.3,Multiplicity:1.00
0.001	0.997	0.001	0.001
0.001	0.997	0.001	0.001
0.001	0.001	0.001	0.997
0.001	0.049	0.001	0.949
0.939	0.031	0.021	0.009
0.001	0.001	0.001	0.997
0.001	0.001	0.001	0.997
0.001	0.001	0.001	0.997
0.077	0.001	0.921	0.001
0.978	0.020	0.001	0.001
0.997	0.001	0.001	0.001
0.019	0.928	0.001	0.052
>YTGGTTTCAGTT	16-YTGGTTTCAGTT	9.628793	-29.074946	0	T:321.0(0.83%),B:95.8(0.38%),P:1e-12	Tpos:195.0,Tstd:89.5,Bpos:545.1,Bstd:312.2,StrandBias:0.1,Multiplicity:1.00
0.176	0.340	0.172	0.313
0.291	0.001	0.028	0.680
0.181	0.001	0.588	0.230
0.059	0.289	0.440	0.212
0.012	0.135	0.006	0.847
0.052	0.108	0.103	0.737
0.257	0.121	0.142	0.480
0.042	0.808	0.091	0.059
0.737	0.001	0.001	0.261
0.074	0.142	0.632	0.152
0.084	0.312	0.120	0.483
0.166	0.234	0.023	0.577
>CTGAAACTGAAA	17-CTGAAACTGAAA	11.373115	-14.117929	0	T:70.0(0.18%),B:12.3(0.05%),P:1e-6	Tpos:180.1,Tstd:94.8,Bpos:521.0,Bstd:272.4,StrandBias:-0.2,Multiplicity:1.00
0.090	0.690	0.114	0.106
0.126	0.046	0.056	0.772
0.094	0.087	0.742	0.077
0.780	0.064	0.074	0.082
0.751	0.075	0.097	0.077
0.768	0.067	0.084	0.081
0.109	0.699	0.109	0.083
0.118	0.051	0.051	0.780
0.070	0.087	0.758	0.085
0.761	0.072	0.090	0.077
0.741	0.082	0.111	0.066
0.757	0.074	0.087	0.082
>AGTSAGTTCTCA	18-AGTSAGTTCTCA	11.463039	-10.785336	0	T:236.0(0.61%),B:95.4(0.38%),P:1e-4	Tpos:201.6,Tstd:71.2,Bpos:465.2,Bstd:367.8,StrandBias:-0.1,Multiplicity:1.01
0.681	0.002	0.028	0.289
0.140	0.255	0.516	0.089
0.072	0.004	0.066	0.858
0.055	0.401	0.502	0.042
0.779	0.028	0.052	0.141
0.124	0.260	0.418	0.198
0.132	0.093	0.076	0.699
0.052	0.013	0.051	0.884
0.029	0.652	0.025	0.294
0.152	0.093	0.002	0.753
0.039	0.709	0.180	0.072
0.860	0.014	0.001	0.125
>GYCTCAGGAAAC	19-GYCTCAGGAAAC	13.244919	-10.207107	0	T:246.0(0.64%),B:102.0(0.40%),P:1e-4	Tpos:196.1,Tstd:86.0,Bpos:520.0,Bstd:347.4,StrandBias:0.3,Multiplicity:1.00
0.171	0.009	0.674	0.146
0.046	0.518	0.045	0.391
0.004	0.657	0.009	0.330
0.133	0.091	0.005	0.771
0.001	0.819	0.021	0.159
0.900	0.007	0.027	0.066
0.039	0.001	0.927	0.033
0.222	0.001	0.769	0.008
0.916	0.012	0.067	0.005
0.885	0.001	0.012	0.102
0.997	0.001	0.001	0.001
0.001	0.893	0.001	0.105
>CAATTAAACYYC	20-CAATTAAACYYC	12.037894	-8.003516	0	T:392.0(1.01%),B:191.5(0.75%),P:1e-3	Tpos:191.2,Tstd:123.7,Bpos:448.4,Bstd:327.6,StrandBias:-0.2,Multiplicity:1.00
0.001	0.997	0.001	0.001
0.969	0.001	0.001	0.029
0.835	0.062	0.001	0.102
0.072	0.049	0.001	0.878
0.001	0.001	0.001	0.997
0.947	0.037	0.001	0.015
0.947	0.025	0.012	0.016
0.931	0.039	0.029	0.001
0.064	0.756	0.051	0.129
0.030	0.533	0.020	0.417
0.001	0.427	0.001	0.571
0.001	0.744	0.047	0.208
>GTTCTCATGAGA	21-GTTCTCATGAGA	12.778208	-7.630211	0	T:129.0(0.33%),B:49.9(0.20%),P:1e-3	Tpos:195.9,Tstd:60.1,Bpos:496.3,Bstd:372.3,StrandBias:0.2,Multiplicity:1.01
0.096	0.060	0.755	0.089
0.217	0.048	0.050	0.685
0.027	0.042	0.031	0.900
0.040	0.853	0.051	0.056
0.087	0.058	0.018	0.837
0.037	0.785	0.090	0.088
0.673	0.042	0.259	0.026
0.060	0.172	0.058	0.710
0.096	0.046	0.828	0.030
0.797	0.007	0.110	0.086
0.068	0.044	0.767	0.121
0.870	0.051	0.052	0.027
>TGACTCACAGTK	22-TGACTCACAGTK	8.895750	-6.842097	0	T:191.0(0.49%),B:84.6(0.33%),P:1e-2	Tpos:202.4,Tstd:110.3,Bpos:545.4,Bstd:317.5,StrandBias:0.2,Multiplicity:1.00
0.197	0.070	0.126	0.607
0.165	0.173	0.463	0.199
0.544	0.106	0.129	0.221
0.131	0.432	0.224	0.214
0.098	0.059	0.038	0.805
0.058	0.583	0.180	0.179
0.538	0.047	0.030	0.385
0.122	0.480	0.313	0.085
0.638	0.051	0.042	0.269
0.160	0.153	0.421	0.266
0.185	0.151	0.141	0.523
0.201	0.172	0.240	0.387
>GAGACTGGGTAA	23-GAGACTGGGTAA	12.742150	-3.954967	0	T:257.0(0.66%),B:135.7(0.53%),P:1e-1	Tpos:189.1,Tstd:140.3,Bpos:527.6,Bstd:307.4,StrandBias:0.5,Multiplicity:1.00
0.023	0.073	0.850	0.054
0.990	0.008	0.001	0.001
0.197	0.001	0.741	0.061
0.846	0.001	0.152	0.001
0.001	0.830	0.091	0.078
0.001	0.099	0.009	0.891
0.102	0.001	0.821	0.076
0.212	0.034	0.712	0.042
0.071	0.001	0.876	0.052
0.001	0.138	0.064	0.797
0.840	0.001	0.158	0.001
0.810	0.001	0.174	0.015
>WGGRARRTGAHT	24-WGGRARRTGAHT	9.098654	-2.505536	0	T:217.0(0.56%),B:121.9(0.48%),P:1e-1	Tpos:197.2,Tstd:106.5,Bpos:520.9,Bstd:348.3,StrandBias:-0.1,Multiplicity:1.00
0.339	0.026	0.154	0.481
0.269	0.025	0.459	0.247
0.382	0.023	0.560	0.035
0.374	0.133	0.471	0.023
0.903	0.026	0.036	0.035
0.525	0.021	0.383	0.071
0.397	0.036	0.532	0.035
0.079	0.030	0.228	0.663
0.264	0.166	0.493	0.076
0.700	0.044	0.042	0.214
0.305	0.304	0.041	0.350
0.281	0.029	0.035	0.655
>HNTNHMASTTTC	25-HNTNHMASTTTC	9.718637	-0.685634	0	T:15.0(0.04%),B:9.4(0.04%),P:1e0	Tpos:205.3,Tstd:91.3,Bpos:448.4,Bstd:422.4,StrandBias:-0.4,Multiplicity:1.00
0.286	0.307	0.054	0.352
0.266	0.272	0.217	0.245
0.079	0.049	0.061	0.811
0.187	0.270	0.289	0.254
0.366	0.367	0.013	0.255
0.472	0.482	0.019	0.027
0.834	0.050	0.052	0.064
0.018	0.542	0.420	0.020
0.045	0.045	0.024	0.886
0.035	0.052	0.040	0.873
0.025	0.074	0.048	0.853
0.051	0.837	0.054	0.058
