>CACTTCCT	1-CACTTCCT	9.156446	-3792.587388	0	T:16892.0(43.63%),B:3151.2(12.40%),P:1e-1647	Tpos:200.8,Tstd:51.0,Bpos:503.8,Bstd:351.7,StrandBias:0.0,Multiplicity:1.10
0.001	0.980	0.013	0.006
0.987	0.001	0.011	0.001
0.001	0.982	0.011	0.006
0.001	0.001	0.001	0.997
0.001	0.001	0.001	0.997
0.001	0.997	0.001	0.001
0.001	0.954	0.001	0.044
0.001	0.223	0.161	0.615
>ACTTCCBC	2-ACTTCCBC	8.210230	-2368.031739	0	T:13266.0(34.27%),B:2836.4(11.16%),P:1e-1028	Tpos:200.6,Tstd:74.7,Bpos:516.3,Bstd:351.0,StrandBias:0.1,Multiplicity:1.02
0.586	0.032	0.381	0.001
0.001	0.528	0.278	0.193
0.001	0.001	0.001	0.997
0.001	0.001	0.001	0.997
0.001	0.997	0.001	0.001
0.001	0.885	0.001	0.113
0.001	0.363	0.278	0.359
0.007	0.744	0.167	0.082
>GAGGAAGT	3-GAGGAAGT	8.823420	-2056.255814	0	T:9030.0(23.32%),B:1380.3(5.43%),P:1e-893	Tpos:202.0,Tstd:71.9,Bpos:509.6,Bstd:366.2,StrandBias:0.1,Multiplicity:1.03
0.171	0.169	0.591	0.069
0.458	0.232	0.258	0.052
0.143	0.016	0.824	0.017
0.082	0.006	0.877	0.035
0.980	0.006	0.008	0.006
0.944	0.022	0.006	0.028
0.109	0.182	0.659	0.050
0.006	0.115	0.010	0.869
>GGAASTGR	4-GGAASTGR	6.261803	-1918.138413	0	T:20001.0(51.66%),B:6944.1(27.32%),P:1e-833	Tpos:200.4,Tstd:108.1,Bpos:503.9,Bstd:335.8,StrandBias:-0.1,Multiplicity:1.05
0.312	0.025	0.662	0.001
0.207	0.210	0.421	0.162
0.987	0.004	0.001	0.008
0.935	0.009	0.001	0.055
0.131	0.458	0.410	0.001
0.067	0.173	0.117	0.643
0.140	0.151	0.590	0.119
0.364	0.167	0.348	0.121
>AGAAGTGA	5-AGAAGTGA	9.669516	-1476.098400	0	T:10649.0(27.51%),B:2642.2(10.39%),P:1e-641	Tpos:201.3,Tstd:79.3,Bpos:504.5,Bstd:349.3,StrandBias:-0.0,Multiplicity:1.04
0.686	0.001	0.312	0.001
0.001	0.001	0.997	0.001
0.997	0.001	0.001	0.001
0.997	0.001	0.001	0.001
0.001	0.121	0.877	0.001
0.001	0.001	0.001	0.997
0.001	0.001	0.997	0.001
0.896	0.001	0.102	0.001
>ABTTCCYC	6-ABTTCCYC	8.633300	-1430.223261	0	T:10988.0(28.38%),B:2857.0(11.24%),P:1e-621	Tpos:199.9,Tstd:97.6,Bpos:506.5,Bstd:338.2,StrandBias:0.0,Multiplicity:1.03
0.667	0.001	0.331	0.001
0.001	0.402	0.258	0.339
0.001	0.001	0.001	0.997
0.001	0.001	0.001	0.997
0.001	0.968	0.001	0.030
0.001	0.960	0.001	0.038
0.001	0.426	0.064	0.509
0.087	0.806	0.106	0.001
>TTCCTCTT	7-TTCCTCTT	9.500255	-608.670385	0	T:8230.0(21.26%),B:2778.7(10.93%),P:1e-264	Tpos:201.8,Tstd:65.5,Bpos:513.8,Bstd:345.2,StrandBias:-0.0,Multiplicity:1.08
0.001	0.001	0.001	0.997
0.001	0.001	0.001	0.997
0.003	0.975	0.001	0.021
0.001	0.880	0.001	0.118
0.001	0.155	0.258	0.586
0.004	0.964	0.018	0.014
0.007	0.001	0.002	0.990
0.003	0.017	0.009	0.971
>CASTTCCC	8-CASTTCCC	8.570932	-546.113028	0	T:7610.0(19.66%),B:2586.0(10.17%),P:1e-237	Tpos:199.8,Tstd:93.6,Bpos:483.0,Bstd:337.2,StrandBias:-0.1,Multiplicity:1.01
0.060	0.703	0.177	0.060
0.901	0.001	0.097	0.001
0.001	0.469	0.458	0.073
0.001	0.001	0.001	0.997
0.001	0.001	0.001	0.997
0.043	0.774	0.048	0.135
0.001	0.695	0.001	0.303
0.107	0.519	0.235	0.139
>CYCASTTC	9-CYCASTTC	7.048341	-444.739849	0	T:22933.0(59.24%),B:12024.8(47.30%),P:1e-193	Tpos:201.4,Tstd:104.6,Bpos:506.1,Bstd:341.4,StrandBias:-0.0,Multiplicity:1.14
0.045	0.521	0.157	0.277
0.246	0.314	0.038	0.402
0.001	0.997	0.001	0.001
0.997	0.001	0.001	0.001
0.001	0.457	0.433	0.109
0.033	0.001	0.001	0.965
0.012	0.001	0.001	0.986
0.028	0.755	0.023	0.194
>TCAGTTCC	10-TCAGTTCC	10.597592	-419.897523	0	T:3963.0(10.24%),B:1071.6(4.22%),P:1e-182	Tpos:201.0,Tstd:56.6,Bpos:508.9,Bstd:345.8,StrandBias:0.0,Multiplicity:1.03
0.001	0.001	0.001	0.997
0.001	0.997	0.001	0.001
0.975	0.001	0.023	0.001
0.001	0.190	0.638	0.171
0.001	0.001	0.001	0.997
0.001	0.001	0.001	0.997
0.001	0.997	0.001	0.001
0.001	0.997	0.001	0.001
>MGGAACTG	11-MGGAACTG	9.307861	-284.684780	0	T:4413.0(11.40%),B:1525.0(6.00%),P:1e-123	Tpos:202.9,Tstd:75.3,Bpos:492.8,Bstd:362.3,StrandBias:-0.1,Multiplicity:1.02
0.445	0.314	0.240	0.001
0.054	0.001	0.899	0.046
0.001	0.001	0.997	0.001
0.997	0.001	0.001	0.001
0.997	0.001	0.001	0.001
0.218	0.593	0.188	0.001
0.001	0.110	0.010	0.879
0.001	0.146	0.814	0.039
>TTCCYSTT	12-TTCCYSTT	9.563303	-40.603224	0	T:3567.0(9.21%),B:1851.7(7.28%),P:1e-17	Tpos:200.5,Tstd:90.2,Bpos:515.5,Bstd:335.3,StrandBias:-0.0,Multiplicity:1.04
0.001	0.001	0.001	0.997
0.001	0.001	0.001	0.997
0.001	0.985	0.001	0.013
0.007	0.986	0.006	0.001
0.001	0.526	0.045	0.428
0.001	0.413	0.539	0.047
0.004	0.007	0.001	0.988
0.004	0.008	0.001	0.987
>ASCGGAAG	13-ASCGGAAG	9.417245	-22.280003	0	T:988.0(2.55%),B:460.5(1.81%),P:1e-9	Tpos:200.3,Tstd:92.5,Bpos:505.0,Bstd:357.5,StrandBias:0.0,Multiplicity:1.05
0.997	0.001	0.001	0.001
0.001	0.525	0.473	0.001
0.124	0.739	0.136	0.001
0.001	0.001	0.997	0.001
0.001	0.001	0.997	0.001
0.997	0.001	0.001	0.001
0.997	0.001	0.001	0.001
0.245	0.209	0.545	0.001
>RAGAGGAA	14-RAGAGGAA	6.534229	-19.299929	0	T:20056.0(51.81%),B:12577.2(49.48%),P:1e-8	Tpos:202.4,Tstd:104.1,Bpos:501.7,Bstd:344.8,StrandBias:0.0,Multiplicity:1.12
0.365	0.186	0.307	0.142
0.952	0.001	0.046	0.001
0.001	0.001	0.997	0.001
0.635	0.001	0.363	0.001
0.001	0.001	0.997	0.001
0.001	0.001	0.997	0.001
0.997	0.001	0.001	0.001
0.997	0.001	0.001	0.001
>CASTTCCK	15-CASTTCCK	7.001401	-13.919080	0	T:375.0(0.97%),B:158.9(0.62%),P:1e-6	Tpos:210.6,Tstd:85.6,Bpos:539.1,Bstd:309.8,StrandBias:0.2,Multiplicity:1.00
0.175	0.447	0.226	0.152
0.592	0.106	0.175	0.127
0.048	0.410	0.451	0.091
0.038	0.034	0.036	0.892
0.058	0.042	0.054	0.846
0.113	0.616	0.079	0.192
0.097	0.757	0.062	0.084
0.108	0.199	0.399	0.294
>AGTTCCCC	16-AGTTCCCC	8.584491	-12.573992	0	T:1339.0(3.46%),B:717.4(2.82%),P:1e-5	Tpos:204.3,Tstd:89.8,Bpos:503.5,Bstd:352.4,StrandBias:-0.0,Multiplicity:1.02
0.758	0.019	0.165	0.058
0.078	0.283	0.456	0.183
0.042	0.007	0.012	0.939
0.012	0.027	0.001	0.960
0.069	0.801	0.022	0.108
0.028	0.836	0.025	0.111
0.034	0.637	0.108	0.221
0.157	0.614	0.056	0.173
>TCCKCTTT	17-TCCKCTTT	8.579523	-8.661538	0	T:362.0(0.94%),B:171.5(0.67%),P:1e-3	Tpos:175.0,Tstd:115.1,Bpos:506.7,Bstd:364.5,StrandBias:-0.1,Multiplicity:1.00
0.087	0.031	0.044	0.838
0.026	0.817	0.057	0.100
0.059	0.838	0.024	0.079
0.127	0.164	0.412	0.297
0.041	0.757	0.131	0.071
0.107	0.056	0.038	0.799
0.029	0.020	0.026	0.925
0.091	0.217	0.078	0.614
>TGAGTCAT	18-TGAGTCAT	10.233927	-1.073017	0	T:1219.0(3.15%),B:785.5(3.09%),P:1e0	Tpos:202.0,Tstd:94.4,Bpos:504.1,Bstd:325.4,StrandBias:0.2,Multiplicity:1.02
0.001	0.005	0.001	0.993
0.019	0.034	0.905	0.042
0.967	0.017	0.015	0.001
0.049	0.159	0.744	0.048
0.023	0.001	0.001	0.975
0.032	0.942	0.025	0.001
0.977	0.001	0.004	0.018
0.069	0.099	0.100	0.732
>TTTCCGTT	19-TTTCCGTT	8.396188	-0.000000	0	T:257.0(0.66%),B:272.9(1.07%),P:1e0	Tpos:196.8,Tstd:104.7,Bpos:546.5,Bstd:354.3,StrandBias:-0.2,Multiplicity:1.00
0.001	0.136	0.001	0.862
0.136	0.001	0.001	0.862
0.001	0.399	0.001	0.599
0.001	0.796	0.202	0.001
0.139	0.627	0.233	0.001
0.001	0.374	0.558	0.067
0.001	0.001	0.001	0.997
0.061	0.070	0.322	0.547
>CAGTTYCC	20-CAGTTYCC	7.296705	-0.000000	0	T:12009.0(31.02%),B:8435.6(33.18%),P:1e0	Tpos:203.4,Tstd:114.0,Bpos:517.1,Bstd:348.9,StrandBias:-0.1,Multiplicity:1.05
0.038	0.726	0.180	0.056
0.944	0.001	0.054	0.001
0.001	0.346	0.602	0.051
0.001	0.001	0.001	0.997
0.001	0.001	0.001	0.997
0.025	0.533	0.045	0.397
0.166	0.775	0.036	0.023
0.165	0.833	0.001	0.001
>AGAGGAAM	21-AGAGGAAM	8.300215	-0.000000	0	T:10228.0(26.42%),B:7801.2(30.69%),P:1e0	Tpos:201.6,Tstd:106.3,Bpos:509.2,Bstd:343.8,StrandBias:-0.0,Multiplicity:1.09
0.502	0.059	0.153	0.286
0.001	0.083	0.915	0.001
0.662	0.001	0.336	0.001
0.001	0.039	0.959	0.001
0.001	0.001	0.997	0.001
0.997	0.001	0.001	0.001
0.997	0.001	0.001	0.001
0.470	0.373	0.156	0.001
>GAGGAAAA	22-GAGGAAAA	7.792533	-0.000000	0	T:6726.0(17.37%),B:7263.2(28.57%),P:1e0	Tpos:200.7,Tstd:113.7,Bpos:508.9,Bstd:353.0,StrandBias:0.0,Multiplicity:1.04
0.001	0.001	0.997	0.001
0.997	0.001	0.001	0.001
0.001	0.001	0.997	0.001
0.001	0.001	0.997	0.001
0.997	0.001	0.001	0.001
0.997	0.001	0.001	0.001
0.804	0.194	0.001	0.001
0.523	0.194	0.282	0.001
>CAGTTCTG	23-CAGTTCTG	8.614771	-0.000000	0	T:4840.0(12.50%),B:4051.1(15.94%),P:1e0	Tpos:201.6,Tstd:103.1,Bpos:514.9,Bstd:343.4,StrandBias:-0.0,Multiplicity:1.02
0.001	0.997	0.001	0.001
0.997	0.001	0.001	0.001
0.001	0.296	0.702	0.001
0.001	0.001	0.001	0.997
0.001	0.001	0.001	0.997
0.001	0.997	0.001	0.001
0.001	0.001	0.001	0.997
0.106	0.001	0.771	0.122
>CCACTTCT	24-CCACTTCT	10.436025	-0.000000	0	T:1641.0(4.24%),B:1403.4(5.52%),P:1e0	Tpos:194.7,Tstd:90.0,Bpos:543.0,Bstd:383.6,StrandBias:-0.1,Multiplicity:1.01
0.001	0.997	0.001	0.001
0.001	0.997	0.001	0.001
0.997	0.001	0.001	0.001
0.001	0.818	0.180	0.001
0.001	0.001	0.001	0.997
0.001	0.001	0.001	0.997
0.001	0.997	0.001	0.001
0.300	0.001	0.052	0.647
>AGTTTCCT	25-AGTTTCCT	7.164694	-0.000000	0	T:6859.0(17.72%),B:6818.3(26.82%),P:1e0	Tpos:199.9,Tstd:110.3,Bpos:501.5,Bstd:344.4,StrandBias:-0.0,Multiplicity:1.03
0.997	0.001	0.001	0.001
0.001	0.001	0.997	0.001
0.001	0.001	0.001	0.997
0.001	0.001	0.001	0.997
0.001	0.161	0.001	0.837
0.001	0.997	0.001	0.001
0.001	0.997	0.001	0.001
0.266	0.177	0.024	0.533
