>AGAGGAAGTG	1-AGAGGAAGTG	7.998697	-6373.487687	0	T:24017.0(62.04%),B:4594.2(18.07%),P:1e-2767	Tpos:201.2,Tstd:50.1,Bpos:504.7,Bstd:344.5,StrandBias:-0.0,Multiplicity:1.13
0.513	0.020	0.180	0.287
0.228	0.152	0.589	0.031
0.515	0.140	0.326	0.019
0.071	0.001	0.927	0.001
0.008	0.001	0.990	0.001
0.997	0.001	0.001	0.001
0.986	0.001	0.001	0.012
0.067	0.208	0.724	0.001
0.023	0.049	0.002	0.926
0.048	0.105	0.827	0.020
>CACTTCCBCT	2-CACTTCCBCT	7.574868	-6124.225766	0	T:23942.0(61.84%),B:4748.1(18.68%),P:1e-2659	Tpos:202.2,Tstd:85.8,Bpos:499.7,Bstd:352.3,StrandBias:0.0,Multiplicity:1.03
0.151	0.449	0.235	0.165
0.654	0.001	0.296	0.049
0.001	0.571	0.260	0.168
0.001	0.001	0.001	0.997
0.001	0.001	0.001	0.997
0.001	0.950	0.001	0.048
0.001	0.827	0.001	0.171
0.054	0.275	0.262	0.409
0.089	0.456	0.222	0.233
0.246	0.244	0.099	0.411
>AASVGGAAST	3-AASVGGAAST	7.779631	-3748.767282	0	T:16737.0(43.23%),B:3118.5(12.27%),P:1e-1628	Tpos:205.0,Tstd:84.7,Bpos:509.6,Bstd:351.6,StrandBias:0.1,Multiplicity:1.04
0.446	0.164	0.226	0.163
0.539	0.102	0.197	0.162
0.190	0.333	0.416	0.061
0.365	0.357	0.239	0.039
0.108	0.001	0.890	0.001
0.136	0.001	0.862	0.001
0.997	0.001	0.001	0.001
0.955	0.001	0.001	0.043
0.156	0.367	0.476	0.001
0.054	0.279	0.039	0.628
>YCASTTCCBB	4-YCASTTCCBB	8.017051	-3319.014584	0	T:10476.0(27.06%),B:997.1(3.92%),P:1e-1441	Tpos:203.9,Tstd:63.6,Bpos:580.7,Bstd:378.3,StrandBias:0.1,Multiplicity:1.01
0.164	0.256	0.208	0.372
0.102	0.518	0.236	0.144
0.730	0.001	0.231	0.038
0.001	0.450	0.344	0.204
0.001	0.001	0.001	0.997
0.002	0.001	0.001	0.996
0.020	0.787	0.001	0.192
0.001	0.771	0.001	0.227
0.115	0.297	0.261	0.327
0.133	0.380	0.252	0.235
>GGAASTGAAA	5-GGAASTGAAA	8.842621	-2663.690214	0	T:13327.0(34.42%),B:2575.2(10.13%),P:1e-1156	Tpos:200.6,Tstd:81.0,Bpos:503.0,Bstd:338.5,StrandBias:0.1,Multiplicity:1.04
0.205	0.012	0.766	0.017
0.203	0.005	0.784	0.008
0.973	0.001	0.001	0.025
0.889	0.001	0.001	0.109
0.098	0.367	0.486	0.048
0.088	0.113	0.001	0.798
0.001	0.001	0.990	0.008
0.691	0.025	0.188	0.096
0.528	0.080	0.293	0.099
0.740	0.028	0.035	0.197
>AASAGGAAGT	6-AASAGGAAGT	8.459872	-2299.809867	0	T:8101.0(20.93%),B:878.3(3.46%),P:1e-998	Tpos:193.8,Tstd:79.1,Bpos:485.7,Bstd:324.2,StrandBias:0.5,Multiplicity:1.01
0.488	0.169	0.231	0.111
0.531	0.079	0.203	0.187
0.179	0.383	0.384	0.054
0.424	0.251	0.209	0.115
0.041	0.001	0.957	0.001
0.202	0.010	0.787	0.001
0.995	0.003	0.001	0.001
0.953	0.001	0.001	0.045
0.176	0.283	0.513	0.028
0.063	0.279	0.041	0.617
>GGAASTGRDA	7-GGAASTGRDA	8.029935	-2295.011684	0	T:10409.0(26.89%),B:1704.1(6.70%),P:1e-996	Tpos:199.0,Tstd:90.8,Bpos:533.2,Bstd:312.3,StrandBias:0.0,Multiplicity:1.01
0.276	0.001	0.586	0.137
0.231	0.067	0.701	0.001
0.936	0.019	0.001	0.044
0.916	0.001	0.001	0.082
0.157	0.404	0.400	0.039
0.094	0.138	0.001	0.767
0.100	0.001	0.898	0.001
0.400	0.079	0.271	0.250
0.269	0.176	0.339	0.215
0.468	0.141	0.143	0.249
>ACTTCCBSTT	8-ACTTCCBSTT	8.040988	-2205.775666	0	T:7180.0(18.55%),B:653.0(2.57%),P:1e-957	Tpos:204.6,Tstd:76.6,Bpos:509.0,Bstd:311.3,StrandBias:-0.0,Multiplicity:1.01
0.598	0.050	0.313	0.039
0.048	0.473	0.313	0.166
0.056	0.001	0.001	0.942
0.001	0.001	0.001	0.997
0.001	0.803	0.001	0.195
0.001	0.997	0.001	0.001
0.047	0.279	0.374	0.300
0.076	0.361	0.361	0.203
0.210	0.174	0.134	0.481
0.196	0.227	0.173	0.404
>ACTTCCTSTT	9-ACTTCCTSTT	9.286712	-2128.361737	0	T:7152.0(18.47%),B:692.8(2.73%),P:1e-924	Tpos:196.3,Tstd:49.0,Bpos:514.3,Bstd:322.4,StrandBias:0.2,Multiplicity:1.01
0.713	0.033	0.210	0.044
0.034	0.588	0.263	0.115
0.040	0.001	0.001	0.958
0.001	0.001	0.005	0.993
0.001	0.906	0.006	0.087
0.001	0.918	0.001	0.080
0.037	0.239	0.197	0.527
0.055	0.460	0.339	0.147
0.163	0.186	0.092	0.559
0.095	0.229	0.095	0.581
>NNCACTTCCB	10-NNCACTTCCB	9.029650	-1753.252013	0	T:6793.0(17.55%),B:830.1(3.27%),P:1e-761	Tpos:192.5,Tstd:80.4,Bpos:502.1,Bstd:369.8,StrandBias:0.2,Multiplicity:1.00
0.219	0.316	0.248	0.217
0.178	0.287	0.210	0.325
0.098	0.609	0.158	0.135
0.841	0.001	0.157	0.001
0.001	0.698	0.157	0.144
0.077	0.001	0.001	0.921
0.001	0.001	0.001	0.997
0.001	0.969	0.001	0.029
0.001	0.874	0.001	0.124
0.064	0.271	0.259	0.406
>THTCACTTCC	11-THTCACTTCC	9.334118	-1735.150075	0	T:5747.0(14.84%),B:518.1(2.04%),P:1e-753	Tpos:199.1,Tstd:61.9,Bpos:518.3,Bstd:310.0,StrandBias:-0.2,Multiplicity:1.01
0.229	0.135	0.139	0.498
0.226	0.343	0.128	0.303
0.146	0.294	0.107	0.454
0.001	0.837	0.071	0.091
0.817	0.001	0.108	0.074
0.001	0.525	0.306	0.168
0.070	0.001	0.001	0.928
0.001	0.001	0.001	0.997
0.001	0.902	0.001	0.096
0.001	0.797	0.001	0.201
>STTCCGCTTT	12-STTCCGCTTT	7.447897	-1600.616233	0	T:7363.0(19.02%),B:1148.2(4.52%),P:1e-695	Tpos:201.9,Tstd:58.7,Bpos:497.0,Bstd:349.3,StrandBias:0.0,Multiplicity:1.03
0.030	0.398	0.367	0.205
0.116	0.005	0.022	0.857
0.022	0.013	0.029	0.936
0.045	0.749	0.025	0.181
0.005	0.747	0.024	0.224
0.107	0.243	0.434	0.216
0.121	0.477	0.266	0.136
0.198	0.238	0.085	0.479
0.051	0.199	0.112	0.638
0.244	0.227	0.047	0.483
>STTTCASTTC	13-STTTCASTTC	7.945433	-1141.950866	0	T:4124.0(10.65%),B:419.5(1.65%),P:1e-495	Tpos:200.9,Tstd:51.1,Bpos:491.8,Bstd:317.6,StrandBias:0.1,Multiplicity:1.02
0.168	0.342	0.373	0.117
0.098	0.163	0.067	0.672
0.108	0.211	0.064	0.617
0.097	0.327	0.097	0.479
0.050	0.853	0.041	0.056
0.445	0.076	0.233	0.246
0.075	0.430	0.354	0.141
0.239	0.047	0.089	0.625
0.088	0.035	0.019	0.858
0.064	0.550	0.035	0.351
>GTTTCRGTTC	14-GTTTCRGTTC	9.232260	-878.796336	0	T:3716.0(9.60%),B:481.8(1.90%),P:1e-381	Tpos:200.4,Tstd:75.5,Bpos:518.5,Bstd:330.9,StrandBias:-0.1,Multiplicity:1.00
0.050	0.256	0.624	0.070
0.026	0.064	0.018	0.892
0.055	0.123	0.026	0.796
0.092	0.256	0.053	0.599
0.006	0.916	0.019	0.059
0.454	0.070	0.315	0.161
0.036	0.253	0.579	0.132
0.064	0.040	0.037	0.859
0.051	0.023	0.051	0.875
0.033	0.713	0.060	0.194
>TTCCCCTTTT	15-TTCCCCTTTT	10.840921	-716.472087	0	T:3473.0(8.97%),B:534.5(2.10%),P:1e-311	Tpos:200.9,Tstd:89.2,Bpos:503.0,Bstd:301.2,StrandBias:-0.1,Multiplicity:1.01
0.037	0.076	0.035	0.852
0.031	0.052	0.021	0.896
0.019	0.858	0.016	0.107
0.026	0.842	0.035	0.097
0.046	0.564	0.113	0.277
0.037	0.800	0.105	0.058
0.149	0.068	0.019	0.764
0.036	0.053	0.028	0.883
0.025	0.082	0.061	0.832
0.073	0.113	0.104	0.710
>AAWGAGGAAC	16-AAWGAGGAAC	8.626778	-407.248712	0	T:1920.0(4.96%),B:278.5(1.10%),P:1e-176	Tpos:205.1,Tstd:71.0,Bpos:525.3,Bstd:309.4,StrandBias:0.1,Multiplicity:1.01
0.544	0.111	0.185	0.160
0.632	0.095	0.167	0.106
0.486	0.038	0.070	0.406
0.078	0.319	0.568	0.035
0.445	0.119	0.221	0.214
0.092	0.010	0.897	0.001
0.293	0.010	0.607	0.090
0.865	0.053	0.001	0.081
0.945	0.009	0.001	0.045
0.179	0.504	0.280	0.037
>RSTTTCASTT	17-RSTTTCASTT	9.404612	-169.035895	0	T:714.0(1.84%),B:88.8(0.35%),P:1e-73	Tpos:203.7,Tstd:94.5,Bpos:480.7,Bstd:314.8,StrandBias:0.1,Multiplicity:1.01
0.400	0.100	0.340	0.160
0.076	0.350	0.393	0.181
0.001	0.050	0.001	0.948
0.032	0.251	0.001	0.716
0.119	0.206	0.018	0.657
0.001	0.997	0.001	0.001
0.550	0.154	0.191	0.105
0.029	0.445	0.413	0.113
0.192	0.001	0.001	0.806
0.106	0.053	0.001	0.840
>WWDSAGAAGT	18-WWDSAGAAGT	7.440829	-93.619276	0	T:958.0(2.47%),B:266.7(1.05%),P:1e-40	Tpos:204.1,Tstd:80.7,Bpos:500.3,Bstd:345.6,StrandBias:-0.1,Multiplicity:1.02
0.459	0.085	0.130	0.325
0.378	0.180	0.119	0.322
0.336	0.088	0.308	0.267
0.095	0.504	0.355	0.046
0.502	0.070	0.300	0.128
0.119	0.001	0.831	0.049
0.725	0.220	0.024	0.031
0.802	0.067	0.069	0.062
0.189	0.325	0.484	0.002
0.158	0.301	0.027	0.514
>NBCACTTCCB	19-NBCACTTCCB	8.241367	-59.905884	0	T:378.0(0.98%),B:75.3(0.30%),P:1e-26	Tpos:199.1,Tstd:78.7,Bpos:467.2,Bstd:358.4,StrandBias:0.2,Multiplicity:1.00
0.239	0.267	0.278	0.216
0.173	0.291	0.197	0.339
0.098	0.515	0.237	0.150
0.781	0.001	0.170	0.048
0.001	0.520	0.343	0.136
0.056	0.001	0.001	0.942
0.001	0.001	0.001	0.997
0.001	0.833	0.001	0.165
0.005	0.738	0.001	0.256
0.147	0.318	0.270	0.266
>VGGAASTGVN	20-VGGAASTGVN	7.812055	-55.290281	0	T:266.0(0.69%),B:40.3(0.16%),P:1e-24	Tpos:203.7,Tstd:97.2,Bpos:584.5,Bstd:288.6,StrandBias:-0.3,Multiplicity:1.07
0.313	0.323	0.231	0.133
0.248	0.001	0.750	0.001
0.243	0.005	0.750	0.002
0.997	0.001	0.001	0.001
0.921	0.001	0.001	0.077
0.170	0.342	0.487	0.001
0.039	0.313	0.001	0.647
0.149	0.194	0.514	0.143
0.307	0.211	0.316	0.166
0.214	0.265	0.284	0.237
>GGAADTCCCC	21-GGAADTCCCC	8.094391	-16.615907	0	T:1181.0(3.05%),B:598.2(2.35%),P:1e-7	Tpos:200.5,Tstd:97.3,Bpos:478.5,Bstd:324.7,StrandBias:-0.1,Multiplicity:1.04
0.252	0.009	0.736	0.003
0.305	0.001	0.693	0.001
0.746	0.033	0.220	0.001
0.827	0.094	0.001	0.078
0.363	0.093	0.314	0.230
0.083	0.197	0.204	0.516
0.036	0.500	0.209	0.255
0.240	0.731	0.028	0.001
0.039	0.821	0.068	0.072
0.171	0.464	0.133	0.231
>TGASTCAKHH	22-TGASTCAKHH	9.676782	-11.809359	0	T:675.0(1.74%),B:333.9(1.31%),P:1e-5	Tpos:204.1,Tstd:89.7,Bpos:487.6,Bstd:322.0,StrandBias:0.1,Multiplicity:1.01
0.001	0.001	0.001	0.997
0.001	0.001	0.934	0.064
0.997	0.001	0.001	0.001
0.010	0.419	0.528	0.043
0.001	0.006	0.001	0.992
0.019	0.979	0.001	0.001
0.997	0.001	0.001	0.001
0.125	0.228	0.264	0.383
0.340	0.285	0.054	0.321
0.246	0.283	0.160	0.311
>DMTGAGTCAT	23-DMTGAGTCAT	9.159986	-5.796922	0	T:84.0(0.22%),B:31.9(0.13%),P:1e-2	Tpos:225.5,Tstd:103.5,Bpos:454.8,Bstd:225.3,StrandBias:0.5,Multiplicity:1.00
0.287	0.137	0.305	0.271
0.410	0.297	0.186	0.107
0.058	0.029	0.014	0.899
0.066	0.097	0.685	0.152
0.890	0.026	0.029	0.055
0.120	0.305	0.458	0.118
0.071	0.005	0.012	0.912
0.170	0.779	0.046	0.005
0.920	0.012	0.001	0.067
0.098	0.190	0.271	0.442
>DWVDGRAAVY	24-DWVDGRAAVY	6.839150	-4.347593	0	T:171.0(0.44%),B:83.0(0.33%),P:1e-1	Tpos:179.9,Tstd:94.0,Bpos:406.8,Bstd:308.1,StrandBias:0.8,Multiplicity:1.00
0.346	0.189	0.241	0.224
0.401	0.151	0.034	0.414
0.212	0.323	0.297	0.168
0.328	0.159	0.218	0.295
0.001	0.001	0.997	0.001
0.355	0.080	0.371	0.194
0.980	0.001	0.018	0.001
0.963	0.001	0.035	0.001
0.229	0.363	0.367	0.041
0.165	0.375	0.001	0.458
>DNTGASTCAB	25-DNTGASTCAB	8.356705	-1.852234	0	T:117.0(0.30%),B:65.3(0.26%),P:1e0	Tpos:210.5,Tstd:108.7,Bpos:504.7,Bstd:362.8,StrandBias:0.1,Multiplicity:1.00
0.264	0.114	0.294	0.328
0.304	0.305	0.205	0.186
0.001	0.001	0.001	0.997
0.135	0.167	0.500	0.198
0.984	0.014	0.001	0.001
0.137	0.371	0.398	0.093
0.001	0.001	0.001	0.997
0.217	0.706	0.070	0.007
0.953	0.001	0.001	0.045
0.159	0.310	0.240	0.291
>AAAGAGGAAGTG	1-AAAGAGGAAGTG	7.909953	-8426.308773	0	T:28301.0(73.10%),B:5588.7(21.98%),P:1e-3659	Tpos:201.4,Tstd:50.1,Bpos:507.3,Bstd:344.5,StrandBias:-0.0,Multiplicity:1.16
0.465	0.098	0.216	0.221
0.538	0.079	0.164	0.219
0.497	0.037	0.180	0.286
0.222	0.157	0.571	0.050
0.506	0.154	0.280	0.060
0.140	0.001	0.858	0.001
0.045	0.001	0.953	0.001
0.994	0.001	0.001	0.004
0.969	0.001	0.001	0.029
0.055	0.283	0.654	0.008
0.063	0.132	0.028	0.777
0.109	0.145	0.693	0.053
>TTTCASTTCCYC	2-TTTCASTTCCYC	9.524785	-2721.164989	0	T:8775.0(22.67%),B:824.0(3.24%),P:1e-1181	Tpos:198.5,Tstd:71.1,Bpos:508.6,Bstd:347.7,StrandBias:-0.1,Multiplicity:1.01
0.080	0.115	0.031	0.774
0.065	0.307	0.066	0.562
0.003	0.271	0.001	0.725
0.058	0.779	0.073	0.090
0.685	0.038	0.109	0.168
0.061	0.477	0.334	0.128
0.154	0.026	0.004	0.816
0.039	0.005	0.026	0.930
0.017	0.747	0.002	0.234
0.077	0.663	0.001	0.259
0.133	0.310	0.152	0.405
0.161	0.409	0.190	0.241
>AGGAASTGAAAC	3-AGGAASTGAAAC	10.245154	-2015.308427	0	T:6094.0(15.74%),B:454.3(1.79%),P:1e-875	Tpos:203.5,Tstd:72.2,Bpos:454.7,Bstd:311.8,StrandBias:-0.1,Multiplicity:1.00
0.517	0.031	0.332	0.120
0.180	0.001	0.772	0.047
0.211	0.018	0.743	0.028
0.938	0.002	0.007	0.053
0.831	0.014	0.014	0.141
0.201	0.385	0.318	0.096
0.115	0.085	0.015	0.785
0.072	0.019	0.891	0.018
0.809	0.020	0.153	0.018
0.603	0.082	0.239	0.076
0.823	0.030	0.051	0.096
0.193	0.479	0.281	0.047
>RAAAGAGGAAGY	4-RAAAGAGGAAGY	10.463905	-1920.093997	0	T:7356.0(19.00%),B:896.9(3.53%),P:1e-833	Tpos:203.2,Tstd:70.0,Bpos:497.1,Bstd:334.2,StrandBias:-0.1,Multiplicity:1.01
0.453	0.068	0.426	0.053
0.664	0.025	0.300	0.011
0.812	0.043	0.143	0.002
0.826	0.001	0.086	0.087
0.064	0.259	0.642	0.035
0.602	0.151	0.228	0.019
0.158	0.001	0.838	0.003
0.173	0.001	0.825	0.001
0.997	0.001	0.001	0.001
0.995	0.001	0.003	0.001
0.100	0.293	0.564	0.043
0.089	0.418	0.070	0.424
>BSACTTCCTBYY	5-BSACTTCCTBYY	9.413739	-1888.886534	0	T:8431.0(21.78%),B:1297.8(5.11%),P:1e-820	Tpos:205.5,Tstd:78.8,Bpos:547.7,Bstd:345.6,StrandBias:-0.0,Multiplicity:1.03
0.054	0.355	0.250	0.342
0.158	0.395	0.252	0.195
0.625	0.001	0.357	0.017
0.001	0.627	0.137	0.235
0.001	0.001	0.001	0.997
0.001	0.001	0.001	0.997
0.001	0.997	0.001	0.001
0.001	0.997	0.001	0.001
0.001	0.199	0.157	0.643
0.029	0.403	0.313	0.255
0.056	0.370	0.147	0.426
0.063	0.447	0.190	0.300
>GGAASTGAAASY	6-GGAASTGAAASY	10.526981	-1831.274873	0	T:5391.0(13.93%),B:366.4(1.44%),P:1e-795	Tpos:200.8,Tstd:53.0,Bpos:472.3,Bstd:319.4,StrandBias:0.0,Multiplicity:1.02
0.291	0.004	0.645	0.060
0.221	0.013	0.753	0.013
0.949	0.003	0.017	0.031
0.877	0.007	0.015	0.101
0.148	0.398	0.406	0.049
0.099	0.061	0.041	0.799
0.019	0.006	0.964	0.011
0.907	0.012	0.072	0.009
0.726	0.037	0.193	0.044
0.935	0.012	0.030	0.023
0.125	0.467	0.338	0.070
0.139	0.318	0.082	0.460
>AGTTTCAGTTCC	7-AGTTTCAGTTCC	10.459270	-1489.402848	0	T:4812.0(12.43%),B:401.0(1.58%),P:1e-646	Tpos:201.4,Tstd:64.3,Bpos:539.7,Bstd:295.8,StrandBias:0.1,Multiplicity:1.01
0.497	0.001	0.281	0.220
0.057	0.259	0.564	0.120
0.028	0.022	0.001	0.949
0.043	0.197	0.001	0.759
0.007	0.080	0.001	0.912
0.001	0.956	0.014	0.029
0.626	0.036	0.075	0.263
0.083	0.306	0.497	0.114
0.137	0.017	0.004	0.842
0.095	0.044	0.003	0.858
0.029	0.685	0.008	0.278
0.088	0.640	0.001	0.271
>GAAGTGAAACTG	8-GAAGTGAAACTG	11.157145	-490.338522	0	T:2016.0(5.21%),B:242.8(0.95%),P:1e-212	Tpos:210.9,Tstd:81.8,Bpos:482.2,Bstd:325.6,StrandBias:0.3,Multiplicity:1.01
0.278	0.037	0.635	0.050
0.958	0.003	0.008	0.031
0.787	0.001	0.011	0.201
0.200	0.189	0.482	0.129
0.089	0.017	0.058	0.836
0.016	0.006	0.974	0.004
0.964	0.007	0.027	0.002
0.831	0.014	0.102	0.053
0.908	0.001	0.049	0.042
0.077	0.651	0.239	0.033
0.097	0.120	0.001	0.782
0.235	0.069	0.510	0.186
>GSAGAASTGAAA	9-GSAGAASTGAAA	11.165213	-416.303485	0	T:1743.0(4.50%),B:214.5(0.84%),P:1e-180	Tpos:194.2,Tstd:66.9,Bpos:490.3,Bstd:330.4,StrandBias:-0.1,Multiplicity:1.01
0.259	0.045	0.447	0.249
0.122	0.411	0.324	0.142
0.788	0.001	0.020	0.191
0.126	0.001	0.872	0.001
0.983	0.001	0.001	0.015
0.898	0.001	0.044	0.057
0.084	0.419	0.449	0.048
0.114	0.049	0.058	0.779
0.001	0.009	0.953	0.037
0.710	0.004	0.173	0.113
0.674	0.026	0.265	0.035
0.972	0.001	0.008	0.019
>WRGTTTCAGTTC	10-WRGTTTCAGTTC	11.087492	-378.692924	0	T:1282.0(3.31%),B:107.0(0.42%),P:1e-164	Tpos:211.6,Tstd:95.4,Bpos:503.0,Bstd:320.5,StrandBias:0.2,Multiplicity:1.01
0.357	0.001	0.169	0.473
0.385	0.001	0.459	0.154
0.043	0.287	0.526	0.144
0.006	0.001	0.001	0.992
0.028	0.116	0.001	0.855
0.113	0.108	0.016	0.763
0.001	0.995	0.001	0.003
0.791	0.001	0.038	0.170
0.071	0.265	0.505	0.159
0.158	0.075	0.005	0.762
0.030	0.038	0.016	0.916
0.037	0.550	0.057	0.356
>AARSAGAASTGA	11-AARSAGAASTGA	10.690234	-358.450778	0	T:1853.0(4.79%),B:300.0(1.18%),P:1e-155	Tpos:205.9,Tstd:87.6,Bpos:521.7,Bstd:313.3,StrandBias:0.2,Multiplicity:1.00
0.650	0.128	0.047	0.175
0.555	0.001	0.115	0.329
0.410	0.023	0.485	0.082
0.001	0.547	0.433	0.019
0.895	0.001	0.001	0.103
0.041	0.001	0.957	0.001
0.989	0.009	0.001	0.001
0.870	0.001	0.038	0.091
0.130	0.382	0.463	0.025
0.071	0.038	0.001	0.890
0.060	0.046	0.766	0.128
0.455	0.029	0.303	0.213
>AAATGAGGAAGC	12-AAATGAGGAAGC	11.422893	-236.526046	0	T:760.0(1.96%),B:56.1(0.22%),P:1e-102	Tpos:202.2,Tstd:62.3,Bpos:471.6,Bstd:356.7,StrandBias:0.5,Multiplicity:1.00
0.756	0.083	0.098	0.063
0.765	0.070	0.095	0.070
0.761	0.079	0.095	0.065
0.154	0.045	0.103	0.698
0.071	0.097	0.760	0.072
0.764	0.062	0.098	0.076
0.093	0.046	0.778	0.083
0.121	0.070	0.739	0.070
0.761	0.112	0.064	0.063
0.822	0.032	0.071	0.075
0.097	0.096	0.732	0.075
0.116	0.663	0.105	0.116
>RAAAGCAGAAST	13-RAAAGCAGAAST	11.527401	-148.539873	0	T:430.0(1.11%),B:24.6(0.10%),P:1e-64	Tpos:199.7,Tstd:51.2,Bpos:366.1,Bstd:229.4,StrandBias:-0.2,Multiplicity:1.00
0.417	0.089	0.359	0.135
0.686	0.007	0.213	0.094
0.786	0.050	0.108	0.056
0.679	0.003	0.104	0.214
0.236	0.130	0.453	0.181
0.105	0.578	0.306	0.011
0.843	0.002	0.005	0.150
0.014	0.004	0.977	0.005
0.973	0.009	0.009	0.009
0.909	0.010	0.015	0.066
0.118	0.335	0.473	0.074
0.143	0.278	0.069	0.510
>KGCTTCCYCTTT	14-KGCTTCCYCTTT	10.637324	-105.767385	0	T:643.0(1.66%),B:122.3(0.48%),P:1e-45	Tpos:207.9,Tstd:68.0,Bpos:527.0,Bstd:353.1,StrandBias:0.5,Multiplicity:1.00
0.195	0.001	0.394	0.410
0.186	0.089	0.634	0.091
0.010	0.470	0.305	0.215
0.001	0.001	0.001	0.997
0.001	0.001	0.011	0.987
0.001	0.685	0.007	0.307
0.005	0.789	0.001	0.205
0.105	0.306	0.170	0.419
0.052	0.641	0.177	0.130
0.200	0.129	0.001	0.670
0.009	0.143	0.105	0.743
0.059	0.327	0.013	0.601
>CCTTATTTGAAC	15-CCTTATTTGAAC	13.838294	-33.801700	0	T:106.0(0.27%),B:8.2(0.03%),P:1e-14	Tpos:187.6,Tstd:64.3,Bpos:577.6,Bstd:414.3,StrandBias:-0.3,Multiplicity:1.00
0.001	0.997	0.001	0.001
0.001	0.997	0.001	0.001
0.001	0.001	0.001	0.997
0.001	0.049	0.001	0.949
0.939	0.031	0.021	0.009
0.001	0.001	0.001	0.997
0.001	0.001	0.001	0.997
0.001	0.001	0.001	0.997
0.077	0.001	0.921	0.001
0.978	0.020	0.001	0.001
0.997	0.001	0.001	0.001
0.019	0.928	0.001	0.052
>YTGGTTTCAGTT	16-YTGGTTTCAGTT	9.628793	-29.074946	0	T:321.0(0.83%),B:95.8(0.38%),P:1e-12	Tpos:195.0,Tstd:89.5,Bpos:545.1,Bstd:312.2,StrandBias:0.1,Multiplicity:1.00
0.176	0.340	0.172	0.313
0.291	0.001	0.028	0.680
0.181	0.001	0.588	0.230
0.059	0.289	0.440	0.212
0.012	0.135	0.006	0.847
0.052	0.108	0.103	0.737
0.257	0.121	0.142	0.480
0.042	0.808	0.091	0.059
0.737	0.001	0.001	0.261
0.074	0.142	0.632	0.152
0.084	0.312	0.120	0.483
0.166	0.234	0.023	0.577
>CTGAAACTGAAA	17-CTGAAACTGAAA	11.373115	-14.117929	0	T:70.0(0.18%),B:12.3(0.05%),P:1e-6	Tpos:180.1,Tstd:94.8,Bpos:521.0,Bstd:272.4,StrandBias:-0.2,Multiplicity:1.00
0.090	0.690	0.114	0.106
0.126	0.046	0.056	0.772
0.094	0.087	0.742	0.077
0.780	0.064	0.074	0.082
0.751	0.075	0.097	0.077
0.768	0.067	0.084	0.081
0.109	0.699	0.109	0.083
0.118	0.051	0.051	0.780
0.070	0.087	0.758	0.085
0.761	0.072	0.090	0.077
0.741	0.082	0.111	0.066
0.757	0.074	0.087	0.082
>AGTSAGTTCTCA	18-AGTSAGTTCTCA	11.463039	-10.785336	0	T:236.0(0.61%),B:95.4(0.38%),P:1e-4	Tpos:201.6,Tstd:71.2,Bpos:465.2,Bstd:367.8,StrandBias:-0.1,Multiplicity:1.01
0.681	0.002	0.028	0.289
0.140	0.255	0.516	0.089
0.072	0.004	0.066	0.858
0.055	0.401	0.502	0.042
0.779	0.028	0.052	0.141
0.124	0.260	0.418	0.198
0.132	0.093	0.076	0.699
0.052	0.013	0.051	0.884
0.029	0.652	0.025	0.294
0.152	0.093	0.002	0.753
0.039	0.709	0.180	0.072
0.860	0.014	0.001	0.125
>GYCTCAGGAAAC	19-GYCTCAGGAAAC	13.244919	-10.207107	0	T:246.0(0.64%),B:102.0(0.40%),P:1e-4	Tpos:196.1,Tstd:86.0,Bpos:520.0,Bstd:347.4,StrandBias:0.3,Multiplicity:1.00
0.171	0.009	0.674	0.146
0.046	0.518	0.045	0.391
0.004	0.657	0.009	0.330
0.133	0.091	0.005	0.771
0.001	0.819	0.021	0.159
0.900	0.007	0.027	0.066
0.039	0.001	0.927	0.033
0.222	0.001	0.769	0.008
0.916	0.012	0.067	0.005
0.885	0.001	0.012	0.102
0.997	0.001	0.001	0.001
0.001	0.893	0.001	0.105
>CAATTAAACYYC	20-CAATTAAACYYC	12.037894	-8.003516	0	T:392.0(1.01%),B:191.5(0.75%),P:1e-3	Tpos:191.2,Tstd:123.7,Bpos:448.4,Bstd:327.6,StrandBias:-0.2,Multiplicity:1.00
0.001	0.997	0.001	0.001
0.969	0.001	0.001	0.029
0.835	0.062	0.001	0.102
0.072	0.049	0.001	0.878
0.001	0.001	0.001	0.997
0.947	0.037	0.001	0.015
0.947	0.025	0.012	0.016
0.931	0.039	0.029	0.001
0.064	0.756	0.051	0.129
0.030	0.533	0.020	0.417
0.001	0.427	0.001	0.571
0.001	0.744	0.047	0.208
>GTTCTCATGAGA	21-GTTCTCATGAGA	12.778208	-7.630211	0	T:129.0(0.33%),B:49.9(0.20%),P:1e-3	Tpos:195.9,Tstd:60.1,Bpos:496.3,Bstd:372.3,StrandBias:0.2,Multiplicity:1.01
0.096	0.060	0.755	0.089
0.217	0.048	0.050	0.685
0.027	0.042	0.031	0.900
0.040	0.853	0.051	0.056
0.087	0.058	0.018	0.837
0.037	0.785	0.090	0.088
0.673	0.042	0.259	0.026
0.060	0.172	0.058	0.710
0.096	0.046	0.828	0.030
0.797	0.007	0.110	0.086
0.068	0.044	0.767	0.121
0.870	0.051	0.052	0.027
>TGACTCACAGTK	22-TGACTCACAGTK	8.895750	-6.842097	0	T:191.0(0.49%),B:84.6(0.33%),P:1e-2	Tpos:202.4,Tstd:110.3,Bpos:545.4,Bstd:317.5,StrandBias:0.2,Multiplicity:1.00
0.197	0.070	0.126	0.607
0.165	0.173	0.463	0.199
0.544	0.106	0.129	0.221
0.131	0.432	0.224	0.214
0.098	0.059	0.038	0.805
0.058	0.583	0.180	0.179
0.538	0.047	0.030	0.385
0.122	0.480	0.313	0.085
0.638	0.051	0.042	0.269
0.160	0.153	0.421	0.266
0.185	0.151	0.141	0.523
0.201	0.172	0.240	0.387
>GAGACTGGGTAA	23-GAGACTGGGTAA	12.742150	-3.954967	0	T:257.0(0.66%),B:135.7(0.53%),P:1e-1	Tpos:189.1,Tstd:140.3,Bpos:527.6,Bstd:307.4,StrandBias:0.5,Multiplicity:1.00
0.023	0.073	0.850	0.054
0.990	0.008	0.001	0.001
0.197	0.001	0.741	0.061
0.846	0.001	0.152	0.001
0.001	0.830	0.091	0.078
0.001	0.099	0.009	0.891
0.102	0.001	0.821	0.076
0.212	0.034	0.712	0.042
0.071	0.001	0.876	0.052
0.001	0.138	0.064	0.797
0.840	0.001	0.158	0.001
0.810	0.001	0.174	0.015
>WGGRARRTGAHT	24-WGGRARRTGAHT	9.098654	-2.505536	0	T:217.0(0.56%),B:121.9(0.48%),P:1e-1	Tpos:197.2,Tstd:106.5,Bpos:520.9,Bstd:348.3,StrandBias:-0.1,Multiplicity:1.00
0.339	0.026	0.154	0.481
0.269	0.025	0.459	0.247
0.382	0.023	0.560	0.035
0.374	0.133	0.471	0.023
0.903	0.026	0.036	0.035
0.525	0.021	0.383	0.071
0.397	0.036	0.532	0.035
0.079	0.030	0.228	0.663
0.264	0.166	0.493	0.076
0.700	0.044	0.042	0.214
0.305	0.304	0.041	0.350
0.281	0.029	0.035	0.655
>HNTNHMASTTTC	25-HNTNHMASTTTC	9.718637	-0.685634	0	T:15.0(0.04%),B:9.4(0.04%),P:1e0	Tpos:205.3,Tstd:91.3,Bpos:448.4,Bstd:422.4,StrandBias:-0.4,Multiplicity:1.00
0.286	0.307	0.054	0.352
0.266	0.272	0.217	0.245
0.079	0.049	0.061	0.811
0.187	0.270	0.289	0.254
0.366	0.367	0.013	0.255
0.472	0.482	0.019	0.027
0.834	0.050	0.052	0.064
0.018	0.542	0.420	0.020
0.045	0.045	0.024	0.886
0.035	0.052	0.040	0.873
0.025	0.074	0.048	0.853
0.051	0.837	0.054	0.058
>CACTTCCT	1-CACTTCCT	9.156446	-3792.587388	0	T:16892.0(43.63%),B:3151.2(12.40%),P:1e-1647	Tpos:200.8,Tstd:51.0,Bpos:503.8,Bstd:351.7,StrandBias:0.0,Multiplicity:1.10
0.001	0.980	0.013	0.006
0.987	0.001	0.011	0.001
0.001	0.982	0.011	0.006
0.001	0.001	0.001	0.997
0.001	0.001	0.001	0.997
0.001	0.997	0.001	0.001
0.001	0.954	0.001	0.044
0.001	0.223	0.161	0.615
>ACTTCCBC	2-ACTTCCBC	8.210230	-2368.031739	0	T:13266.0(34.27%),B:2836.4(11.16%),P:1e-1028	Tpos:200.6,Tstd:74.7,Bpos:516.3,Bstd:351.0,StrandBias:0.1,Multiplicity:1.02
0.586	0.032	0.381	0.001
0.001	0.528	0.278	0.193
0.001	0.001	0.001	0.997
0.001	0.001	0.001	0.997
0.001	0.997	0.001	0.001
0.001	0.885	0.001	0.113
0.001	0.363	0.278	0.359
0.007	0.744	0.167	0.082
>GAGGAAGT	3-GAGGAAGT	8.823420	-2056.255814	0	T:9030.0(23.32%),B:1380.3(5.43%),P:1e-893	Tpos:202.0,Tstd:71.9,Bpos:509.6,Bstd:366.2,StrandBias:0.1,Multiplicity:1.03
0.171	0.169	0.591	0.069
0.458	0.232	0.258	0.052
0.143	0.016	0.824	0.017
0.082	0.006	0.877	0.035
0.980	0.006	0.008	0.006
0.944	0.022	0.006	0.028
0.109	0.182	0.659	0.050
0.006	0.115	0.010	0.869
>GGAASTGR	4-GGAASTGR	6.261803	-1918.138413	0	T:20001.0(51.66%),B:6944.1(27.32%),P:1e-833	Tpos:200.4,Tstd:108.1,Bpos:503.9,Bstd:335.8,StrandBias:-0.1,Multiplicity:1.05
0.312	0.025	0.662	0.001
0.207	0.210	0.421	0.162
0.987	0.004	0.001	0.008
0.935	0.009	0.001	0.055
0.131	0.458	0.410	0.001
0.067	0.173	0.117	0.643
0.140	0.151	0.590	0.119
0.364	0.167	0.348	0.121
>AGAAGTGA	5-AGAAGTGA	9.669516	-1476.098400	0	T:10649.0(27.51%),B:2642.2(10.39%),P:1e-641	Tpos:201.3,Tstd:79.3,Bpos:504.5,Bstd:349.3,StrandBias:-0.0,Multiplicity:1.04
0.686	0.001	0.312	0.001
0.001	0.001	0.997	0.001
0.997	0.001	0.001	0.001
0.997	0.001	0.001	0.001
0.001	0.121	0.877	0.001
0.001	0.001	0.001	0.997
0.001	0.001	0.997	0.001
0.896	0.001	0.102	0.001
>ABTTCCYC	6-ABTTCCYC	8.633300	-1430.223261	0	T:10988.0(28.38%),B:2857.0(11.24%),P:1e-621	Tpos:199.9,Tstd:97.6,Bpos:506.5,Bstd:338.2,StrandBias:0.0,Multiplicity:1.03
0.667	0.001	0.331	0.001
0.001	0.402	0.258	0.339
0.001	0.001	0.001	0.997
0.001	0.001	0.001	0.997
0.001	0.968	0.001	0.030
0.001	0.960	0.001	0.038
0.001	0.426	0.064	0.509
0.087	0.806	0.106	0.001
>TTCCTCTT	7-TTCCTCTT	9.500255	-608.670385	0	T:8230.0(21.26%),B:2778.7(10.93%),P:1e-264	Tpos:201.8,Tstd:65.5,Bpos:513.8,Bstd:345.2,StrandBias:-0.0,Multiplicity:1.08
0.001	0.001	0.001	0.997
0.001	0.001	0.001	0.997
0.003	0.975	0.001	0.021
0.001	0.880	0.001	0.118
0.001	0.155	0.258	0.586
0.004	0.964	0.018	0.014
0.007	0.001	0.002	0.990
0.003	0.017	0.009	0.971
>CASTTCCC	8-CASTTCCC	8.570932	-546.113028	0	T:7610.0(19.66%),B:2586.0(10.17%),P:1e-237	Tpos:199.8,Tstd:93.6,Bpos:483.0,Bstd:337.2,StrandBias:-0.1,Multiplicity:1.01
0.060	0.703	0.177	0.060
0.901	0.001	0.097	0.001
0.001	0.469	0.458	0.073
0.001	0.001	0.001	0.997
0.001	0.001	0.001	0.997
0.043	0.774	0.048	0.135
0.001	0.695	0.001	0.303
0.107	0.519	0.235	0.139
>CYCASTTC	9-CYCASTTC	7.048341	-444.739849	0	T:22933.0(59.24%),B:12024.8(47.30%),P:1e-193	Tpos:201.4,Tstd:104.6,Bpos:506.1,Bstd:341.4,StrandBias:-0.0,Multiplicity:1.14
0.045	0.521	0.157	0.277
0.246	0.314	0.038	0.402
0.001	0.997	0.001	0.001
0.997	0.001	0.001	0.001
0.001	0.457	0.433	0.109
0.033	0.001	0.001	0.965
0.012	0.001	0.001	0.986
0.028	0.755	0.023	0.194
>TCAGTTCC	10-TCAGTTCC	10.597592	-419.897523	0	T:3963.0(10.24%),B:1071.6(4.22%),P:1e-182	Tpos:201.0,Tstd:56.6,Bpos:508.9,Bstd:345.8,StrandBias:0.0,Multiplicity:1.03
0.001	0.001	0.001	0.997
0.001	0.997	0.001	0.001
0.975	0.001	0.023	0.001
0.001	0.190	0.638	0.171
0.001	0.001	0.001	0.997
0.001	0.001	0.001	0.997
0.001	0.997	0.001	0.001
0.001	0.997	0.001	0.001
>MGGAACTG	11-MGGAACTG	9.307861	-284.684780	0	T:4413.0(11.40%),B:1525.0(6.00%),P:1e-123	Tpos:202.9,Tstd:75.3,Bpos:492.8,Bstd:362.3,StrandBias:-0.1,Multiplicity:1.02
0.445	0.314	0.240	0.001
0.054	0.001	0.899	0.046
0.001	0.001	0.997	0.001
0.997	0.001	0.001	0.001
0.997	0.001	0.001	0.001
0.218	0.593	0.188	0.001
0.001	0.110	0.010	0.879
0.001	0.146	0.814	0.039
>TTCCYSTT	12-TTCCYSTT	9.563303	-40.603224	0	T:3567.0(9.21%),B:1851.7(7.28%),P:1e-17	Tpos:200.5,Tstd:90.2,Bpos:515.5,Bstd:335.3,StrandBias:-0.0,Multiplicity:1.04
0.001	0.001	0.001	0.997
0.001	0.001	0.001	0.997
0.001	0.985	0.001	0.013
0.007	0.986	0.006	0.001
0.001	0.526	0.045	0.428
0.001	0.413	0.539	0.047
0.004	0.007	0.001	0.988
0.004	0.008	0.001	0.987
>ASCGGAAG	13-ASCGGAAG	9.417245	-22.280003	0	T:988.0(2.55%),B:460.5(1.81%),P:1e-9	Tpos:200.3,Tstd:92.5,Bpos:505.0,Bstd:357.5,StrandBias:0.0,Multiplicity:1.05
0.997	0.001	0.001	0.001
0.001	0.525	0.473	0.001
0.124	0.739	0.136	0.001
0.001	0.001	0.997	0.001
0.001	0.001	0.997	0.001
0.997	0.001	0.001	0.001
0.997	0.001	0.001	0.001
0.245	0.209	0.545	0.001
>RAGAGGAA	14-RAGAGGAA	6.534229	-19.299929	0	T:20056.0(51.81%),B:12577.2(49.48%),P:1e-8	Tpos:202.4,Tstd:104.1,Bpos:501.7,Bstd:344.8,StrandBias:0.0,Multiplicity:1.12
0.365	0.186	0.307	0.142
0.952	0.001	0.046	0.001
0.001	0.001	0.997	0.001
0.635	0.001	0.363	0.001
0.001	0.001	0.997	0.001
0.001	0.001	0.997	0.001
0.997	0.001	0.001	0.001
0.997	0.001	0.001	0.001
>CASTTCCK	15-CASTTCCK	7.001401	-13.919080	0	T:375.0(0.97%),B:158.9(0.62%),P:1e-6	Tpos:210.6,Tstd:85.6,Bpos:539.1,Bstd:309.8,StrandBias:0.2,Multiplicity:1.00
0.175	0.447	0.226	0.152
0.592	0.106	0.175	0.127
0.048	0.410	0.451	0.091
0.038	0.034	0.036	0.892
0.058	0.042	0.054	0.846
0.113	0.616	0.079	0.192
0.097	0.757	0.062	0.084
0.108	0.199	0.399	0.294
>AGTTCCCC	16-AGTTCCCC	8.584491	-12.573992	0	T:1339.0(3.46%),B:717.4(2.82%),P:1e-5	Tpos:204.3,Tstd:89.8,Bpos:503.5,Bstd:352.4,StrandBias:-0.0,Multiplicity:1.02
0.758	0.019	0.165	0.058
0.078	0.283	0.456	0.183
0.042	0.007	0.012	0.939
0.012	0.027	0.001	0.960
0.069	0.801	0.022	0.108
0.028	0.836	0.025	0.111
0.034	0.637	0.108	0.221
0.157	0.614	0.056	0.173
>TCCKCTTT	17-TCCKCTTT	8.579523	-8.661538	0	T:362.0(0.94%),B:171.5(0.67%),P:1e-3	Tpos:175.0,Tstd:115.1,Bpos:506.7,Bstd:364.5,StrandBias:-0.1,Multiplicity:1.00
0.087	0.031	0.044	0.838
0.026	0.817	0.057	0.100
0.059	0.838	0.024	0.079
0.127	0.164	0.412	0.297
0.041	0.757	0.131	0.071
0.107	0.056	0.038	0.799
0.029	0.020	0.026	0.925
0.091	0.217	0.078	0.614
>TGAGTCAT	18-TGAGTCAT	10.233927	-1.073017	0	T:1219.0(3.15%),B:785.5(3.09%),P:1e0	Tpos:202.0,Tstd:94.4,Bpos:504.1,Bstd:325.4,StrandBias:0.2,Multiplicity:1.02
0.001	0.005	0.001	0.993
0.019	0.034	0.905	0.042
0.967	0.017	0.015	0.001
0.049	0.159	0.744	0.048
0.023	0.001	0.001	0.975
0.032	0.942	0.025	0.001
0.977	0.001	0.004	0.018
0.069	0.099	0.100	0.732
>TTTCCGTT	19-TTTCCGTT	8.396188	-0.000000	0	T:257.0(0.66%),B:272.9(1.07%),P:1e0	Tpos:196.8,Tstd:104.7,Bpos:546.5,Bstd:354.3,StrandBias:-0.2,Multiplicity:1.00
0.001	0.136	0.001	0.862
0.136	0.001	0.001	0.862
0.001	0.399	0.001	0.599
0.001	0.796	0.202	0.001
0.139	0.627	0.233	0.001
0.001	0.374	0.558	0.067
0.001	0.001	0.001	0.997
0.061	0.070	0.322	0.547
>CAGTTYCC	20-CAGTTYCC	7.296705	-0.000000	0	T:12009.0(31.02%),B:8435.6(33.18%),P:1e0	Tpos:203.4,Tstd:114.0,Bpos:517.1,Bstd:348.9,StrandBias:-0.1,Multiplicity:1.05
0.038	0.726	0.180	0.056
0.944	0.001	0.054	0.001
0.001	0.346	0.602	0.051
0.001	0.001	0.001	0.997
0.001	0.001	0.001	0.997
0.025	0.533	0.045	0.397
0.166	0.775	0.036	0.023
0.165	0.833	0.001	0.001
>AGAGGAAM	21-AGAGGAAM	8.300215	-0.000000	0	T:10228.0(26.42%),B:7801.2(30.69%),P:1e0	Tpos:201.6,Tstd:106.3,Bpos:509.2,Bstd:343.8,StrandBias:-0.0,Multiplicity:1.09
0.502	0.059	0.153	0.286
0.001	0.083	0.915	0.001
0.662	0.001	0.336	0.001
0.001	0.039	0.959	0.001
0.001	0.001	0.997	0.001
0.997	0.001	0.001	0.001
0.997	0.001	0.001	0.001
0.470	0.373	0.156	0.001
>GAGGAAAA	22-GAGGAAAA	7.792533	-0.000000	0	T:6726.0(17.37%),B:7263.2(28.57%),P:1e0	Tpos:200.7,Tstd:113.7,Bpos:508.9,Bstd:353.0,StrandBias:0.0,Multiplicity:1.04
0.001	0.001	0.997	0.001
0.997	0.001	0.001	0.001
0.001	0.001	0.997	0.001
0.001	0.001	0.997	0.001
0.997	0.001	0.001	0.001
0.997	0.001	0.001	0.001
0.804	0.194	0.001	0.001
0.523	0.194	0.282	0.001
>CAGTTCTG	23-CAGTTCTG	8.614771	-0.000000	0	T:4840.0(12.50%),B:4051.1(15.94%),P:1e0	Tpos:201.6,Tstd:103.1,Bpos:514.9,Bstd:343.4,StrandBias:-0.0,Multiplicity:1.02
0.001	0.997	0.001	0.001
0.997	0.001	0.001	0.001
0.001	0.296	0.702	0.001
0.001	0.001	0.001	0.997
0.001	0.001	0.001	0.997
0.001	0.997	0.001	0.001
0.001	0.001	0.001	0.997
0.106	0.001	0.771	0.122
>CCACTTCT	24-CCACTTCT	10.436025	-0.000000	0	T:1641.0(4.24%),B:1403.4(5.52%),P:1e0	Tpos:194.7,Tstd:90.0,Bpos:543.0,Bstd:383.6,StrandBias:-0.1,Multiplicity:1.01
0.001	0.997	0.001	0.001
0.001	0.997	0.001	0.001
0.997	0.001	0.001	0.001
0.001	0.818	0.180	0.001
0.001	0.001	0.001	0.997
0.001	0.001	0.001	0.997
0.001	0.997	0.001	0.001
0.300	0.001	0.052	0.647
>AGTTTCCT	25-AGTTTCCT	7.164694	-0.000000	0	T:6859.0(17.72%),B:6818.3(26.82%),P:1e0	Tpos:199.9,Tstd:110.3,Bpos:501.5,Bstd:344.4,StrandBias:-0.0,Multiplicity:1.03
0.997	0.001	0.001	0.001
0.001	0.001	0.997	0.001
0.001	0.001	0.001	0.997
0.001	0.001	0.001	0.997
0.001	0.161	0.001	0.837
0.001	0.997	0.001	0.001
0.001	0.997	0.001	0.001
0.266	0.177	0.024	0.533
