>DATGAGTCAT	1-DATGAGTCAT	8.276277	-5205.813362	0	T:17321.0(34.33%),B:1405.4(4.93%),P:1e-2260	Tpos:205.0,Tstd:49.4,Bpos:497.4,Bstd:334.0,StrandBias:0.0,Multiplicity:1.07
0.241	0.177	0.365	0.217
0.620	0.086	0.282	0.012
0.001	0.001	0.001	0.997
0.001	0.001	0.995	0.003
0.997	0.001	0.001	0.001
0.004	0.400	0.583	0.013
0.001	0.001	0.004	0.994
0.006	0.992	0.001	0.001
0.997	0.001	0.001	0.001
0.003	0.274	0.090	0.633
>NRTGASTCAB	2-NRTGASTCAB	8.112272	-5038.085413	0	T:18109.0(35.89%),B:1740.4(6.11%),P:1e-2187	Tpos:206.8,Tstd:74.7,Bpos:502.6,Bstd:398.5,StrandBias:-0.0,Multiplicity:1.03
0.293	0.172	0.288	0.247
0.378	0.206	0.312	0.104
0.001	0.008	0.003	0.988
0.004	0.001	0.759	0.236
0.951	0.010	0.001	0.038
0.101	0.387	0.391	0.122
0.040	0.001	0.074	0.885
0.223	0.770	0.001	0.006
0.994	0.001	0.004	0.001
0.134	0.279	0.256	0.332
>VTGASTCABN	3-VTGASTCABN	7.714361	-4258.477654	0	T:19965.0(39.57%),B:2916.1(10.23%),P:1e-1849	Tpos:207.8,Tstd:90.8,Bpos:504.4,Bstd:327.0,StrandBias:0.0,Multiplicity:1.04
0.376	0.299	0.325	0.001
0.001	0.001	0.001	0.997
0.001	0.005	0.682	0.312
0.926	0.022	0.001	0.051
0.134	0.357	0.399	0.110
0.054	0.001	0.034	0.911
0.237	0.689	0.060	0.014
0.967	0.009	0.023	0.001
0.137	0.255	0.240	0.369
0.224	0.304	0.166	0.306
>NNVTGASTCA	4-NNVTGASTCA	8.270639	-4212.327746	0	T:14925.0(29.58%),B:1284.0(4.51%),P:1e-1829	Tpos:210.6,Tstd:84.8,Bpos:493.6,Bstd:337.1,StrandBias:0.1,Multiplicity:1.03
0.228	0.282	0.247	0.243
0.260	0.189	0.311	0.240
0.365	0.250	0.248	0.136
0.001	0.001	0.001	0.997
0.002	0.003	0.754	0.241
0.997	0.001	0.001	0.001
0.159	0.380	0.328	0.134
0.070	0.001	0.037	0.892
0.194	0.785	0.018	0.003
0.997	0.001	0.001	0.001
>DATGACGTCA	5-DATGACGTCA	9.205749	-3225.640687	0	T:11323.0(22.44%),B:870.0(3.05%),P:1e-1400	Tpos:202.5,Tstd:41.1,Bpos:537.7,Bstd:318.5,StrandBias:0.0,Multiplicity:1.05
0.347	0.135	0.282	0.236
0.779	0.043	0.171	0.007
0.002	0.004	0.002	0.992
0.003	0.002	0.929	0.066
0.919	0.001	0.005	0.075
0.001	0.652	0.074	0.273
0.333	0.105	0.561	0.001
0.010	0.007	0.001	0.982
0.079	0.917	0.002	0.002
0.989	0.002	0.007	0.002
>RTGACGTMAY	6-RTGACGTMAY	8.600522	-3123.555100	0	T:12457.0(24.69%),B:1246.7(4.37%),P:1e-1356	Tpos:206.0,Tstd:64.8,Bpos:508.2,Bstd:314.6,StrandBias:-0.1,Multiplicity:1.05
0.418	0.164	0.417	0.001
0.018	0.017	0.013	0.952
0.001	0.001	0.970	0.028
0.984	0.001	0.001	0.014
0.001	0.560	0.063	0.376
0.002	0.001	0.923	0.074
0.141	0.265	0.014	0.580
0.417	0.532	0.001	0.050
0.885	0.001	0.068	0.046
0.001	0.403	0.162	0.434
>ATGAGGTCAT	7-ATGAGGTCAT	11.536587	-747.166330	0	T:2831.0(5.61%),B:208.4(0.73%),P:1e-324	Tpos:207.1,Tstd:62.9,Bpos:506.5,Bstd:268.9,StrandBias:0.2,Multiplicity:1.02
0.869	0.040	0.063	0.028
0.001	0.001	0.001	0.997
0.001	0.001	0.997	0.001
0.997	0.001	0.001	0.001
0.001	0.001	0.997	0.001
0.001	0.001	0.997	0.001
0.001	0.001	0.001	0.997
0.152	0.846	0.001	0.001
0.997	0.001	0.001	0.001
0.001	0.243	0.001	0.755
>GCGCNTGCGC	8-GCGCNTGCGC	10.663793	-63.079238	0	T:490.0(0.97%),B:91.6(0.32%),P:1e-27	Tpos:212.3,Tstd:115.8,Bpos:577.1,Bstd:526.8,StrandBias:-0.2,Multiplicity:1.14
0.174	0.205	0.556	0.065
0.001	0.997	0.001	0.001
0.001	0.001	0.997	0.001
0.144	0.602	0.098	0.156
0.172	0.301	0.243	0.284
0.001	0.401	0.028	0.570
0.001	0.166	0.803	0.030
0.001	0.997	0.001	0.001
0.001	0.001	0.997	0.001
0.001	0.949	0.037	0.013
>CRBTTCCGSB	9-CRBTTCCGSB	7.531447	-35.436100	0	T:912.0(1.81%),B:310.8(1.09%),P:1e-15	Tpos:218.9,Tstd:110.4,Bpos:469.0,Bstd:439.9,StrandBias:-0.1,Multiplicity:1.11
0.165	0.394	0.244	0.196
0.285	0.185	0.350	0.180
0.004	0.381	0.280	0.336
0.001	0.103	0.001	0.895
0.028	0.359	0.001	0.612
0.001	0.975	0.001	0.023
0.001	0.997	0.001	0.001
0.001	0.159	0.633	0.207
0.001	0.410	0.471	0.118
0.143	0.320	0.262	0.275
>NCAAAGKYCA	10-NCAAAGKYCA	8.551983	-17.378702	0	T:1069.0(2.12%),B:448.5(1.57%),P:1e-7	Tpos:214.2,Tstd:99.5,Bpos:496.5,Bstd:294.3,StrandBias:-0.1,Multiplicity:1.01
0.237	0.268	0.260	0.235
0.001	0.735	0.152	0.112
0.702	0.001	0.165	0.132
0.669	0.092	0.215	0.024
0.853	0.001	0.145	0.001
0.001	0.001	0.837	0.161
0.073	0.074	0.390	0.464
0.055	0.434	0.101	0.409
0.166	0.685	0.001	0.148
0.618	0.130	0.139	0.113
>GTCACGTGAC	11-GTCACGTGAC	10.819640	-16.885837	0	T:269.0(0.53%),B:79.1(0.28%),P:1e-7	Tpos:203.5,Tstd:102.2,Bpos:498.9,Bstd:320.5,StrandBias:0.1,Multiplicity:1.07
0.001	0.102	0.865	0.032
0.001	0.154	0.001	0.844
0.022	0.865	0.097	0.016
0.987	0.001	0.001	0.011
0.001	0.997	0.001	0.001
0.096	0.038	0.865	0.001
0.001	0.001	0.011	0.987
0.001	0.001	0.997	0.001
0.856	0.083	0.001	0.060
0.001	0.939	0.001	0.059
>CGCGCATGCG	12-CGCGCATGCG	11.103340	-9.226396	0	T:389.0(0.77%),B:155.5(0.55%),P:1e-4	Tpos:216.0,Tstd:117.2,Bpos:575.3,Bstd:481.2,StrandBias:-0.3,Multiplicity:1.04
0.001	0.997	0.001	0.001
0.001	0.037	0.961	0.001
0.001	0.997	0.001	0.001
0.001	0.001	0.997	0.001
0.001	0.997	0.001	0.001
0.557	0.109	0.234	0.100
0.061	0.289	0.079	0.571
0.001	0.006	0.992	0.001
0.001	0.997	0.001	0.001
0.001	0.001	0.997	0.001
>GYCCCGCCCC	13-GYCCCGCCCC	9.939719	-7.558987	0	T:2016.0(4.00%),B:1006.2(3.53%),P:1e-3	Tpos:216.9,Tstd:124.3,Bpos:474.8,Bstd:670.9,StrandBias:-0.0,Multiplicity:1.38
0.118	0.165	0.570	0.147
0.023	0.493	0.091	0.393
0.116	0.540	0.001	0.343
0.079	0.801	0.119	0.001
0.001	0.945	0.053	0.001
0.001	0.001	0.997	0.001
0.001	0.997	0.001	0.001
0.001	0.993	0.001	0.005
0.001	0.890	0.001	0.108
0.132	0.582	0.090	0.196
>GGCCCCGCCC	14-GGCCCCGCCC	10.618627	-6.960919	0	T:2123.0(4.21%),B:1070.2(3.75%),P:1e-3	Tpos:212.7,Tstd:126.8,Bpos:522.1,Bstd:585.1,StrandBias:0.2,Multiplicity:1.12
0.184	0.271	0.460	0.086
0.001	0.001	0.997	0.001
0.001	0.904	0.001	0.094
0.001	0.921	0.001	0.077
0.001	0.997	0.001	0.001
0.001	0.997	0.001	0.001
0.001	0.001	0.997	0.001
0.001	0.997	0.001	0.001
0.001	0.997	0.001	0.001
0.001	0.997	0.001	0.001
>AKGTGACCTT	15-AKGTGACCTT	9.754451	-6.610690	0	T:345.0(0.68%),B:145.0(0.51%),P:1e-2	Tpos:205.0,Tstd:80.6,Bpos:506.0,Bstd:304.7,StrandBias:0.0,Multiplicity:1.00
0.470	0.286	0.112	0.131
0.225	0.160	0.240	0.375
0.109	0.160	0.459	0.272
0.003	0.014	0.020	0.963
0.090	0.113	0.748	0.049
0.691	0.070	0.153	0.086
0.168	0.784	0.043	0.005
0.182	0.761	0.008	0.049
0.005	0.029	0.016	0.950
0.058	0.191	0.031	0.720
>NCARAGKBCA	16-NCARAGKBCA	6.671676	-3.217718	0	T:282.0(0.56%),B:132.5(0.46%),P:1e-1	Tpos:215.6,Tstd:111.4,Bpos:495.4,Bstd:296.3,StrandBias:0.0,Multiplicity:1.01
0.214	0.232	0.284	0.271
0.117	0.506	0.221	0.156
0.566	0.185	0.100	0.149
0.476	0.077	0.370	0.077
0.692	0.043	0.191	0.074
0.059	0.018	0.884	0.039
0.093	0.116	0.424	0.367
0.094	0.306	0.229	0.370
0.220	0.501	0.075	0.204
0.424	0.245	0.192	0.140
>BTGRCCTTTG	17-BTGRCCTTTG	9.495929	-2.461617	0	T:298.0(0.59%),B:146.3(0.51%),P:1e-1	Tpos:199.3,Tstd:94.0,Bpos:534.3,Bstd:329.3,StrandBias:0.1,Multiplicity:1.00
0.134	0.270	0.276	0.320
0.049	0.105	0.080	0.766
0.176	0.001	0.652	0.171
0.479	0.090	0.393	0.038
0.402	0.561	0.036	0.001
0.001	0.997	0.001	0.001
0.001	0.001	0.001	0.997
0.001	0.202	0.001	0.796
0.065	0.001	0.279	0.655
0.226	0.078	0.661	0.035
>YCCCGCCCMC	18-YCCCGCCCMC	11.684578	-2.282989	0	T:329.0(0.65%),B:164.1(0.58%),P:1e0	Tpos:231.8,Tstd:125.4,Bpos:459.5,Bstd:488.2,StrandBias:0.0,Multiplicity:1.01
0.001	0.509	0.001	0.489
0.001	0.700	0.001	0.298
0.001	0.997	0.001	0.001
0.001	0.997	0.001	0.001
0.001	0.001	0.997	0.001
0.001	0.997	0.001	0.001
0.001	0.997	0.001	0.001
0.001	0.997	0.001	0.001
0.555	0.443	0.001	0.001
0.209	0.583	0.056	0.152
>TDWGTAAACA	19-TDWGTAAACA	9.486390	-1.621371	0	T:333.0(0.66%),B:173.2(0.61%),P:1e0	Tpos:209.4,Tstd:106.7,Bpos:521.8,Bstd:296.9,StrandBias:-0.2,Multiplicity:1.01
0.236	0.078	0.139	0.547
0.337	0.160	0.302	0.202
0.349	0.044	0.213	0.394
0.062	0.140	0.719	0.079
0.015	0.301	0.001	0.683
0.739	0.256	0.001	0.004
0.997	0.001	0.001	0.001
0.702	0.001	0.141	0.156
0.001	0.775	0.001	0.223
0.981	0.008	0.001	0.010
>KCDCGCGCGC	20-KCDCGCGCGC	7.801369	-0.491252	0	T:534.0(1.06%),B:307.2(1.08%),P:1e0	Tpos:216.0,Tstd:120.9,Bpos:477.3,Bstd:682.0,StrandBias:0.0,Multiplicity:1.12
0.118	0.195	0.404	0.282
0.001	0.882	0.116	0.001
0.204	0.161	0.351	0.284
0.001	0.592	0.001	0.406
0.001	0.181	0.579	0.239
0.001	0.758	0.001	0.240
0.001	0.111	0.547	0.341
0.001	0.747	0.045	0.207
0.104	0.190	0.435	0.270
0.198	0.800	0.001	0.001
>NCTTTGAMCT	21-NCTTTGAMCT	8.135529	-0.243317	0	T:270.0(0.54%),B:164.5(0.58%),P:1e0	Tpos:206.6,Tstd:108.0,Bpos:502.6,Bstd:299.1,StrandBias:-0.0,Multiplicity:1.02
0.296	0.283	0.219	0.202
0.128	0.745	0.017	0.110
0.005	0.219	0.005	0.771
0.031	0.231	0.187	0.551
0.004	0.001	0.073	0.922
0.044	0.068	0.885	0.003
0.453	0.161	0.240	0.146
0.403	0.349	0.062	0.186
0.182	0.488	0.190	0.140
0.175	0.240	0.085	0.500
>CTTTGAACTB	22-CTTTGAACTB	10.392659	-0.090716	0	T:179.0(0.35%),B:118.8(0.42%),P:1e0	Tpos:212.7,Tstd:106.5,Bpos:427.7,Bstd:283.5,StrandBias:-0.2,Multiplicity:1.02
0.043	0.897	0.032	0.028
0.001	0.085	0.001	0.913
0.001	0.143	0.072	0.784
0.001	0.001	0.001	0.997
0.001	0.011	0.987	0.001
0.585	0.132	0.253	0.030
0.514	0.280	0.021	0.185
0.076	0.753	0.159	0.012
0.131	0.169	0.035	0.665
0.118	0.271	0.284	0.327
>BGGCGCCGCC	23-BGGCGCCGCC	8.813933	-0.000000	0	T:160.0(0.32%),B:165.5(0.58%),P:1e0	Tpos:221.8,Tstd:121.9,Bpos:468.4,Bstd:774.1,StrandBias:0.3,Multiplicity:1.02
0.155	0.339	0.261	0.245
0.127	0.240	0.528	0.105
0.101	0.180	0.633	0.086
0.100	0.745	0.087	0.068
0.056	0.149	0.681	0.114
0.071	0.652	0.203	0.074
0.101	0.641	0.156	0.102
0.078	0.124	0.705	0.093
0.082	0.609	0.226	0.083
0.075	0.622	0.191	0.112
>NGMGCVBGCG	24-NGMGCVBGCG	5.508276	-0.000000	0	T:11615.0(23.02%),B:10066.4(35.32%),P:1e0	Tpos:215.8,Tstd:130.7,Bpos:503.4,Bstd:529.9,StrandBias:0.0,Multiplicity:1.56
0.262	0.252	0.268	0.218
0.334	0.001	0.493	0.172
0.484	0.514	0.001	0.001
0.001	0.001	0.997	0.001
0.386	0.612	0.001	0.001
0.285	0.308	0.372	0.036
0.170	0.285	0.338	0.206
0.001	0.001	0.726	0.272
0.001	0.997	0.001	0.001
0.001	0.001	0.769	0.229
>CTCTCTCTCT	25-CTCTCTCTCT	6.891624	-0.000000	0	T:4444.0(8.81%),B:5888.7(20.66%),P:1e0	Tpos:209.6,Tstd:107.3,Bpos:510.0,Bstd:357.1,StrandBias:-0.0,Multiplicity:1.15
0.001	0.997	0.001	0.001
0.001	0.001	0.028	0.970
0.001	0.997	0.001	0.001
0.001	0.001	0.001	0.997
0.001	0.997	0.001	0.001
0.001	0.001	0.001	0.997
0.001	0.997	0.001	0.001
0.001	0.001	0.001	0.997
0.001	0.997	0.001	0.001
0.001	0.001	0.010	0.988
