>DATGAGTCAT	1-DATGAGTCAT	8.276277	-5205.813362	0	T:17321.0(34.33%),B:1405.4(4.93%),P:1e-2260	Tpos:205.0,Tstd:49.4,Bpos:497.4,Bstd:334.0,StrandBias:0.0,Multiplicity:1.07
0.241	0.177	0.365	0.217
0.620	0.086	0.282	0.012
0.001	0.001	0.001	0.997
0.001	0.001	0.995	0.003
0.997	0.001	0.001	0.001
0.004	0.400	0.583	0.013
0.001	0.001	0.004	0.994
0.006	0.992	0.001	0.001
0.997	0.001	0.001	0.001
0.003	0.274	0.090	0.633
>NRTGASTCAB	2-NRTGASTCAB	8.112272	-5038.085413	0	T:18109.0(35.89%),B:1740.4(6.11%),P:1e-2187	Tpos:206.8,Tstd:74.7,Bpos:502.6,Bstd:398.5,StrandBias:-0.0,Multiplicity:1.03
0.293	0.172	0.288	0.247
0.378	0.206	0.312	0.104
0.001	0.008	0.003	0.988
0.004	0.001	0.759	0.236
0.951	0.010	0.001	0.038
0.101	0.387	0.391	0.122
0.040	0.001	0.074	0.885
0.223	0.770	0.001	0.006
0.994	0.001	0.004	0.001
0.134	0.279	0.256	0.332
>VTGASTCABN	3-VTGASTCABN	7.714361	-4258.477654	0	T:19965.0(39.57%),B:2916.1(10.23%),P:1e-1849	Tpos:207.8,Tstd:90.8,Bpos:504.4,Bstd:327.0,StrandBias:0.0,Multiplicity:1.04
0.376	0.299	0.325	0.001
0.001	0.001	0.001	0.997
0.001	0.005	0.682	0.312
0.926	0.022	0.001	0.051
0.134	0.357	0.399	0.110
0.054	0.001	0.034	0.911
0.237	0.689	0.060	0.014
0.967	0.009	0.023	0.001
0.137	0.255	0.240	0.369
0.224	0.304	0.166	0.306
>NNVTGASTCA	4-NNVTGASTCA	8.270639	-4212.327746	0	T:14925.0(29.58%),B:1284.0(4.51%),P:1e-1829	Tpos:210.6,Tstd:84.8,Bpos:493.6,Bstd:337.1,StrandBias:0.1,Multiplicity:1.03
0.228	0.282	0.247	0.243
0.260	0.189	0.311	0.240
0.365	0.250	0.248	0.136
0.001	0.001	0.001	0.997
0.002	0.003	0.754	0.241
0.997	0.001	0.001	0.001
0.159	0.380	0.328	0.134
0.070	0.001	0.037	0.892
0.194	0.785	0.018	0.003
0.997	0.001	0.001	0.001
>DATGACGTCA	5-DATGACGTCA	9.205749	-3225.640687	0	T:11323.0(22.44%),B:870.0(3.05%),P:1e-1400	Tpos:202.5,Tstd:41.1,Bpos:537.7,Bstd:318.5,StrandBias:0.0,Multiplicity:1.05
0.347	0.135	0.282	0.236
0.779	0.043	0.171	0.007
0.002	0.004	0.002	0.992
0.003	0.002	0.929	0.066
0.919	0.001	0.005	0.075
0.001	0.652	0.074	0.273
0.333	0.105	0.561	0.001
0.010	0.007	0.001	0.982
0.079	0.917	0.002	0.002
0.989	0.002	0.007	0.002
>RTGACGTMAY	6-RTGACGTMAY	8.600522	-3123.555100	0	T:12457.0(24.69%),B:1246.7(4.37%),P:1e-1356	Tpos:206.0,Tstd:64.8,Bpos:508.2,Bstd:314.6,StrandBias:-0.1,Multiplicity:1.05
0.418	0.164	0.417	0.001
0.018	0.017	0.013	0.952
0.001	0.001	0.970	0.028
0.984	0.001	0.001	0.014
0.001	0.560	0.063	0.376
0.002	0.001	0.923	0.074
0.141	0.265	0.014	0.580
0.417	0.532	0.001	0.050
0.885	0.001	0.068	0.046
0.001	0.403	0.162	0.434
>ATGAGGTCAT	7-ATGAGGTCAT	11.536587	-747.166330	0	T:2831.0(5.61%),B:208.4(0.73%),P:1e-324	Tpos:207.1,Tstd:62.9,Bpos:506.5,Bstd:268.9,StrandBias:0.2,Multiplicity:1.02
0.869	0.040	0.063	0.028
0.001	0.001	0.001	0.997
0.001	0.001	0.997	0.001
0.997	0.001	0.001	0.001
0.001	0.001	0.997	0.001
0.001	0.001	0.997	0.001
0.001	0.001	0.001	0.997
0.152	0.846	0.001	0.001
0.997	0.001	0.001	0.001
0.001	0.243	0.001	0.755
>GCGCNTGCGC	8-GCGCNTGCGC	10.663793	-63.079238	0	T:490.0(0.97%),B:91.6(0.32%),P:1e-27	Tpos:212.3,Tstd:115.8,Bpos:577.1,Bstd:526.8,StrandBias:-0.2,Multiplicity:1.14
0.174	0.205	0.556	0.065
0.001	0.997	0.001	0.001
0.001	0.001	0.997	0.001
0.144	0.602	0.098	0.156
0.172	0.301	0.243	0.284
0.001	0.401	0.028	0.570
0.001	0.166	0.803	0.030
0.001	0.997	0.001	0.001
0.001	0.001	0.997	0.001
0.001	0.949	0.037	0.013
>CRBTTCCGSB	9-CRBTTCCGSB	7.531447	-35.436100	0	T:912.0(1.81%),B:310.8(1.09%),P:1e-15	Tpos:218.9,Tstd:110.4,Bpos:469.0,Bstd:439.9,StrandBias:-0.1,Multiplicity:1.11
0.165	0.394	0.244	0.196
0.285	0.185	0.350	0.180
0.004	0.381	0.280	0.336
0.001	0.103	0.001	0.895
0.028	0.359	0.001	0.612
0.001	0.975	0.001	0.023
0.001	0.997	0.001	0.001
0.001	0.159	0.633	0.207
0.001	0.410	0.471	0.118
0.143	0.320	0.262	0.275
>NCAAAGKYCA	10-NCAAAGKYCA	8.551983	-17.378702	0	T:1069.0(2.12%),B:448.5(1.57%),P:1e-7	Tpos:214.2,Tstd:99.5,Bpos:496.5,Bstd:294.3,StrandBias:-0.1,Multiplicity:1.01
0.237	0.268	0.260	0.235
0.001	0.735	0.152	0.112
0.702	0.001	0.165	0.132
0.669	0.092	0.215	0.024
0.853	0.001	0.145	0.001
0.001	0.001	0.837	0.161
0.073	0.074	0.390	0.464
0.055	0.434	0.101	0.409
0.166	0.685	0.001	0.148
0.618	0.130	0.139	0.113
>GTCACGTGAC	11-GTCACGTGAC	10.819640	-16.885837	0	T:269.0(0.53%),B:79.1(0.28%),P:1e-7	Tpos:203.5,Tstd:102.2,Bpos:498.9,Bstd:320.5,StrandBias:0.1,Multiplicity:1.07
0.001	0.102	0.865	0.032
0.001	0.154	0.001	0.844
0.022	0.865	0.097	0.016
0.987	0.001	0.001	0.011
0.001	0.997	0.001	0.001
0.096	0.038	0.865	0.001
0.001	0.001	0.011	0.987
0.001	0.001	0.997	0.001
0.856	0.083	0.001	0.060
0.001	0.939	0.001	0.059
>CGCGCATGCG	12-CGCGCATGCG	11.103340	-9.226396	0	T:389.0(0.77%),B:155.5(0.55%),P:1e-4	Tpos:216.0,Tstd:117.2,Bpos:575.3,Bstd:481.2,StrandBias:-0.3,Multiplicity:1.04
0.001	0.997	0.001	0.001
0.001	0.037	0.961	0.001
0.001	0.997	0.001	0.001
0.001	0.001	0.997	0.001
0.001	0.997	0.001	0.001
0.557	0.109	0.234	0.100
0.061	0.289	0.079	0.571
0.001	0.006	0.992	0.001
0.001	0.997	0.001	0.001
0.001	0.001	0.997	0.001
>GYCCCGCCCC	13-GYCCCGCCCC	9.939719	-7.558987	0	T:2016.0(4.00%),B:1006.2(3.53%),P:1e-3	Tpos:216.9,Tstd:124.3,Bpos:474.8,Bstd:670.9,StrandBias:-0.0,Multiplicity:1.38
0.118	0.165	0.570	0.147
0.023	0.493	0.091	0.393
0.116	0.540	0.001	0.343
0.079	0.801	0.119	0.001
0.001	0.945	0.053	0.001
0.001	0.001	0.997	0.001
0.001	0.997	0.001	0.001
0.001	0.993	0.001	0.005
0.001	0.890	0.001	0.108
0.132	0.582	0.090	0.196
>GGCCCCGCCC	14-GGCCCCGCCC	10.618627	-6.960919	0	T:2123.0(4.21%),B:1070.2(3.75%),P:1e-3	Tpos:212.7,Tstd:126.8,Bpos:522.1,Bstd:585.1,StrandBias:0.2,Multiplicity:1.12
0.184	0.271	0.460	0.086
0.001	0.001	0.997	0.001
0.001	0.904	0.001	0.094
0.001	0.921	0.001	0.077
0.001	0.997	0.001	0.001
0.001	0.997	0.001	0.001
0.001	0.001	0.997	0.001
0.001	0.997	0.001	0.001
0.001	0.997	0.001	0.001
0.001	0.997	0.001	0.001
>AKGTGACCTT	15-AKGTGACCTT	9.754451	-6.610690	0	T:345.0(0.68%),B:145.0(0.51%),P:1e-2	Tpos:205.0,Tstd:80.6,Bpos:506.0,Bstd:304.7,StrandBias:0.0,Multiplicity:1.00
0.470	0.286	0.112	0.131
0.225	0.160	0.240	0.375
0.109	0.160	0.459	0.272
0.003	0.014	0.020	0.963
0.090	0.113	0.748	0.049
0.691	0.070	0.153	0.086
0.168	0.784	0.043	0.005
0.182	0.761	0.008	0.049
0.005	0.029	0.016	0.950
0.058	0.191	0.031	0.720
>NCARAGKBCA	16-NCARAGKBCA	6.671676	-3.217718	0	T:282.0(0.56%),B:132.5(0.46%),P:1e-1	Tpos:215.6,Tstd:111.4,Bpos:495.4,Bstd:296.3,StrandBias:0.0,Multiplicity:1.01
0.214	0.232	0.284	0.271
0.117	0.506	0.221	0.156
0.566	0.185	0.100	0.149
0.476	0.077	0.370	0.077
0.692	0.043	0.191	0.074
0.059	0.018	0.884	0.039
0.093	0.116	0.424	0.367
0.094	0.306	0.229	0.370
0.220	0.501	0.075	0.204
0.424	0.245	0.192	0.140
>BTGRCCTTTG	17-BTGRCCTTTG	9.495929	-2.461617	0	T:298.0(0.59%),B:146.3(0.51%),P:1e-1	Tpos:199.3,Tstd:94.0,Bpos:534.3,Bstd:329.3,StrandBias:0.1,Multiplicity:1.00
0.134	0.270	0.276	0.320
0.049	0.105	0.080	0.766
0.176	0.001	0.652	0.171
0.479	0.090	0.393	0.038
0.402	0.561	0.036	0.001
0.001	0.997	0.001	0.001
0.001	0.001	0.001	0.997
0.001	0.202	0.001	0.796
0.065	0.001	0.279	0.655
0.226	0.078	0.661	0.035
>YCCCGCCCMC	18-YCCCGCCCMC	11.684578	-2.282989	0	T:329.0(0.65%),B:164.1(0.58%),P:1e0	Tpos:231.8,Tstd:125.4,Bpos:459.5,Bstd:488.2,StrandBias:0.0,Multiplicity:1.01
0.001	0.509	0.001	0.489
0.001	0.700	0.001	0.298
0.001	0.997	0.001	0.001
0.001	0.997	0.001	0.001
0.001	0.001	0.997	0.001
0.001	0.997	0.001	0.001
0.001	0.997	0.001	0.001
0.001	0.997	0.001	0.001
0.555	0.443	0.001	0.001
0.209	0.583	0.056	0.152
>TDWGTAAACA	19-TDWGTAAACA	9.486390	-1.621371	0	T:333.0(0.66%),B:173.2(0.61%),P:1e0	Tpos:209.4,Tstd:106.7,Bpos:521.8,Bstd:296.9,StrandBias:-0.2,Multiplicity:1.01
0.236	0.078	0.139	0.547
0.337	0.160	0.302	0.202
0.349	0.044	0.213	0.394
0.062	0.140	0.719	0.079
0.015	0.301	0.001	0.683
0.739	0.256	0.001	0.004
0.997	0.001	0.001	0.001
0.702	0.001	0.141	0.156
0.001	0.775	0.001	0.223
0.981	0.008	0.001	0.010
>KCDCGCGCGC	20-KCDCGCGCGC	7.801369	-0.491252	0	T:534.0(1.06%),B:307.2(1.08%),P:1e0	Tpos:216.0,Tstd:120.9,Bpos:477.3,Bstd:682.0,StrandBias:0.0,Multiplicity:1.12
0.118	0.195	0.404	0.282
0.001	0.882	0.116	0.001
0.204	0.161	0.351	0.284
0.001	0.592	0.001	0.406
0.001	0.181	0.579	0.239
0.001	0.758	0.001	0.240
0.001	0.111	0.547	0.341
0.001	0.747	0.045	0.207
0.104	0.190	0.435	0.270
0.198	0.800	0.001	0.001
>NCTTTGAMCT	21-NCTTTGAMCT	8.135529	-0.243317	0	T:270.0(0.54%),B:164.5(0.58%),P:1e0	Tpos:206.6,Tstd:108.0,Bpos:502.6,Bstd:299.1,StrandBias:-0.0,Multiplicity:1.02
0.296	0.283	0.219	0.202
0.128	0.745	0.017	0.110
0.005	0.219	0.005	0.771
0.031	0.231	0.187	0.551
0.004	0.001	0.073	0.922
0.044	0.068	0.885	0.003
0.453	0.161	0.240	0.146
0.403	0.349	0.062	0.186
0.182	0.488	0.190	0.140
0.175	0.240	0.085	0.500
>CTTTGAACTB	22-CTTTGAACTB	10.392659	-0.090716	0	T:179.0(0.35%),B:118.8(0.42%),P:1e0	Tpos:212.7,Tstd:106.5,Bpos:427.7,Bstd:283.5,StrandBias:-0.2,Multiplicity:1.02
0.043	0.897	0.032	0.028
0.001	0.085	0.001	0.913
0.001	0.143	0.072	0.784
0.001	0.001	0.001	0.997
0.001	0.011	0.987	0.001
0.585	0.132	0.253	0.030
0.514	0.280	0.021	0.185
0.076	0.753	0.159	0.012
0.131	0.169	0.035	0.665
0.118	0.271	0.284	0.327
>BGGCGCCGCC	23-BGGCGCCGCC	8.813933	-0.000000	0	T:160.0(0.32%),B:165.5(0.58%),P:1e0	Tpos:221.8,Tstd:121.9,Bpos:468.4,Bstd:774.1,StrandBias:0.3,Multiplicity:1.02
0.155	0.339	0.261	0.245
0.127	0.240	0.528	0.105
0.101	0.180	0.633	0.086
0.100	0.745	0.087	0.068
0.056	0.149	0.681	0.114
0.071	0.652	0.203	0.074
0.101	0.641	0.156	0.102
0.078	0.124	0.705	0.093
0.082	0.609	0.226	0.083
0.075	0.622	0.191	0.112
>NGMGCVBGCG	24-NGMGCVBGCG	5.508276	-0.000000	0	T:11615.0(23.02%),B:10066.4(35.32%),P:1e0	Tpos:215.8,Tstd:130.7,Bpos:503.4,Bstd:529.9,StrandBias:0.0,Multiplicity:1.56
0.262	0.252	0.268	0.218
0.334	0.001	0.493	0.172
0.484	0.514	0.001	0.001
0.001	0.001	0.997	0.001
0.386	0.612	0.001	0.001
0.285	0.308	0.372	0.036
0.170	0.285	0.338	0.206
0.001	0.001	0.726	0.272
0.001	0.997	0.001	0.001
0.001	0.001	0.769	0.229
>CTCTCTCTCT	25-CTCTCTCTCT	6.891624	-0.000000	0	T:4444.0(8.81%),B:5888.7(20.66%),P:1e0	Tpos:209.6,Tstd:107.3,Bpos:510.0,Bstd:357.1,StrandBias:-0.0,Multiplicity:1.15
0.001	0.997	0.001	0.001
0.001	0.001	0.028	0.970
0.001	0.997	0.001	0.001
0.001	0.001	0.001	0.997
0.001	0.997	0.001	0.001
0.001	0.001	0.001	0.997
0.001	0.997	0.001	0.001
0.001	0.001	0.001	0.997
0.001	0.997	0.001	0.001
0.001	0.001	0.010	0.988
>RATGASTCATNN	1-RATGASTCATNN	8.332643	-5273.556542	0	T:16288.0(32.29%),B:1081.3(3.79%),P:1e-2290	Tpos:204.8,Tstd:46.9,Bpos:496.6,Bstd:350.7,StrandBias:0.0,Multiplicity:1.06
0.242	0.197	0.368	0.192
0.463	0.190	0.297	0.049
0.021	0.026	0.026	0.927
0.021	0.046	0.818	0.115
0.908	0.034	0.017	0.041
0.092	0.395	0.428	0.085
0.039	0.017	0.039	0.905
0.137	0.810	0.035	0.018
0.952	0.019	0.024	0.005
0.067	0.266	0.200	0.467
0.198	0.320	0.211	0.271
0.254	0.288	0.249	0.209
>GATGACRTCATY	2-GATGACRTCATY	9.349476	-4039.710208	0	T:11992.0(23.77%),B:615.0(2.16%),P:1e-1754	Tpos:202.4,Tstd:39.1,Bpos:518.6,Bstd:301.7,StrandBias:-0.0,Multiplicity:1.04
0.184	0.180	0.438	0.198
0.809	0.042	0.140	0.009
0.001	0.017	0.001	0.981
0.002	0.004	0.699	0.295
0.770	0.001	0.037	0.192
0.004	0.961	0.030	0.005
0.385	0.105	0.500	0.010
0.007	0.007	0.001	0.985
0.063	0.934	0.001	0.002
0.953	0.017	0.003	0.027
0.039	0.268	0.146	0.547
0.102	0.456	0.092	0.350
>NDRTGACGTCAY	3-NDRTGACGTCAY	8.940077	-3574.462961	0	T:9409.0(18.65%),B:272.0(0.95%),P:1e-1552	Tpos:208.4,Tstd:55.8,Bpos:509.8,Bstd:337.8,StrandBias:-0.0,Multiplicity:1.01
0.268	0.223	0.237	0.272
0.302	0.139	0.307	0.252
0.397	0.220	0.273	0.110
0.001	0.001	0.001	0.997
0.001	0.022	0.769	0.208
0.997	0.001	0.001	0.001
0.114	0.455	0.239	0.192
0.182	0.244	0.448	0.126
0.005	0.007	0.001	0.987
0.242	0.735	0.008	0.015
0.997	0.001	0.001	0.001
0.108	0.276	0.223	0.394
>NNTGASTCABHN	4-NNTGASTCABHN	7.987398	-3409.226034	0	T:15542.0(30.81%),B:2012.7(7.06%),P:1e-1480	Tpos:205.3,Tstd:78.7,Bpos:502.4,Bstd:311.3,StrandBias:-0.0,Multiplicity:1.05
0.267	0.205	0.262	0.266
0.269	0.260	0.235	0.235
0.055	0.026	0.053	0.866
0.053	0.061	0.789	0.097
0.832	0.051	0.053	0.064
0.194	0.379	0.384	0.044
0.064	0.053	0.043	0.840
0.084	0.801	0.064	0.051
0.874	0.045	0.025	0.056
0.004	0.308	0.346	0.343
0.280	0.284	0.128	0.307
0.262	0.237	0.234	0.267
>DRTTGCATCATC	5-DRTTGCATCATC	9.570248	-415.402383	0	T:1959.0(3.88%),B:209.6(0.74%),P:1e-180	Tpos:206.2,Tstd:59.1,Bpos:492.4,Bstd:315.4,StrandBias:0.1,Multiplicity:1.02
0.225	0.184	0.227	0.365
0.391	0.160	0.405	0.044
0.064	0.001	0.002	0.933
0.001	0.001	0.001	0.997
0.270	0.015	0.563	0.152
0.155	0.838	0.002	0.005
0.564	0.131	0.292	0.013
0.223	0.038	0.007	0.732
0.185	0.813	0.001	0.001
0.988	0.001	0.001	0.010
0.020	0.253	0.195	0.532
0.245	0.400	0.166	0.189
>GKYCAAAGTYCA	6-GKYCAAAGTYCA	9.634150	-76.674321	0	T:1473.0(2.92%),B:450.3(1.58%),P:1e-33	Tpos:209.8,Tstd:97.6,Bpos:505.6,Bstd:290.6,StrandBias:-0.0,Multiplicity:1.02
0.138	0.065	0.668	0.129
0.203	0.095	0.300	0.402
0.139	0.365	0.191	0.304
0.020	0.911	0.012	0.057
0.923	0.040	0.008	0.029
0.728	0.042	0.214	0.016
0.882	0.001	0.106	0.011
0.015	0.025	0.863	0.097
0.070	0.038	0.223	0.669
0.064	0.457	0.115	0.364
0.046	0.905	0.002	0.047
0.752	0.095	0.015	0.138
>SBGCGCATGCGC	7-SBGCGCATGCGC	10.955637	-62.885462	0	T:724.0(1.44%),B:175.4(0.62%),P:1e-27	Tpos:216.3,Tstd:119.5,Bpos:491.5,Bstd:678.9,StrandBias:-0.1,Multiplicity:1.16
0.163	0.386	0.295	0.156
0.098	0.329	0.236	0.338
0.160	0.001	0.838	0.001
0.125	0.873	0.001	0.001
0.001	0.001	0.997	0.001
0.001	0.997	0.001	0.001
0.478	0.225	0.204	0.094
0.081	0.186	0.213	0.520
0.001	0.001	0.997	0.001
0.001	0.997	0.001	0.001
0.001	0.009	0.907	0.083
0.001	0.841	0.001	0.157
>CCGGAAGTGVCG	8-CCGGAAGTGVCG	11.438620	-47.892874	0	T:385.0(0.76%),B:74.8(0.26%),P:1e-20	Tpos:218.7,Tstd:107.2,Bpos:516.7,Bstd:383.7,StrandBias:0.3,Multiplicity:1.05
0.021	0.822	0.156	0.001
0.201	0.796	0.001	0.002
0.001	0.001	0.997	0.001
0.001	0.001	0.997	0.001
0.971	0.013	0.015	0.001
0.997	0.001	0.001	0.001
0.025	0.001	0.973	0.001
0.055	0.192	0.028	0.725
0.013	0.071	0.913	0.003
0.387	0.285	0.320	0.008
0.102	0.615	0.252	0.031
0.051	0.211	0.548	0.190
>CCTTATTTGGAA	9-CCTTATTTGGAA	16.329201	-30.106429	0	T:149.0(0.30%),B:18.4(0.06%),P:1e-13	Tpos:204.1,Tstd:75.2,Bpos:641.1,Bstd:246.1,StrandBias:0.2,Multiplicity:1.00
0.001	0.997	0.001	0.001
0.001	0.917	0.001	0.081
0.001	0.001	0.001	0.997
0.001	0.001	0.029	0.969
0.898	0.023	0.050	0.029
0.001	0.001	0.001	0.997
0.001	0.001	0.001	0.997
0.001	0.001	0.001	0.997
0.001	0.001	0.997	0.001
0.029	0.025	0.945	0.001
0.997	0.001	0.001	0.001
0.997	0.001	0.001	0.001
>ACTACAATTCCC	10-ACTACAATTCCC	12.415367	-29.783611	0	T:231.0(0.46%),B:44.9(0.16%),P:1e-12	Tpos:227.7,Tstd:113.6,Bpos:526.5,Bstd:335.8,StrandBias:-0.3,Multiplicity:1.10
0.857	0.068	0.048	0.027
0.037	0.871	0.042	0.050
0.034	0.093	0.036	0.837
0.800	0.087	0.083	0.030
0.040	0.910	0.036	0.014
0.868	0.039	0.070	0.023
0.640	0.089	0.063	0.208
0.097	0.127	0.100	0.676
0.035	0.076	0.042	0.847
0.040	0.887	0.038	0.035
0.019	0.911	0.014	0.056
0.049	0.904	0.018	0.029
>CGGTCACGTGAC	11-CGGTCACGTGAC	10.850878	-28.341436	0	T:208.0(0.41%),B:38.9(0.14%),P:1e-12	Tpos:204.0,Tstd:99.1,Bpos:455.6,Bstd:271.5,StrandBias:0.1,Multiplicity:1.08
0.120	0.545	0.191	0.144
0.136	0.113	0.662	0.089
0.040	0.068	0.871	0.021
0.045	0.119	0.054	0.782
0.012	0.918	0.056	0.014
0.952	0.018	0.018	0.012
0.022	0.856	0.039	0.083
0.071	0.048	0.861	0.020
0.018	0.012	0.027	0.943
0.014	0.043	0.929	0.014
0.818	0.061	0.100	0.021
0.022	0.867	0.072	0.039
>AAGGTCACATTN	12-AAGGTCACATTN	11.918002	-23.247209	0	T:138.0(0.27%),B:21.7(0.08%),P:1e-10	Tpos:202.4,Tstd:62.6,Bpos:531.0,Bstd:333.7,StrandBias:0.1,Multiplicity:1.00
0.545	0.145	0.153	0.157
0.833	0.022	0.056	0.089
0.157	0.032	0.668	0.143
0.097	0.089	0.666	0.148
0.109	0.075	0.071	0.745
0.088	0.716	0.124	0.072
0.870	0.044	0.022	0.064
0.117	0.716	0.096	0.071
0.734	0.100	0.034	0.132
0.063	0.061	0.139	0.737
0.063	0.065	0.088	0.784
0.181	0.314	0.203	0.302
>AAGATGGCGGCS	13-AAGATGGCGGCS	10.725433	-22.376559	0	T:413.0(0.82%),B:127.1(0.45%),P:1e-9	Tpos:219.4,Tstd:127.8,Bpos:568.4,Bstd:561.8,StrandBias:0.1,Multiplicity:1.04
0.772	0.052	0.171	0.005
0.818	0.104	0.054	0.024
0.284	0.204	0.479	0.032
0.868	0.013	0.100	0.019
0.074	0.049	0.128	0.749
0.001	0.001	0.997	0.001
0.001	0.002	0.995	0.002
0.014	0.951	0.007	0.028
0.023	0.146	0.636	0.195
0.074	0.155	0.704	0.067
0.190	0.687	0.024	0.099
0.036	0.373	0.469	0.122
>CACCAGGGGGCG	14-CACCAGGGGGCG	11.631832	-20.679834	0	T:361.0(0.72%),B:109.4(0.38%),P:1e-8	Tpos:213.7,Tstd:83.8,Bpos:482.2,Bstd:374.3,StrandBias:-0.4,Multiplicity:1.07
0.003	0.928	0.066	0.003
0.499	0.141	0.254	0.107
0.018	0.645	0.331	0.006
0.097	0.584	0.113	0.206
0.782	0.071	0.044	0.103
0.008	0.001	0.990	0.001
0.257	0.023	0.711	0.009
0.058	0.070	0.699	0.173
0.036	0.001	0.958	0.005
0.010	0.014	0.961	0.015
0.116	0.846	0.007	0.031
0.248	0.042	0.698	0.012
>TTACATCTGCAA	15-TTACATCTGCAA	12.249487	-19.100286	0	T:307.0(0.61%),B:90.9(0.32%),P:1e-8	Tpos:199.2,Tstd:69.5,Bpos:485.3,Bstd:272.9,StrandBias:0.0,Multiplicity:1.00
0.011	0.044	0.024	0.921
0.001	0.001	0.053	0.945
0.938	0.001	0.034	0.027
0.019	0.880	0.019	0.082
0.905	0.035	0.029	0.031
0.001	0.018	0.026	0.955
0.015	0.915	0.019	0.051
0.014	0.001	0.004	0.981
0.033	0.016	0.950	0.001
0.015	0.961	0.001	0.023
0.969	0.026	0.004	0.001
0.969	0.011	0.019	0.001
>ATGACTGATGTY	16-ATGACTGATGTY	12.126537	-15.987630	0	T:245.0(0.49%),B:71.1(0.25%),P:1e-6	Tpos:201.4,Tstd:62.4,Bpos:557.9,Bstd:302.2,StrandBias:-0.1,Multiplicity:1.00
0.517	0.018	0.345	0.120
0.006	0.001	0.007	0.986
0.006	0.043	0.941	0.010
0.912	0.039	0.038	0.011
0.051	0.860	0.028	0.061
0.058	0.016	0.001	0.925
0.324	0.017	0.477	0.182
0.623	0.035	0.310	0.032
0.065	0.001	0.050	0.884
0.022	0.056	0.854	0.068
0.063	0.055	0.070	0.812
0.025	0.523	0.043	0.409
>GCCCYCTRGTGG	17-GCCCYCTRGTGG	12.010935	-13.798982	0	T:175.0(0.35%),B:47.9(0.17%),P:1e-5	Tpos:200.1,Tstd:80.4,Bpos:657.6,Bstd:622.5,StrandBias:-0.4,Multiplicity:1.00
0.084	0.067	0.646	0.203
0.068	0.759	0.137	0.036
0.001	0.952	0.001	0.046
0.266	0.698	0.001	0.035
0.004	0.456	0.024	0.516
0.001	0.997	0.001	0.001
0.001	0.124	0.001	0.874
0.326	0.064	0.454	0.156
0.040	0.335	0.605	0.020
0.179	0.195	0.113	0.513
0.001	0.001	0.997	0.001
0.109	0.006	0.751	0.134
>CTGTGTAAACAN	18-CTGTGTAAACAN	11.500819	-11.280776	0	T:187.0(0.37%),B:57.4(0.20%),P:1e-4	Tpos:213.5,Tstd:98.7,Bpos:556.4,Bstd:298.1,StrandBias:0.2,Multiplicity:1.00
0.107	0.595	0.051	0.247
0.154	0.001	0.001	0.844
0.101	0.232	0.457	0.210
0.302	0.001	0.058	0.639
0.048	0.054	0.877	0.021
0.076	0.307	0.023	0.594
0.882	0.106	0.007	0.005
0.975	0.021	0.003	0.001
0.927	0.001	0.024	0.048
0.002	0.784	0.046	0.168
0.997	0.001	0.001	0.001
0.256	0.222	0.298	0.225
>GCCCCGCCCCCB	19-GCCCCGCCCCCB	11.644669	-10.123944	0	T:1370.0(2.72%),B:643.2(2.26%),P:1e-4	Tpos:217.1,Tstd:124.2,Bpos:459.2,Bstd:677.4,StrandBias:0.1,Multiplicity:1.25
0.020	0.001	0.912	0.067
0.021	0.788	0.132	0.059
0.034	0.792	0.008	0.166
0.078	0.890	0.014	0.018
0.001	0.951	0.047	0.001
0.018	0.001	0.947	0.034
0.001	0.940	0.040	0.019
0.010	0.976	0.006	0.008
0.001	0.857	0.019	0.123
0.171	0.685	0.060	0.084
0.034	0.482	0.276	0.207
0.175	0.230	0.350	0.245
>GTTAATSATTAA	20-GTTAATSATTAA	11.341413	-10.057206	0	T:192.0(0.38%),B:62.9(0.22%),P:1e-4	Tpos:214.4,Tstd:96.4,Bpos:502.7,Bstd:267.4,StrandBias:0.1,Multiplicity:1.02
0.054	0.038	0.823	0.085
0.048	0.072	0.045	0.835
0.140	0.061	0.057	0.742
0.882	0.039	0.051	0.028
0.844	0.079	0.026	0.051
0.143	0.014	0.038	0.805
0.109	0.401	0.438	0.052
0.732	0.022	0.043	0.203
0.044	0.032	0.058	0.866
0.027	0.030	0.039	0.904
0.708	0.073	0.101	0.118
0.792	0.101	0.077	0.030
>SNVGCCCCGCCC	21-SNVGCCCCGCCC	11.666885	-6.985886	0	T:1192.0(2.36%),B:576.8(2.02%),P:1e-3	Tpos:217.2,Tstd:128.3,Bpos:504.3,Bstd:555.3,StrandBias:0.0,Multiplicity:1.08
0.103	0.435	0.366	0.096
0.293	0.266	0.232	0.208
0.312	0.265	0.394	0.029
0.090	0.001	0.879	0.030
0.068	0.716	0.077	0.139
0.109	0.815	0.022	0.054
0.073	0.803	0.052	0.072
0.068	0.893	0.038	0.001
0.001	0.031	0.938	0.030
0.025	0.929	0.019	0.027
0.016	0.951	0.012	0.021
0.019	0.808	0.037	0.136
>AAATATTTACTK	22-AAATATTTACTK	12.462906	-6.341155	0	T:104.0(0.21%),B:33.8(0.12%),P:1e-2	Tpos:210.7,Tstd:91.5,Bpos:531.2,Bstd:301.0,StrandBias:0.3,Multiplicity:1.02
0.769	0.105	0.083	0.043
0.877	0.056	0.055	0.012
0.719	0.033	0.092	0.156
0.013	0.221	0.067	0.699
0.655	0.031	0.279	0.035
0.030	0.042	0.050	0.878
0.001	0.002	0.075	0.922
0.122	0.088	0.116	0.674
0.528	0.143	0.257	0.072
0.017	0.752	0.036	0.195
0.180	0.045	0.001	0.774
0.081	0.189	0.414	0.316
>TCSGCCCCGCCC	23-TCSGCCCCGCCC	14.598278	-2.252389	0	T:61.0(0.12%),B:25.0(0.09%),P:1e0	Tpos:231.5,Tstd:114.3,Bpos:19.0,Bstd:0.0,StrandBias:0.1,Multiplicity:1.00
0.074	0.236	0.126	0.564
0.001	0.930	0.001	0.068
0.131	0.475	0.394	0.001
0.045	0.001	0.953	0.001
0.001	0.979	0.019	0.001
0.001	0.877	0.001	0.121
0.001	0.957	0.041	0.001
0.001	0.997	0.001	0.001
0.001	0.001	0.997	0.001
0.001	0.796	0.095	0.108
0.001	0.891	0.080	0.028
0.001	0.948	0.050	0.001
>TSAGTAAACABY	24-TSAGTAAACABY	10.735306	-0.976660	0	T:75.0(0.15%),B:39.5(0.14%),P:1e0	Tpos:215.8,Tstd:110.2,Bpos:429.8,Bstd:275.0,StrandBias:0.5,Multiplicity:1.01
0.215	0.028	0.049	0.708
0.259	0.314	0.412	0.015
0.603	0.001	0.071	0.325
0.136	0.051	0.727	0.086
0.059	0.365	0.050	0.526
0.884	0.083	0.003	0.030
0.933	0.054	0.010	0.003
0.897	0.018	0.037	0.048
0.022	0.627	0.052	0.299
0.901	0.022	0.016	0.061
0.102	0.229	0.300	0.369
0.132	0.312	0.136	0.420
>TCTCTCTCTCTC	25-TCTCTCTCTCTC	0.704180	-0.000000	0	T:6574.0(13.03%),B:9244.1(32.43%),P:1e0	Tpos:209.5,Tstd:113.1,Bpos:509.9,Bstd:365.1,StrandBias:-0.0,Multiplicity:1.15
0.013	0.001	0.028	0.958
0.001	0.997	0.001	0.001
0.001	0.001	0.016	0.982
0.001	0.997	0.001	0.001
0.001	0.001	0.011	0.987
0.001	0.997	0.001	0.001
0.001	0.001	0.016	0.982
0.001	0.997	0.001	0.001
0.017	0.001	0.010	0.972
0.001	0.997	0.001	0.001
0.018	0.001	0.007	0.974
0.001	0.997	0.001	0.001
>ATGACTCA	1-ATGACTCA	8.795656	-4546.604431	0	T:18419.0(36.51%),B:2158.5(7.57%),P:1e-1974	Tpos:204.7,Tstd:48.7,Bpos:499.0,Bstd:324.9,StrandBias:-0.0,Multiplicity:1.10
0.788	0.038	0.173	0.001
0.001	0.001	0.001	0.997
0.001	0.001	0.997	0.001
0.997	0.001	0.001	0.001
0.013	0.595	0.380	0.012
0.001	0.001	0.004	0.994
0.001	0.997	0.001	0.001
0.997	0.001	0.001	0.001
>RTGACGTC	2-RTGACGTC	7.984703	-1789.978472	0	T:9522.0(18.87%),B:1336.5(4.69%),P:1e-777	Tpos:203.8,Tstd:50.4,Bpos:506.7,Bstd:361.6,StrandBias:0.1,Multiplicity:1.05
0.427	0.188	0.383	0.001
0.001	0.001	0.001	0.997
0.001	0.001	0.790	0.208
0.997	0.001	0.001	0.001
0.001	0.787	0.001	0.211
0.170	0.001	0.828	0.001
0.001	0.001	0.001	0.997
0.217	0.781	0.001	0.001
>GAGGTCAT	3-GAGGTCAT	9.855299	-1482.571000	0	T:9176.0(18.19%),B:1500.0(5.26%),P:1e-643	Tpos:205.5,Tstd:69.9,Bpos:525.9,Bstd:324.0,StrandBias:0.0,Multiplicity:1.05
0.001	0.001	0.997	0.001
0.997	0.001	0.001	0.001
0.001	0.001	0.701	0.297
0.001	0.001	0.997	0.001
0.001	0.001	0.001	0.997
0.001	0.997	0.001	0.001
0.997	0.001	0.001	0.001
0.001	0.001	0.001	0.997
>TGACTCAV	4-TGACTCAV	8.678216	-806.075451	0	T:8740.0(17.32%),B:2139.0(7.50%),P:1e-350	Tpos:204.8,Tstd:89.8,Bpos:489.0,Bstd:365.2,StrandBias:0.1,Multiplicity:1.05
0.001	0.046	0.009	0.944
0.001	0.004	0.920	0.075
0.922	0.048	0.026	0.004
0.178	0.558	0.197	0.067
0.049	0.020	0.167	0.764
0.050	0.877	0.028	0.045
0.899	0.018	0.057	0.026
0.202	0.333	0.351	0.114
>TGACGYAA	5-TGACGYAA	8.201278	-225.446234	0	T:3530.0(7.00%),B:997.6(3.50%),P:1e-97	Tpos:207.6,Tstd:75.5,Bpos:503.6,Bstd:307.0,StrandBias:-0.1,Multiplicity:1.04
0.027	0.045	0.026	0.902
0.011	0.026	0.894	0.069
0.904	0.033	0.032	0.031
0.003	0.641	0.017	0.339
0.130	0.069	0.730	0.071
0.060	0.505	0.073	0.362
0.715	0.193	0.056	0.036
0.854	0.049	0.057	0.040
>CGGAAGCG	6-CGGAAGCG	8.742331	-8.133223	0	T:478.0(0.95%),B:203.3(0.71%),P:1e-3	Tpos:222.7,Tstd:110.4,Bpos:554.6,Bstd:489.0,StrandBias:0.1,Multiplicity:1.06
0.048	0.869	0.031	0.052
0.021	0.074	0.868	0.037
0.059	0.225	0.640	0.076
0.734	0.095	0.118	0.053
0.635	0.087	0.186	0.092
0.130	0.121	0.706	0.043
0.061	0.801	0.019	0.119
0.084	0.102	0.751	0.063
>NAAACDTT	7-NAAACDTT	6.065597	-0.000000	0	T:209.0(0.41%),B:196.0(0.69%),P:1e0	Tpos:205.0,Tstd:121.1,Bpos:484.8,Bstd:305.4,StrandBias:0.1,Multiplicity:1.00
0.216	0.249	0.315	0.219
0.644	0.158	0.155	0.043
0.888	0.061	0.041	0.010
0.645	0.204	0.087	0.064
0.123	0.397	0.233	0.247
0.267	0.175	0.348	0.211
0.080	0.124	0.183	0.613
0.045	0.151	0.136	0.668
>GTGACCTT	8-GTGACCTT	6.468752	-0.000000	0	T:1697.0(3.36%),B:1180.8(4.14%),P:1e0	Tpos:203.7,Tstd:107.2,Bpos:511.4,Bstd:363.9,StrandBias:-0.0,Multiplicity:1.03
0.143	0.090	0.549	0.218
0.024	0.088	0.154	0.734
0.122	0.176	0.438	0.264
0.700	0.067	0.176	0.057
0.239	0.685	0.051	0.025
0.233	0.414	0.134	0.218
0.128	0.148	0.083	0.641
0.158	0.221	0.182	0.438
>AWVTTTCA	9-AWVTTTCA	6.408321	-0.000000	0	T:4689.0(9.29%),B:5042.3(17.69%),P:1e0	Tpos:204.8,Tstd:123.2,Bpos:515.7,Bstd:314.6,StrandBias:-0.1,Multiplicity:1.04
0.546	0.165	0.113	0.176
0.288	0.112	0.174	0.427
0.255	0.274	0.323	0.149
0.324	0.040	0.094	0.542
0.078	0.017	0.216	0.689
0.061	0.057	0.076	0.806
0.073	0.736	0.180	0.011
0.823	0.144	0.032	0.001
>GTTAACTT	10-GTTAACTT	5.184250	-0.000000	0	T:18269.0(36.21%),B:16468.4(57.78%),P:1e0	Tpos:207.0,Tstd:125.4,Bpos:504.9,Bstd:324.1,StrandBias:-0.0,Multiplicity:1.19
0.101	0.062	0.734	0.103
0.013	0.029	0.018	0.940
0.037	0.029	0.036	0.898
0.677	0.001	0.126	0.196
0.964	0.026	0.009	0.001
0.001	0.997	0.001	0.001
0.017	0.036	0.008	0.939
0.001	0.011	0.024	0.964
>TTTGAAAG	11-TTTGAAAG	5.769644	-0.000000	0	T:18957.0(37.58%),B:17202.8(60.36%),P:1e0	Tpos:207.9,Tstd:125.1,Bpos:507.4,Bstd:318.3,StrandBias:0.0,Multiplicity:1.23
0.048	0.037	0.020	0.895
0.061	0.084	0.076	0.779
0.063	0.101	0.111	0.725
0.012	0.320	0.622	0.046
0.767	0.078	0.068	0.087
0.777	0.176	0.046	0.001
0.656	0.204	0.029	0.111
0.201	0.167	0.505	0.127
>CTGTTTAC	12-CTGTTTAC	5.874109	-0.000000	0	T:16768.0(33.24%),B:14008.9(49.15%),P:1e0	Tpos:206.7,Tstd:113.8,Bpos:506.5,Bstd:326.1,StrandBias:0.0,Multiplicity:1.27
0.166	0.577	0.124	0.133
0.071	0.048	0.053	0.828
0.140	0.059	0.765	0.036
0.136	0.084	0.079	0.701
0.007	0.009	0.069	0.915
0.067	0.035	0.118	0.780
0.685	0.094	0.204	0.017
0.148	0.750	0.084	0.018
>ACTGTTTG	13-ACTGTTTG	8.946939	-0.000000	0	T:1027.0(2.04%),B:934.7(3.28%),P:1e0	Tpos:202.0,Tstd:114.7,Bpos:466.5,Bstd:312.1,StrandBias:0.3,Multiplicity:1.00
0.536	0.205	0.223	0.036
0.187	0.687	0.063	0.063
0.102	0.049	0.044	0.805
0.130	0.044	0.825	0.001
0.040	0.010	0.007	0.943
0.001	0.001	0.028	0.970
0.001	0.009	0.001	0.989
0.234	0.121	0.530	0.115
>TCAAAGSH	14-TCAAAGSH	2.294960	-0.000000	0	T:21362.0(42.34%),B:18594.1(65.24%),P:1e0	Tpos:208.7,Tstd:120.6,Bpos:509.3,Bstd:319.9,StrandBias:0.0,Multiplicity:1.20
0.001	0.001	0.001	0.997
0.001	0.997	0.001	0.001
0.997	0.001	0.001	0.001
0.997	0.001	0.001	0.001
0.997	0.001	0.001	0.001
0.001	0.001	0.997	0.001
0.001	0.433	0.443	0.123
0.307	0.213	0.132	0.347
>AAACAGTT	15-AAACAGTT	6.450681	-0.000000	0	T:13686.0(27.13%),B:12315.1(43.21%),P:1e0	Tpos:206.2,Tstd:124.0,Bpos:505.6,Bstd:301.1,StrandBias:0.0,Multiplicity:1.15
0.821	0.063	0.046	0.070
0.838	0.095	0.066	0.001
0.770	0.044	0.091	0.095
0.072	0.797	0.049	0.082
0.688	0.109	0.068	0.135
0.072	0.069	0.651	0.208
0.026	0.093	0.171	0.710
0.067	0.098	0.107	0.728
>TTGAAARH	16-TTGAAARH	6.494688	-0.000000	0	T:20664.0(40.96%),B:18087.2(63.46%),P:1e0	Tpos:205.7,Tstd:124.7,Bpos:504.1,Bstd:305.6,StrandBias:0.0,Multiplicity:1.22
0.001	0.019	0.017	0.963
0.001	0.008	0.001	0.990
0.001	0.414	0.584	0.001
0.874	0.019	0.106	0.001
0.984	0.014	0.001	0.001
0.809	0.001	0.001	0.189
0.289	0.150	0.357	0.203
0.306	0.247	0.061	0.386
>GTTCAAAG	17-GTTCAAAG	6.165825	-0.000000	0	T:14569.0(28.88%),B:12248.1(42.97%),P:1e0	Tpos:208.0,Tstd:115.6,Bpos:506.2,Bstd:333.2,StrandBias:-0.0,Multiplicity:1.21
0.001	0.057	0.941	0.001
0.162	0.050	0.093	0.695
0.023	0.123	0.054	0.800
0.013	0.966	0.020	0.001
0.976	0.001	0.004	0.019
0.904	0.036	0.059	0.001
0.901	0.001	0.078	0.020
0.030	0.013	0.929	0.028
>ACTGTTTR	18-ACTGTTTR	8.500856	-0.000000	0	T:1010.0(2.00%),B:908.3(3.19%),P:1e0	Tpos:192.9,Tstd:117.3,Bpos:495.9,Bstd:302.7,StrandBias:-0.1,Multiplicity:1.01
0.638	0.150	0.137	0.075
0.221	0.649	0.069	0.061
0.093	0.014	0.037	0.856
0.063	0.012	0.832	0.093
0.042	0.055	0.022	0.881
0.012	0.019	0.055	0.914
0.061	0.050	0.023	0.866
0.365	0.214	0.322	0.099
>SCTTTGAA	19-SCTTTGAA	5.395130	-0.000000	0	T:10975.0(21.75%),B:10304.8(36.15%),P:1e0	Tpos:206.8,Tstd:124.9,Bpos:509.8,Bstd:307.7,StrandBias:0.0,Multiplicity:1.10
0.146	0.446	0.298	0.110
0.110	0.595	0.072	0.223
0.079	0.136	0.107	0.678
0.028	0.129	0.191	0.652
0.112	0.080	0.216	0.592
0.176	0.180	0.530	0.114
0.585	0.140	0.190	0.085
0.533	0.263	0.063	0.141
>AAGGTYAA	20-AAGGTYAA	7.245399	-0.000000	0	T:8693.0(17.23%),B:8504.9(29.84%),P:1e0	Tpos:208.0,Tstd:121.3,Bpos:506.8,Bstd:308.5,StrandBias:-0.0,Multiplicity:1.07
0.971	0.027	0.001	0.001
0.968	0.004	0.027	0.001
0.301	0.001	0.697	0.001
0.001	0.001	0.710	0.288
0.001	0.001	0.145	0.853
0.137	0.378	0.025	0.460
0.656	0.142	0.001	0.201
0.583	0.155	0.014	0.248
>KSAAAGTT	21-KSAAAGTT	9.007782	-0.000000	0	T:2185.0(4.33%),B:2136.2(7.49%),P:1e0	Tpos:197.4,Tstd:117.9,Bpos:511.5,Bstd:312.6,StrandBias:0.0,Multiplicity:1.00
0.210	0.145	0.257	0.388
0.102	0.431	0.327	0.139
0.997	0.001	0.001	0.001
0.997	0.001	0.001	0.001
0.997	0.001	0.001	0.001
0.001	0.001	0.997	0.001
0.001	0.001	0.001	0.997
0.001	0.001	0.001	0.997
>AAAGKTYW	22-AAAGKTYW	6.518380	-0.000000	0	T:17807.0(35.30%),B:15523.9(54.47%),P:1e0	Tpos:207.1,Tstd:123.1,Bpos:502.7,Bstd:311.4,StrandBias:0.1,Multiplicity:1.17
0.997	0.001	0.001	0.001
0.751	0.168	0.080	0.001
0.770	0.001	0.228	0.001
0.001	0.001	0.997	0.001
0.001	0.001	0.528	0.470
0.001	0.284	0.001	0.714
0.078	0.431	0.172	0.319
0.373	0.168	0.104	0.355
>ACTGTTTV	23-ACTGTTTV	8.426548	-0.000000	0	T:2034.0(4.03%),B:1930.2(6.77%),P:1e0	Tpos:217.9,Tstd:130.7,Bpos:554.8,Bstd:287.2,StrandBias:0.2,Multiplicity:1.00
0.669	0.130	0.151	0.050
0.287	0.618	0.046	0.049
0.098	0.030	0.034	0.838
0.097	0.045	0.832	0.026
0.074	0.045	0.016	0.865
0.006	0.011	0.042	0.941
0.032	0.016	0.041	0.911
0.246	0.326	0.332	0.096
>YAAACAGB	24-YAAACAGB	9.600453	-0.000000	0	T:927.0(1.84%),B:777.4(2.73%),P:1e0	Tpos:194.8,Tstd:115.5,Bpos:491.3,Bstd:293.3,StrandBias:0.3,Multiplicity:1.00
0.001	0.445	0.001	0.553
0.997	0.001	0.001	0.001
0.997	0.001	0.001	0.001
0.997	0.001	0.001	0.001
0.001	0.997	0.001	0.001
0.997	0.001	0.001	0.001
0.001	0.001	0.997	0.001
0.001	0.304	0.415	0.281
>AAAAAGTT	25-AAAAAGTT	7.809103	-0.000000	0	T:8565.0(16.98%),B:9118.2(31.99%),P:1e0	Tpos:207.9,Tstd:127.9,Bpos:515.6,Bstd:304.8,StrandBias:-0.0,Multiplicity:1.06
0.413	0.208	0.238	0.141
0.489	0.123	0.062	0.326
0.997	0.001	0.001	0.001
0.997	0.001	0.001	0.001
0.997	0.001	0.001	0.001
0.001	0.001	0.997	0.001
0.001	0.001	0.247	0.751
0.001	0.001	0.001	0.997
