>ATGACTCA	1-ATGACTCA	8.795656	-4546.604431	0	T:18419.0(36.51%),B:2158.5(7.57%),P:1e-1974	Tpos:204.7,Tstd:48.7,Bpos:499.0,Bstd:324.9,StrandBias:-0.0,Multiplicity:1.10
0.788	0.038	0.173	0.001
0.001	0.001	0.001	0.997
0.001	0.001	0.997	0.001
0.997	0.001	0.001	0.001
0.013	0.595	0.380	0.012
0.001	0.001	0.004	0.994
0.001	0.997	0.001	0.001
0.997	0.001	0.001	0.001
>RTGACGTC	2-RTGACGTC	7.984703	-1789.978472	0	T:9522.0(18.87%),B:1336.5(4.69%),P:1e-777	Tpos:203.8,Tstd:50.4,Bpos:506.7,Bstd:361.6,StrandBias:0.1,Multiplicity:1.05
0.427	0.188	0.383	0.001
0.001	0.001	0.001	0.997
0.001	0.001	0.790	0.208
0.997	0.001	0.001	0.001
0.001	0.787	0.001	0.211
0.170	0.001	0.828	0.001
0.001	0.001	0.001	0.997
0.217	0.781	0.001	0.001
>GAGGTCAT	3-GAGGTCAT	9.855299	-1482.571000	0	T:9176.0(18.19%),B:1500.0(5.26%),P:1e-643	Tpos:205.5,Tstd:69.9,Bpos:525.9,Bstd:324.0,StrandBias:0.0,Multiplicity:1.05
0.001	0.001	0.997	0.001
0.997	0.001	0.001	0.001
0.001	0.001	0.701	0.297
0.001	0.001	0.997	0.001
0.001	0.001	0.001	0.997
0.001	0.997	0.001	0.001
0.997	0.001	0.001	0.001
0.001	0.001	0.001	0.997
>TGACTCAV	4-TGACTCAV	8.678216	-806.075451	0	T:8740.0(17.32%),B:2139.0(7.50%),P:1e-350	Tpos:204.8,Tstd:89.8,Bpos:489.0,Bstd:365.2,StrandBias:0.1,Multiplicity:1.05
0.001	0.046	0.009	0.944
0.001	0.004	0.920	0.075
0.922	0.048	0.026	0.004
0.178	0.558	0.197	0.067
0.049	0.020	0.167	0.764
0.050	0.877	0.028	0.045
0.899	0.018	0.057	0.026
0.202	0.333	0.351	0.114
>TGACGYAA	5-TGACGYAA	8.201278	-225.446234	0	T:3530.0(7.00%),B:997.6(3.50%),P:1e-97	Tpos:207.6,Tstd:75.5,Bpos:503.6,Bstd:307.0,StrandBias:-0.1,Multiplicity:1.04
0.027	0.045	0.026	0.902
0.011	0.026	0.894	0.069
0.904	0.033	0.032	0.031
0.003	0.641	0.017	0.339
0.130	0.069	0.730	0.071
0.060	0.505	0.073	0.362
0.715	0.193	0.056	0.036
0.854	0.049	0.057	0.040
>CGGAAGCG	6-CGGAAGCG	8.742331	-8.133223	0	T:478.0(0.95%),B:203.3(0.71%),P:1e-3	Tpos:222.7,Tstd:110.4,Bpos:554.6,Bstd:489.0,StrandBias:0.1,Multiplicity:1.06
0.048	0.869	0.031	0.052
0.021	0.074	0.868	0.037
0.059	0.225	0.640	0.076
0.734	0.095	0.118	0.053
0.635	0.087	0.186	0.092
0.130	0.121	0.706	0.043
0.061	0.801	0.019	0.119
0.084	0.102	0.751	0.063
>NAAACDTT	7-NAAACDTT	6.065597	-0.000000	0	T:209.0(0.41%),B:196.0(0.69%),P:1e0	Tpos:205.0,Tstd:121.1,Bpos:484.8,Bstd:305.4,StrandBias:0.1,Multiplicity:1.00
0.216	0.249	0.315	0.219
0.644	0.158	0.155	0.043
0.888	0.061	0.041	0.010
0.645	0.204	0.087	0.064
0.123	0.397	0.233	0.247
0.267	0.175	0.348	0.211
0.080	0.124	0.183	0.613
0.045	0.151	0.136	0.668
>GTGACCTT	8-GTGACCTT	6.468752	-0.000000	0	T:1697.0(3.36%),B:1180.8(4.14%),P:1e0	Tpos:203.7,Tstd:107.2,Bpos:511.4,Bstd:363.9,StrandBias:-0.0,Multiplicity:1.03
0.143	0.090	0.549	0.218
0.024	0.088	0.154	0.734
0.122	0.176	0.438	0.264
0.700	0.067	0.176	0.057
0.239	0.685	0.051	0.025
0.233	0.414	0.134	0.218
0.128	0.148	0.083	0.641
0.158	0.221	0.182	0.438
>AWVTTTCA	9-AWVTTTCA	6.408321	-0.000000	0	T:4689.0(9.29%),B:5042.3(17.69%),P:1e0	Tpos:204.8,Tstd:123.2,Bpos:515.7,Bstd:314.6,StrandBias:-0.1,Multiplicity:1.04
0.546	0.165	0.113	0.176
0.288	0.112	0.174	0.427
0.255	0.274	0.323	0.149
0.324	0.040	0.094	0.542
0.078	0.017	0.216	0.689
0.061	0.057	0.076	0.806
0.073	0.736	0.180	0.011
0.823	0.144	0.032	0.001
>GTTAACTT	10-GTTAACTT	5.184250	-0.000000	0	T:18269.0(36.21%),B:16468.4(57.78%),P:1e0	Tpos:207.0,Tstd:125.4,Bpos:504.9,Bstd:324.1,StrandBias:-0.0,Multiplicity:1.19
0.101	0.062	0.734	0.103
0.013	0.029	0.018	0.940
0.037	0.029	0.036	0.898
0.677	0.001	0.126	0.196
0.964	0.026	0.009	0.001
0.001	0.997	0.001	0.001
0.017	0.036	0.008	0.939
0.001	0.011	0.024	0.964
>TTTGAAAG	11-TTTGAAAG	5.769644	-0.000000	0	T:18957.0(37.58%),B:17202.8(60.36%),P:1e0	Tpos:207.9,Tstd:125.1,Bpos:507.4,Bstd:318.3,StrandBias:0.0,Multiplicity:1.23
0.048	0.037	0.020	0.895
0.061	0.084	0.076	0.779
0.063	0.101	0.111	0.725
0.012	0.320	0.622	0.046
0.767	0.078	0.068	0.087
0.777	0.176	0.046	0.001
0.656	0.204	0.029	0.111
0.201	0.167	0.505	0.127
>CTGTTTAC	12-CTGTTTAC	5.874109	-0.000000	0	T:16768.0(33.24%),B:14008.9(49.15%),P:1e0	Tpos:206.7,Tstd:113.8,Bpos:506.5,Bstd:326.1,StrandBias:0.0,Multiplicity:1.27
0.166	0.577	0.124	0.133
0.071	0.048	0.053	0.828
0.140	0.059	0.765	0.036
0.136	0.084	0.079	0.701
0.007	0.009	0.069	0.915
0.067	0.035	0.118	0.780
0.685	0.094	0.204	0.017
0.148	0.750	0.084	0.018
>ACTGTTTG	13-ACTGTTTG	8.946939	-0.000000	0	T:1027.0(2.04%),B:934.7(3.28%),P:1e0	Tpos:202.0,Tstd:114.7,Bpos:466.5,Bstd:312.1,StrandBias:0.3,Multiplicity:1.00
0.536	0.205	0.223	0.036
0.187	0.687	0.063	0.063
0.102	0.049	0.044	0.805
0.130	0.044	0.825	0.001
0.040	0.010	0.007	0.943
0.001	0.001	0.028	0.970
0.001	0.009	0.001	0.989
0.234	0.121	0.530	0.115
>TCAAAGSH	14-TCAAAGSH	2.294960	-0.000000	0	T:21362.0(42.34%),B:18594.1(65.24%),P:1e0	Tpos:208.7,Tstd:120.6,Bpos:509.3,Bstd:319.9,StrandBias:0.0,Multiplicity:1.20
0.001	0.001	0.001	0.997
0.001	0.997	0.001	0.001
0.997	0.001	0.001	0.001
0.997	0.001	0.001	0.001
0.997	0.001	0.001	0.001
0.001	0.001	0.997	0.001
0.001	0.433	0.443	0.123
0.307	0.213	0.132	0.347
>AAACAGTT	15-AAACAGTT	6.450681	-0.000000	0	T:13686.0(27.13%),B:12315.1(43.21%),P:1e0	Tpos:206.2,Tstd:124.0,Bpos:505.6,Bstd:301.1,StrandBias:0.0,Multiplicity:1.15
0.821	0.063	0.046	0.070
0.838	0.095	0.066	0.001
0.770	0.044	0.091	0.095
0.072	0.797	0.049	0.082
0.688	0.109	0.068	0.135
0.072	0.069	0.651	0.208
0.026	0.093	0.171	0.710
0.067	0.098	0.107	0.728
>TTGAAARH	16-TTGAAARH	6.494688	-0.000000	0	T:20664.0(40.96%),B:18087.2(63.46%),P:1e0	Tpos:205.7,Tstd:124.7,Bpos:504.1,Bstd:305.6,StrandBias:0.0,Multiplicity:1.22
0.001	0.019	0.017	0.963
0.001	0.008	0.001	0.990
0.001	0.414	0.584	0.001
0.874	0.019	0.106	0.001
0.984	0.014	0.001	0.001
0.809	0.001	0.001	0.189
0.289	0.150	0.357	0.203
0.306	0.247	0.061	0.386
>GTTCAAAG	17-GTTCAAAG	6.165825	-0.000000	0	T:14569.0(28.88%),B:12248.1(42.97%),P:1e0	Tpos:208.0,Tstd:115.6,Bpos:506.2,Bstd:333.2,StrandBias:-0.0,Multiplicity:1.21
0.001	0.057	0.941	0.001
0.162	0.050	0.093	0.695
0.023	0.123	0.054	0.800
0.013	0.966	0.020	0.001
0.976	0.001	0.004	0.019
0.904	0.036	0.059	0.001
0.901	0.001	0.078	0.020
0.030	0.013	0.929	0.028
>ACTGTTTR	18-ACTGTTTR	8.500856	-0.000000	0	T:1010.0(2.00%),B:908.3(3.19%),P:1e0	Tpos:192.9,Tstd:117.3,Bpos:495.9,Bstd:302.7,StrandBias:-0.1,Multiplicity:1.01
0.638	0.150	0.137	0.075
0.221	0.649	0.069	0.061
0.093	0.014	0.037	0.856
0.063	0.012	0.832	0.093
0.042	0.055	0.022	0.881
0.012	0.019	0.055	0.914
0.061	0.050	0.023	0.866
0.365	0.214	0.322	0.099
>SCTTTGAA	19-SCTTTGAA	5.395130	-0.000000	0	T:10975.0(21.75%),B:10304.8(36.15%),P:1e0	Tpos:206.8,Tstd:124.9,Bpos:509.8,Bstd:307.7,StrandBias:0.0,Multiplicity:1.10
0.146	0.446	0.298	0.110
0.110	0.595	0.072	0.223
0.079	0.136	0.107	0.678
0.028	0.129	0.191	0.652
0.112	0.080	0.216	0.592
0.176	0.180	0.530	0.114
0.585	0.140	0.190	0.085
0.533	0.263	0.063	0.141
>AAGGTYAA	20-AAGGTYAA	7.245399	-0.000000	0	T:8693.0(17.23%),B:8504.9(29.84%),P:1e0	Tpos:208.0,Tstd:121.3,Bpos:506.8,Bstd:308.5,StrandBias:-0.0,Multiplicity:1.07
0.971	0.027	0.001	0.001
0.968	0.004	0.027	0.001
0.301	0.001	0.697	0.001
0.001	0.001	0.710	0.288
0.001	0.001	0.145	0.853
0.137	0.378	0.025	0.460
0.656	0.142	0.001	0.201
0.583	0.155	0.014	0.248
>KSAAAGTT	21-KSAAAGTT	9.007782	-0.000000	0	T:2185.0(4.33%),B:2136.2(7.49%),P:1e0	Tpos:197.4,Tstd:117.9,Bpos:511.5,Bstd:312.6,StrandBias:0.0,Multiplicity:1.00
0.210	0.145	0.257	0.388
0.102	0.431	0.327	0.139
0.997	0.001	0.001	0.001
0.997	0.001	0.001	0.001
0.997	0.001	0.001	0.001
0.001	0.001	0.997	0.001
0.001	0.001	0.001	0.997
0.001	0.001	0.001	0.997
>AAAGKTYW	22-AAAGKTYW	6.518380	-0.000000	0	T:17807.0(35.30%),B:15523.9(54.47%),P:1e0	Tpos:207.1,Tstd:123.1,Bpos:502.7,Bstd:311.4,StrandBias:0.1,Multiplicity:1.17
0.997	0.001	0.001	0.001
0.751	0.168	0.080	0.001
0.770	0.001	0.228	0.001
0.001	0.001	0.997	0.001
0.001	0.001	0.528	0.470
0.001	0.284	0.001	0.714
0.078	0.431	0.172	0.319
0.373	0.168	0.104	0.355
>ACTGTTTV	23-ACTGTTTV	8.426548	-0.000000	0	T:2034.0(4.03%),B:1930.2(6.77%),P:1e0	Tpos:217.9,Tstd:130.7,Bpos:554.8,Bstd:287.2,StrandBias:0.2,Multiplicity:1.00
0.669	0.130	0.151	0.050
0.287	0.618	0.046	0.049
0.098	0.030	0.034	0.838
0.097	0.045	0.832	0.026
0.074	0.045	0.016	0.865
0.006	0.011	0.042	0.941
0.032	0.016	0.041	0.911
0.246	0.326	0.332	0.096
>YAAACAGB	24-YAAACAGB	9.600453	-0.000000	0	T:927.0(1.84%),B:777.4(2.73%),P:1e0	Tpos:194.8,Tstd:115.5,Bpos:491.3,Bstd:293.3,StrandBias:0.3,Multiplicity:1.00
0.001	0.445	0.001	0.553
0.997	0.001	0.001	0.001
0.997	0.001	0.001	0.001
0.997	0.001	0.001	0.001
0.001	0.997	0.001	0.001
0.997	0.001	0.001	0.001
0.001	0.001	0.997	0.001
0.001	0.304	0.415	0.281
>AAAAAGTT	25-AAAAAGTT	7.809103	-0.000000	0	T:8565.0(16.98%),B:9118.2(31.99%),P:1e0	Tpos:207.9,Tstd:127.9,Bpos:515.6,Bstd:304.8,StrandBias:-0.0,Multiplicity:1.06
0.413	0.208	0.238	0.141
0.489	0.123	0.062	0.326
0.997	0.001	0.001	0.001
0.997	0.001	0.001	0.001
0.997	0.001	0.001	0.001
0.001	0.001	0.997	0.001
0.001	0.001	0.247	0.751
0.001	0.001	0.001	0.997
