>RATGASTCATNN	1-RATGASTCATNN	8.332643	-5273.556542	0	T:16288.0(32.29%),B:1081.3(3.79%),P:1e-2290	Tpos:204.8,Tstd:46.9,Bpos:496.6,Bstd:350.7,StrandBias:0.0,Multiplicity:1.06
0.242	0.197	0.368	0.192
0.463	0.190	0.297	0.049
0.021	0.026	0.026	0.927
0.021	0.046	0.818	0.115
0.908	0.034	0.017	0.041
0.092	0.395	0.428	0.085
0.039	0.017	0.039	0.905
0.137	0.810	0.035	0.018
0.952	0.019	0.024	0.005
0.067	0.266	0.200	0.467
0.198	0.320	0.211	0.271
0.254	0.288	0.249	0.209
>GATGACRTCATY	2-GATGACRTCATY	9.349476	-4039.710208	0	T:11992.0(23.77%),B:615.0(2.16%),P:1e-1754	Tpos:202.4,Tstd:39.1,Bpos:518.6,Bstd:301.7,StrandBias:-0.0,Multiplicity:1.04
0.184	0.180	0.438	0.198
0.809	0.042	0.140	0.009
0.001	0.017	0.001	0.981
0.002	0.004	0.699	0.295
0.770	0.001	0.037	0.192
0.004	0.961	0.030	0.005
0.385	0.105	0.500	0.010
0.007	0.007	0.001	0.985
0.063	0.934	0.001	0.002
0.953	0.017	0.003	0.027
0.039	0.268	0.146	0.547
0.102	0.456	0.092	0.350
>NDRTGACGTCAY	3-NDRTGACGTCAY	8.940077	-3574.462961	0	T:9409.0(18.65%),B:272.0(0.95%),P:1e-1552	Tpos:208.4,Tstd:55.8,Bpos:509.8,Bstd:337.8,StrandBias:-0.0,Multiplicity:1.01
0.268	0.223	0.237	0.272
0.302	0.139	0.307	0.252
0.397	0.220	0.273	0.110
0.001	0.001	0.001	0.997
0.001	0.022	0.769	0.208
0.997	0.001	0.001	0.001
0.114	0.455	0.239	0.192
0.182	0.244	0.448	0.126
0.005	0.007	0.001	0.987
0.242	0.735	0.008	0.015
0.997	0.001	0.001	0.001
0.108	0.276	0.223	0.394
>NNTGASTCABHN	4-NNTGASTCABHN	7.987398	-3409.226034	0	T:15542.0(30.81%),B:2012.7(7.06%),P:1e-1480	Tpos:205.3,Tstd:78.7,Bpos:502.4,Bstd:311.3,StrandBias:-0.0,Multiplicity:1.05
0.267	0.205	0.262	0.266
0.269	0.260	0.235	0.235
0.055	0.026	0.053	0.866
0.053	0.061	0.789	0.097
0.832	0.051	0.053	0.064
0.194	0.379	0.384	0.044
0.064	0.053	0.043	0.840
0.084	0.801	0.064	0.051
0.874	0.045	0.025	0.056
0.004	0.308	0.346	0.343
0.280	0.284	0.128	0.307
0.262	0.237	0.234	0.267
>DRTTGCATCATC	5-DRTTGCATCATC	9.570248	-415.402383	0	T:1959.0(3.88%),B:209.6(0.74%),P:1e-180	Tpos:206.2,Tstd:59.1,Bpos:492.4,Bstd:315.4,StrandBias:0.1,Multiplicity:1.02
0.225	0.184	0.227	0.365
0.391	0.160	0.405	0.044
0.064	0.001	0.002	0.933
0.001	0.001	0.001	0.997
0.270	0.015	0.563	0.152
0.155	0.838	0.002	0.005
0.564	0.131	0.292	0.013
0.223	0.038	0.007	0.732
0.185	0.813	0.001	0.001
0.988	0.001	0.001	0.010
0.020	0.253	0.195	0.532
0.245	0.400	0.166	0.189
>GKYCAAAGTYCA	6-GKYCAAAGTYCA	9.634150	-76.674321	0	T:1473.0(2.92%),B:450.3(1.58%),P:1e-33	Tpos:209.8,Tstd:97.6,Bpos:505.6,Bstd:290.6,StrandBias:-0.0,Multiplicity:1.02
0.138	0.065	0.668	0.129
0.203	0.095	0.300	0.402
0.139	0.365	0.191	0.304
0.020	0.911	0.012	0.057
0.923	0.040	0.008	0.029
0.728	0.042	0.214	0.016
0.882	0.001	0.106	0.011
0.015	0.025	0.863	0.097
0.070	0.038	0.223	0.669
0.064	0.457	0.115	0.364
0.046	0.905	0.002	0.047
0.752	0.095	0.015	0.138
>SBGCGCATGCGC	7-SBGCGCATGCGC	10.955637	-62.885462	0	T:724.0(1.44%),B:175.4(0.62%),P:1e-27	Tpos:216.3,Tstd:119.5,Bpos:491.5,Bstd:678.9,StrandBias:-0.1,Multiplicity:1.16
0.163	0.386	0.295	0.156
0.098	0.329	0.236	0.338
0.160	0.001	0.838	0.001
0.125	0.873	0.001	0.001
0.001	0.001	0.997	0.001
0.001	0.997	0.001	0.001
0.478	0.225	0.204	0.094
0.081	0.186	0.213	0.520
0.001	0.001	0.997	0.001
0.001	0.997	0.001	0.001
0.001	0.009	0.907	0.083
0.001	0.841	0.001	0.157
>CCGGAAGTGVCG	8-CCGGAAGTGVCG	11.438620	-47.892874	0	T:385.0(0.76%),B:74.8(0.26%),P:1e-20	Tpos:218.7,Tstd:107.2,Bpos:516.7,Bstd:383.7,StrandBias:0.3,Multiplicity:1.05
0.021	0.822	0.156	0.001
0.201	0.796	0.001	0.002
0.001	0.001	0.997	0.001
0.001	0.001	0.997	0.001
0.971	0.013	0.015	0.001
0.997	0.001	0.001	0.001
0.025	0.001	0.973	0.001
0.055	0.192	0.028	0.725
0.013	0.071	0.913	0.003
0.387	0.285	0.320	0.008
0.102	0.615	0.252	0.031
0.051	0.211	0.548	0.190
>CCTTATTTGGAA	9-CCTTATTTGGAA	16.329201	-30.106429	0	T:149.0(0.30%),B:18.4(0.06%),P:1e-13	Tpos:204.1,Tstd:75.2,Bpos:641.1,Bstd:246.1,StrandBias:0.2,Multiplicity:1.00
0.001	0.997	0.001	0.001
0.001	0.917	0.001	0.081
0.001	0.001	0.001	0.997
0.001	0.001	0.029	0.969
0.898	0.023	0.050	0.029
0.001	0.001	0.001	0.997
0.001	0.001	0.001	0.997
0.001	0.001	0.001	0.997
0.001	0.001	0.997	0.001
0.029	0.025	0.945	0.001
0.997	0.001	0.001	0.001
0.997	0.001	0.001	0.001
>ACTACAATTCCC	10-ACTACAATTCCC	12.415367	-29.783611	0	T:231.0(0.46%),B:44.9(0.16%),P:1e-12	Tpos:227.7,Tstd:113.6,Bpos:526.5,Bstd:335.8,StrandBias:-0.3,Multiplicity:1.10
0.857	0.068	0.048	0.027
0.037	0.871	0.042	0.050
0.034	0.093	0.036	0.837
0.800	0.087	0.083	0.030
0.040	0.910	0.036	0.014
0.868	0.039	0.070	0.023
0.640	0.089	0.063	0.208
0.097	0.127	0.100	0.676
0.035	0.076	0.042	0.847
0.040	0.887	0.038	0.035
0.019	0.911	0.014	0.056
0.049	0.904	0.018	0.029
>CGGTCACGTGAC	11-CGGTCACGTGAC	10.850878	-28.341436	0	T:208.0(0.41%),B:38.9(0.14%),P:1e-12	Tpos:204.0,Tstd:99.1,Bpos:455.6,Bstd:271.5,StrandBias:0.1,Multiplicity:1.08
0.120	0.545	0.191	0.144
0.136	0.113	0.662	0.089
0.040	0.068	0.871	0.021
0.045	0.119	0.054	0.782
0.012	0.918	0.056	0.014
0.952	0.018	0.018	0.012
0.022	0.856	0.039	0.083
0.071	0.048	0.861	0.020
0.018	0.012	0.027	0.943
0.014	0.043	0.929	0.014
0.818	0.061	0.100	0.021
0.022	0.867	0.072	0.039
>AAGGTCACATTN	12-AAGGTCACATTN	11.918002	-23.247209	0	T:138.0(0.27%),B:21.7(0.08%),P:1e-10	Tpos:202.4,Tstd:62.6,Bpos:531.0,Bstd:333.7,StrandBias:0.1,Multiplicity:1.00
0.545	0.145	0.153	0.157
0.833	0.022	0.056	0.089
0.157	0.032	0.668	0.143
0.097	0.089	0.666	0.148
0.109	0.075	0.071	0.745
0.088	0.716	0.124	0.072
0.870	0.044	0.022	0.064
0.117	0.716	0.096	0.071
0.734	0.100	0.034	0.132
0.063	0.061	0.139	0.737
0.063	0.065	0.088	0.784
0.181	0.314	0.203	0.302
>AAGATGGCGGCS	13-AAGATGGCGGCS	10.725433	-22.376559	0	T:413.0(0.82%),B:127.1(0.45%),P:1e-9	Tpos:219.4,Tstd:127.8,Bpos:568.4,Bstd:561.8,StrandBias:0.1,Multiplicity:1.04
0.772	0.052	0.171	0.005
0.818	0.104	0.054	0.024
0.284	0.204	0.479	0.032
0.868	0.013	0.100	0.019
0.074	0.049	0.128	0.749
0.001	0.001	0.997	0.001
0.001	0.002	0.995	0.002
0.014	0.951	0.007	0.028
0.023	0.146	0.636	0.195
0.074	0.155	0.704	0.067
0.190	0.687	0.024	0.099
0.036	0.373	0.469	0.122
>CACCAGGGGGCG	14-CACCAGGGGGCG	11.631832	-20.679834	0	T:361.0(0.72%),B:109.4(0.38%),P:1e-8	Tpos:213.7,Tstd:83.8,Bpos:482.2,Bstd:374.3,StrandBias:-0.4,Multiplicity:1.07
0.003	0.928	0.066	0.003
0.499	0.141	0.254	0.107
0.018	0.645	0.331	0.006
0.097	0.584	0.113	0.206
0.782	0.071	0.044	0.103
0.008	0.001	0.990	0.001
0.257	0.023	0.711	0.009
0.058	0.070	0.699	0.173
0.036	0.001	0.958	0.005
0.010	0.014	0.961	0.015
0.116	0.846	0.007	0.031
0.248	0.042	0.698	0.012
>TTACATCTGCAA	15-TTACATCTGCAA	12.249487	-19.100286	0	T:307.0(0.61%),B:90.9(0.32%),P:1e-8	Tpos:199.2,Tstd:69.5,Bpos:485.3,Bstd:272.9,StrandBias:0.0,Multiplicity:1.00
0.011	0.044	0.024	0.921
0.001	0.001	0.053	0.945
0.938	0.001	0.034	0.027
0.019	0.880	0.019	0.082
0.905	0.035	0.029	0.031
0.001	0.018	0.026	0.955
0.015	0.915	0.019	0.051
0.014	0.001	0.004	0.981
0.033	0.016	0.950	0.001
0.015	0.961	0.001	0.023
0.969	0.026	0.004	0.001
0.969	0.011	0.019	0.001
>ATGACTGATGTY	16-ATGACTGATGTY	12.126537	-15.987630	0	T:245.0(0.49%),B:71.1(0.25%),P:1e-6	Tpos:201.4,Tstd:62.4,Bpos:557.9,Bstd:302.2,StrandBias:-0.1,Multiplicity:1.00
0.517	0.018	0.345	0.120
0.006	0.001	0.007	0.986
0.006	0.043	0.941	0.010
0.912	0.039	0.038	0.011
0.051	0.860	0.028	0.061
0.058	0.016	0.001	0.925
0.324	0.017	0.477	0.182
0.623	0.035	0.310	0.032
0.065	0.001	0.050	0.884
0.022	0.056	0.854	0.068
0.063	0.055	0.070	0.812
0.025	0.523	0.043	0.409
>GCCCYCTRGTGG	17-GCCCYCTRGTGG	12.010935	-13.798982	0	T:175.0(0.35%),B:47.9(0.17%),P:1e-5	Tpos:200.1,Tstd:80.4,Bpos:657.6,Bstd:622.5,StrandBias:-0.4,Multiplicity:1.00
0.084	0.067	0.646	0.203
0.068	0.759	0.137	0.036
0.001	0.952	0.001	0.046
0.266	0.698	0.001	0.035
0.004	0.456	0.024	0.516
0.001	0.997	0.001	0.001
0.001	0.124	0.001	0.874
0.326	0.064	0.454	0.156
0.040	0.335	0.605	0.020
0.179	0.195	0.113	0.513
0.001	0.001	0.997	0.001
0.109	0.006	0.751	0.134
>CTGTGTAAACAN	18-CTGTGTAAACAN	11.500819	-11.280776	0	T:187.0(0.37%),B:57.4(0.20%),P:1e-4	Tpos:213.5,Tstd:98.7,Bpos:556.4,Bstd:298.1,StrandBias:0.2,Multiplicity:1.00
0.107	0.595	0.051	0.247
0.154	0.001	0.001	0.844
0.101	0.232	0.457	0.210
0.302	0.001	0.058	0.639
0.048	0.054	0.877	0.021
0.076	0.307	0.023	0.594
0.882	0.106	0.007	0.005
0.975	0.021	0.003	0.001
0.927	0.001	0.024	0.048
0.002	0.784	0.046	0.168
0.997	0.001	0.001	0.001
0.256	0.222	0.298	0.225
>GCCCCGCCCCCB	19-GCCCCGCCCCCB	11.644669	-10.123944	0	T:1370.0(2.72%),B:643.2(2.26%),P:1e-4	Tpos:217.1,Tstd:124.2,Bpos:459.2,Bstd:677.4,StrandBias:0.1,Multiplicity:1.25
0.020	0.001	0.912	0.067
0.021	0.788	0.132	0.059
0.034	0.792	0.008	0.166
0.078	0.890	0.014	0.018
0.001	0.951	0.047	0.001
0.018	0.001	0.947	0.034
0.001	0.940	0.040	0.019
0.010	0.976	0.006	0.008
0.001	0.857	0.019	0.123
0.171	0.685	0.060	0.084
0.034	0.482	0.276	0.207
0.175	0.230	0.350	0.245
>GTTAATSATTAA	20-GTTAATSATTAA	11.341413	-10.057206	0	T:192.0(0.38%),B:62.9(0.22%),P:1e-4	Tpos:214.4,Tstd:96.4,Bpos:502.7,Bstd:267.4,StrandBias:0.1,Multiplicity:1.02
0.054	0.038	0.823	0.085
0.048	0.072	0.045	0.835
0.140	0.061	0.057	0.742
0.882	0.039	0.051	0.028
0.844	0.079	0.026	0.051
0.143	0.014	0.038	0.805
0.109	0.401	0.438	0.052
0.732	0.022	0.043	0.203
0.044	0.032	0.058	0.866
0.027	0.030	0.039	0.904
0.708	0.073	0.101	0.118
0.792	0.101	0.077	0.030
>SNVGCCCCGCCC	21-SNVGCCCCGCCC	11.666885	-6.985886	0	T:1192.0(2.36%),B:576.8(2.02%),P:1e-3	Tpos:217.2,Tstd:128.3,Bpos:504.3,Bstd:555.3,StrandBias:0.0,Multiplicity:1.08
0.103	0.435	0.366	0.096
0.293	0.266	0.232	0.208
0.312	0.265	0.394	0.029
0.090	0.001	0.879	0.030
0.068	0.716	0.077	0.139
0.109	0.815	0.022	0.054
0.073	0.803	0.052	0.072
0.068	0.893	0.038	0.001
0.001	0.031	0.938	0.030
0.025	0.929	0.019	0.027
0.016	0.951	0.012	0.021
0.019	0.808	0.037	0.136
>AAATATTTACTK	22-AAATATTTACTK	12.462906	-6.341155	0	T:104.0(0.21%),B:33.8(0.12%),P:1e-2	Tpos:210.7,Tstd:91.5,Bpos:531.2,Bstd:301.0,StrandBias:0.3,Multiplicity:1.02
0.769	0.105	0.083	0.043
0.877	0.056	0.055	0.012
0.719	0.033	0.092	0.156
0.013	0.221	0.067	0.699
0.655	0.031	0.279	0.035
0.030	0.042	0.050	0.878
0.001	0.002	0.075	0.922
0.122	0.088	0.116	0.674
0.528	0.143	0.257	0.072
0.017	0.752	0.036	0.195
0.180	0.045	0.001	0.774
0.081	0.189	0.414	0.316
>TCSGCCCCGCCC	23-TCSGCCCCGCCC	14.598278	-2.252389	0	T:61.0(0.12%),B:25.0(0.09%),P:1e0	Tpos:231.5,Tstd:114.3,Bpos:19.0,Bstd:0.0,StrandBias:0.1,Multiplicity:1.00
0.074	0.236	0.126	0.564
0.001	0.930	0.001	0.068
0.131	0.475	0.394	0.001
0.045	0.001	0.953	0.001
0.001	0.979	0.019	0.001
0.001	0.877	0.001	0.121
0.001	0.957	0.041	0.001
0.001	0.997	0.001	0.001
0.001	0.001	0.997	0.001
0.001	0.796	0.095	0.108
0.001	0.891	0.080	0.028
0.001	0.948	0.050	0.001
>TSAGTAAACABY	24-TSAGTAAACABY	10.735306	-0.976660	0	T:75.0(0.15%),B:39.5(0.14%),P:1e0	Tpos:215.8,Tstd:110.2,Bpos:429.8,Bstd:275.0,StrandBias:0.5,Multiplicity:1.01
0.215	0.028	0.049	0.708
0.259	0.314	0.412	0.015
0.603	0.001	0.071	0.325
0.136	0.051	0.727	0.086
0.059	0.365	0.050	0.526
0.884	0.083	0.003	0.030
0.933	0.054	0.010	0.003
0.897	0.018	0.037	0.048
0.022	0.627	0.052	0.299
0.901	0.022	0.016	0.061
0.102	0.229	0.300	0.369
0.132	0.312	0.136	0.420
>TCTCTCTCTCTC	25-TCTCTCTCTCTC	0.704180	-0.000000	0	T:6574.0(13.03%),B:9244.1(32.43%),P:1e0	Tpos:209.5,Tstd:113.1,Bpos:509.9,Bstd:365.1,StrandBias:-0.0,Multiplicity:1.15
0.013	0.001	0.028	0.958
0.001	0.997	0.001	0.001
0.001	0.001	0.016	0.982
0.001	0.997	0.001	0.001
0.001	0.001	0.011	0.987
0.001	0.997	0.001	0.001
0.001	0.001	0.016	0.982
0.001	0.997	0.001	0.001
0.017	0.001	0.010	0.972
0.001	0.997	0.001	0.001
0.018	0.001	0.007	0.974
0.001	0.997	0.001	0.001
