>TTGTHATGCA	1-TTGTHATGCA	8.164544	-96.550736	0	T:1013.0(13.58%),B:557.1(6.97%),P:1e-41	Tpos:201.0,Tstd:72.7,Bpos:485.5,Bstd:325.5,StrandBias:0.1,Multiplicity:1.08
0.001	0.022	0.025	0.952
0.085	0.001	0.033	0.881
0.148	0.238	0.557	0.057
0.270	0.001	0.137	0.592
0.297	0.299	0.147	0.258
0.763	0.001	0.033	0.203
0.024	0.001	0.019	0.956
0.001	0.015	0.806	0.178
0.001	0.728	0.099	0.172
0.701	0.049	0.029	0.221
>CCTGCTGWGW	2-CCTGCTGWGW	8.772263	-45.846840	0	T:933.0(12.51%),B:640.3(8.01%),P:1e-19	Tpos:201.0,Tstd:78.4,Bpos:503.5,Bstd:337.8,StrandBias:0.0,Multiplicity:1.06
0.062	0.936	0.001	0.001
0.236	0.762	0.001	0.001
0.276	0.241	0.012	0.470
0.225	0.001	0.773	0.001
0.001	0.840	0.021	0.138
0.001	0.001	0.001	0.997
0.001	0.001	0.997	0.001
0.291	0.127	0.192	0.390
0.096	0.099	0.558	0.247
0.422	0.178	0.090	0.309
>CMTTTSAAAG	3-CMTTTSAAAG	9.793950	-40.273145	0	T:165.0(2.21%),B:49.5(0.62%),P:1e-17	Tpos:198.6,Tstd:76.0,Bpos:512.4,Bstd:288.0,StrandBias:0.1,Multiplicity:1.05
0.056	0.698	0.150	0.096
0.477	0.362	0.001	0.160
0.114	0.097	0.045	0.744
0.146	0.053	0.074	0.727
0.252	0.064	0.001	0.683
0.082	0.456	0.377	0.085
0.879	0.087	0.001	0.033
0.805	0.053	0.141	0.001
0.804	0.001	0.010	0.185
0.139	0.059	0.648	0.154
>ATGCWAATBN	4-ATGCWAATBN	8.400752	-32.698179	0	T:405.0(5.43%),B:237.0(2.96%),P:1e-14	Tpos:195.9,Tstd:94.7,Bpos:497.9,Bstd:390.6,StrandBias:0.2,Multiplicity:1.02
0.515	0.229	0.060	0.196
0.001	0.001	0.055	0.943
0.001	0.001	0.735	0.263
0.001	0.734	0.002	0.263
0.571	0.001	0.001	0.427
0.675	0.004	0.320	0.001
0.989	0.001	0.009	0.001
0.005	0.089	0.278	0.628
0.108	0.253	0.309	0.330
0.231	0.265	0.285	0.219
>NVATTWGCAT	5-NVATTWGCAT	8.183481	-32.559334	0	T:382.0(5.12%),B:218.7(2.73%),P:1e-14	Tpos:202.1,Tstd:96.0,Bpos:514.0,Bstd:300.2,StrandBias:-0.1,Multiplicity:1.03
0.192	0.256	0.241	0.311
0.322	0.334	0.212	0.133
0.843	0.021	0.135	0.001
0.001	0.007	0.001	0.991
0.001	0.286	0.001	0.712
0.449	0.038	0.001	0.512
0.343	0.108	0.548	0.001
0.358	0.631	0.001	0.010
0.997	0.001	0.001	0.001
0.202	0.166	0.182	0.450
>GSYVATTARC	6-GSYVATTARC	7.402204	-29.608986	0	T:264.0(3.54%),B:134.7(1.68%),P:1e-12	Tpos:202.8,Tstd:83.7,Bpos:450.9,Bstd:355.5,StrandBias:0.1,Multiplicity:1.03
0.251	0.113	0.472	0.164
0.096	0.448	0.401	0.056
0.125	0.481	0.036	0.358
0.348	0.319	0.237	0.095
0.673	0.121	0.001	0.205
0.001	0.009	0.001	0.989
0.001	0.122	0.001	0.876
0.680	0.001	0.181	0.138
0.481	0.034	0.447	0.038
0.231	0.457	0.259	0.054
>DNACAAWGGV	7-DNACAAWGGV	7.858174	-25.772970	0	T:278.0(3.73%),B:155.0(1.94%),P:1e-11	Tpos:202.3,Tstd:88.3,Bpos:512.4,Bstd:289.4,StrandBias:-0.0,Multiplicity:1.03
0.244	0.177	0.239	0.340
0.317	0.228	0.238	0.217
0.605	0.001	0.005	0.389
0.001	0.913	0.085	0.001
0.997	0.001	0.001	0.001
0.997	0.001	0.001	0.001
0.546	0.002	0.001	0.451
0.344	0.001	0.654	0.001
0.175	0.296	0.528	0.001
0.272	0.323	0.274	0.131
>CAGGGGGCGC	8-CAGGGGGCGC	9.463501	-25.662932	0	T:240.0(3.22%),B:125.5(1.57%),P:1e-11	Tpos:210.2,Tstd:87.4,Bpos:495.2,Bstd:314.3,StrandBias:-0.3,Multiplicity:1.04
0.022	0.566	0.130	0.282
0.857	0.037	0.042	0.064
0.029	0.026	0.892	0.053
0.236	0.077	0.667	0.020
0.224	0.246	0.407	0.122
0.076	0.085	0.720	0.119
0.017	0.020	0.932	0.031
0.111	0.813	0.028	0.048
0.064	0.122	0.813	0.001
0.045	0.783	0.078	0.094
>CCCCTGCTGR	9-CCCCTGCTGR	9.704888	-21.433123	0	T:347.0(4.65%),B:223.7(2.80%),P:1e-9	Tpos:193.2,Tstd:87.7,Bpos:496.0,Bstd:304.4,StrandBias:-0.3,Multiplicity:1.01
0.078	0.615	0.059	0.248
0.190	0.479	0.074	0.257
0.009	0.949	0.039	0.003
0.063	0.911	0.001	0.025
0.152	0.089	0.021	0.738
0.013	0.001	0.985	0.001
0.012	0.708	0.195	0.085
0.123	0.068	0.100	0.709
0.024	0.001	0.974	0.001
0.417	0.081	0.322	0.180
>GYTWTGCAAA	10-GYTWTGCAAA	8.624556	-21.211551	0	T:56.0(0.75%),B:10.9(0.14%),P:1e-9	Tpos:198.1,Tstd:86.7,Bpos:506.3,Bstd:257.9,StrandBias:1.5,Multiplicity:1.00
0.048	0.286	0.623	0.043
0.136	0.367	0.091	0.406
0.139	0.237	0.201	0.423
0.441	0.087	0.063	0.409
0.243	0.009	0.038	0.710
0.038	0.047	0.572	0.343
0.104	0.499	0.094	0.303
0.825	0.024	0.010	0.141
0.778	0.005	0.212	0.005
0.865	0.021	0.094	0.020
>YCCTGCTGWG	11-YCCTGCTGWG	9.954560	-15.104356	0	T:80.0(1.07%),B:31.6(0.40%),P:1e-6	Tpos:206.6,Tstd:84.1,Bpos:467.7,Bstd:244.2,StrandBias:0.8,Multiplicity:1.00
0.206	0.296	0.132	0.367
0.046	0.854	0.099	0.001
0.153	0.799	0.001	0.047
0.190	0.190	0.053	0.567
0.022	0.001	0.976	0.001
0.037	0.776	0.082	0.105
0.108	0.001	0.178	0.713
0.010	0.013	0.960	0.017
0.450	0.099	0.149	0.303
0.043	0.111	0.606	0.240
>BCYWTTGTKH	12-BCYWTTGTKH	8.515175	-13.967430	0	T:1280.0(17.16%),B:1147.6(14.35%),P:1e-6	Tpos:200.9,Tstd:94.5,Bpos:507.4,Bstd:453.1,StrandBias:0.1,Multiplicity:1.09
0.100	0.328	0.323	0.249
0.001	0.997	0.001	0.001
0.036	0.535	0.001	0.428
0.446	0.001	0.001	0.552
0.001	0.001	0.001	0.997
0.001	0.001	0.001	0.997
0.001	0.001	0.997	0.001
0.168	0.001	0.001	0.830
0.151	0.200	0.289	0.360
0.296	0.274	0.136	0.295
>CAGCAGGGGG	13-CAGCAGGGGG	10.182948	-9.567690	0	T:87.0(1.17%),B:47.8(0.60%),P:1e-4	Tpos:201.9,Tstd:65.8,Bpos:416.5,Bstd:325.6,StrandBias:-0.4,Multiplicity:1.00
0.029	0.911	0.014	0.046
0.597	0.131	0.116	0.156
0.105	0.226	0.610	0.059
0.016	0.814	0.020	0.150
0.704	0.036	0.153	0.107
0.065	0.032	0.846	0.057
0.098	0.037	0.835	0.030
0.246	0.074	0.505	0.175
0.238	0.033	0.624	0.105
0.182	0.064	0.596	0.158
>TTAATTGCCY	14-TTAATTGCCY	8.148291	-8.665339	0	T:140.0(1.88%),B:93.9(1.17%),P:1e-3	Tpos:189.4,Tstd:79.3,Bpos:543.3,Bstd:429.0,StrandBias:-0.1,Multiplicity:1.00
0.022	0.251	0.116	0.611
0.078	0.176	0.115	0.631
0.768	0.022	0.206	0.004
0.976	0.014	0.006	0.004
0.239	0.117	0.132	0.512
0.161	0.060	0.254	0.525
0.283	0.086	0.614	0.017
0.020	0.544	0.327	0.109
0.016	0.602	0.010	0.372
0.128	0.458	0.067	0.348
>AGGAATGTSN	15-AGGAATGTSN	8.798328	-6.206009	0	T:647.0(8.67%),B:592.7(7.41%),P:1e-2	Tpos:200.4,Tstd:93.4,Bpos:500.9,Bstd:322.1,StrandBias:-0.1,Multiplicity:1.06
0.635	0.026	0.002	0.337
0.104	0.001	0.862	0.033
0.008	0.001	0.952	0.039
0.945	0.048	0.001	0.006
0.995	0.001	0.001	0.003
0.001	0.001	0.001	0.997
0.001	0.048	0.583	0.368
0.051	0.340	0.030	0.579
0.194	0.296	0.368	0.142
0.334	0.260	0.209	0.197
>CASCAGGGGG	16-CASCAGGGGG	9.340365	-5.701212	0	T:134.0(1.80%),B:100.1(1.25%),P:1e-2	Tpos:193.8,Tstd:74.0,Bpos:561.4,Bstd:332.8,StrandBias:0.4,Multiplicity:1.00
0.001	0.990	0.001	0.008
0.469	0.214	0.140	0.177
0.134	0.358	0.462	0.046
0.005	0.718	0.037	0.240
0.625	0.001	0.138	0.236
0.035	0.001	0.922	0.042
0.161	0.001	0.837	0.001
0.227	0.120	0.437	0.216
0.317	0.001	0.681	0.001
0.203	0.021	0.634	0.142
>NTTTSAAAGG	17-NTTTSAAAGG	8.732960	-5.099902	0	T:94.0(1.26%),B:67.1(0.84%),P:1e-2	Tpos:198.9,Tstd:95.2,Bpos:511.5,Bstd:399.1,StrandBias:1.1,Multiplicity:1.04
0.261	0.278	0.247	0.214
0.207	0.249	0.116	0.429
0.186	0.188	0.049	0.577
0.143	0.032	0.050	0.775
0.098	0.453	0.376	0.072
0.933	0.028	0.001	0.038
0.807	0.113	0.079	0.001
0.797	0.001	0.047	0.155
0.050	0.001	0.828	0.121
0.100	0.356	0.525	0.019
>AATYWGCWTY	18-AATYWGCWTY	7.727239	-4.881699	0	T:163.0(2.18%),B:131.5(1.64%),P:1e-2	Tpos:216.7,Tstd:82.7,Bpos:529.8,Bstd:366.5,StrandBias:0.2,Multiplicity:1.01
0.459	0.196	0.306	0.039
0.576	0.222	0.201	0.001
0.156	0.069	0.254	0.521
0.001	0.485	0.009	0.505
0.508	0.001	0.013	0.478
0.271	0.168	0.560	0.001
0.001	0.997	0.001	0.001
0.444	0.149	0.001	0.406
0.009	0.009	0.251	0.731
0.181	0.244	0.201	0.374
>GCATTTAAAT	19-GCATTTAAAT	8.730674	-3.806718	0	T:25.0(0.34%),B:13.8(0.17%),P:1e-1	Tpos:188.2,Tstd:95.7,Bpos:465.4,Bstd:200.1,StrandBias:0.9,Multiplicity:1.00
0.122	0.152	0.580	0.146
0.143	0.603	0.135	0.119
0.596	0.154	0.085	0.165
0.142	0.111	0.153	0.594
0.048	0.118	0.146	0.688
0.116	0.157	0.134	0.593
0.567	0.137	0.155	0.141
0.649	0.152	0.133	0.066
0.587	0.139	0.130	0.144
0.152	0.148	0.159	0.541
>GAATTCCWVH	20-GAATTCCWVH	10.570401	-3.440992	0	T:42.0(0.56%),B:28.1(0.35%),P:1e-1	Tpos:204.5,Tstd:88.3,Bpos:534.6,Bstd:338.3,StrandBias:0.1,Multiplicity:1.05
0.358	0.001	0.640	0.001
0.915	0.083	0.001	0.001
0.997	0.001	0.001	0.001
0.001	0.001	0.001	0.997
0.001	0.001	0.001	0.997
0.001	0.997	0.001	0.001
0.001	0.997	0.001	0.001
0.387	0.092	0.001	0.520
0.218	0.333	0.340	0.109
0.259	0.372	0.127	0.241
>SYCATTTAAA	21-SYCATTTAAA	8.849791	-1.605596	0	T:80.0(1.07%),B:74.6(0.93%),P:1e0	Tpos:206.9,Tstd:109.2,Bpos:557.1,Bstd:283.2,StrandBias:0.2,Multiplicity:1.01
0.047	0.355	0.437	0.162
0.019	0.445	0.134	0.402
0.009	0.664	0.014	0.313
0.473	0.244	0.007	0.276
0.001	0.001	0.001	0.997
0.001	0.001	0.282	0.716
0.137	0.290	0.070	0.503
0.653	0.041	0.281	0.025
0.647	0.195	0.154	0.004
0.978	0.001	0.020	0.001
>CCCTTTAAAR	22-CCCTTTAAAR	9.515778	-0.655090	0	T:36.0(0.48%),B:38.8(0.49%),P:1e0	Tpos:184.4,Tstd:132.1,Bpos:490.1,Bstd:333.3,StrandBias:0.0,Multiplicity:1.00
0.001	0.517	0.339	0.143
0.029	0.792	0.010	0.169
0.175	0.537	0.001	0.287
0.142	0.009	0.001	0.848
0.001	0.001	0.001	0.997
0.001	0.110	0.202	0.687
0.477	0.192	0.235	0.096
0.955	0.001	0.043	0.001
0.720	0.001	0.222	0.057
0.309	0.163	0.347	0.181
>NYTBAAAGGS	23-NYTBAAAGGS	7.496739	-0.395960	0	T:31.0(0.42%),B:36.1(0.45%),P:1e0	Tpos:205.0,Tstd:89.1,Bpos:603.2,Bstd:692.7,StrandBias:0.4,Multiplicity:1.00
0.220	0.228	0.204	0.348
0.269	0.298	0.001	0.432
0.271	0.001	0.160	0.568
0.093	0.369	0.287	0.251
0.597	0.001	0.001	0.401
0.825	0.170	0.004	0.001
0.997	0.001	0.001	0.001
0.286	0.001	0.477	0.236
0.019	0.342	0.638	0.001
0.211	0.365	0.245	0.179
>GCYTTTVAAA	24-GCYTTTVAAA	8.784275	-0.307197	0	T:86.0(1.15%),B:100.2(1.25%),P:1e0	Tpos:174.3,Tstd:110.0,Bpos:559.3,Bstd:352.1,StrandBias:0.1,Multiplicity:1.00
0.043	0.260	0.477	0.220
0.004	0.817	0.135	0.044
0.183	0.463	0.001	0.353
0.154	0.102	0.001	0.743
0.001	0.008	0.004	0.987
0.154	0.001	0.233	0.612
0.238	0.306	0.343	0.112
0.853	0.049	0.001	0.097
0.653	0.052	0.265	0.030
0.528	0.093	0.188	0.191
>TBAAAGGCHY	25-TBAAAGGCHY	8.287977	-0.135433	0	T:11.0(0.15%),B:17.1(0.21%),P:1e0	Tpos:192.3,Tstd:71.1,Bpos:522.7,Bstd:207.5,StrandBias:0.0,Multiplicity:1.00
0.284	0.001	0.030	0.685
0.054	0.373	0.316	0.257
0.997	0.001	0.001	0.001
0.968	0.001	0.030	0.001
0.670	0.001	0.028	0.301
0.180	0.001	0.597	0.222
0.074	0.264	0.661	0.001
0.198	0.483	0.209	0.110
0.300	0.326	0.028	0.346
0.197	0.284	0.171	0.348
>TTGTTATGCAAA	1-TTGTTATGCAAA	8.941246	-236.240795	0	T:1214.0(16.27%),B:452.2(5.65%),P:1e-102	Tpos:200.3,Tstd:74.1,Bpos:514.0,Bstd:411.9,StrandBias:0.0,Multiplicity:1.10
0.029	0.043	0.043	0.885
0.129	0.013	0.021	0.837
0.104	0.237	0.607	0.052
0.303	0.020	0.024	0.653
0.237	0.201	0.102	0.460
0.747	0.027	0.058	0.168
0.064	0.003	0.027	0.906
0.014	0.011	0.843	0.132
0.016	0.666	0.070	0.248
0.764	0.009	0.005	0.222
0.746	0.021	0.194	0.039
0.917	0.024	0.030	0.029
>CTTTGTHATKCA	2-CTTTGTHATKCA	9.904881	-76.225283	0	T:374.0(5.01%),B:129.5(1.62%),P:1e-33	Tpos:201.9,Tstd:72.0,Bpos:479.6,Bstd:304.2,StrandBias:0.3,Multiplicity:1.01
0.001	0.869	0.001	0.129
0.333	0.001	0.001	0.665
0.001	0.001	0.001	0.997
0.001	0.001	0.001	0.997
0.037	0.236	0.723	0.004
0.147	0.001	0.101	0.751
0.189	0.335	0.149	0.327
0.495	0.244	0.006	0.256
0.116	0.016	0.017	0.851
0.001	0.142	0.473	0.384
0.062	0.523	0.204	0.211
0.611	0.135	0.001	0.253
>DCHCAGCAGGRR	3-DCHCAGCAGGRR	8.927155	-69.086593	0	T:1145.0(15.35%),B:745.0(9.32%),P:1e-30	Tpos:200.0,Tstd:74.3,Bpos:514.7,Bstd:336.4,StrandBias:-0.0,Multiplicity:1.06
0.259	0.144	0.271	0.326
0.242	0.535	0.150	0.073
0.364	0.261	0.088	0.287
0.001	0.997	0.001	0.001
0.984	0.014	0.001	0.001
0.032	0.001	0.966	0.001
0.001	0.897	0.001	0.101
0.553	0.001	0.160	0.286
0.085	0.001	0.646	0.268
0.001	0.001	0.957	0.041
0.364	0.180	0.290	0.166
0.278	0.193	0.351	0.178
>CCCTTTGAAATG	4-CCCTTTGAAATG	8.800118	-47.550412	0	T:114.0(1.53%),B:16.6(0.21%),P:1e-20	Tpos:205.7,Tstd:66.7,Bpos:443.8,Bstd:276.4,StrandBias:-0.3,Multiplicity:1.01
0.174	0.411	0.202	0.213
0.135	0.585	0.096	0.184
0.166	0.622	0.034	0.178
0.167	0.138	0.028	0.667
0.064	0.150	0.149	0.637
0.136	0.024	0.148	0.692
0.127	0.157	0.561	0.155
0.580	0.105	0.154	0.161
0.600	0.128	0.146	0.126
0.592	0.125	0.131	0.152
0.196	0.055	0.173	0.576
0.153	0.171	0.489	0.186
>ATGCAAATTNYH	5-ATGCAAATTNYH	8.924627	-36.695903	0	T:196.0(2.63%),B:73.7(0.92%),P:1e-15	Tpos:194.2,Tstd:101.4,Bpos:453.4,Bstd:380.8,StrandBias:0.0,Multiplicity:1.02
0.625	0.196	0.001	0.178
0.196	0.001	0.097	0.706
0.006	0.001	0.780	0.213
0.053	0.568	0.088	0.291
0.643	0.055	0.001	0.301
0.635	0.072	0.292	0.001
0.929	0.065	0.005	0.001
0.028	0.031	0.212	0.729
0.072	0.164	0.300	0.463
0.215	0.255	0.199	0.331
0.141	0.434	0.131	0.294
0.279	0.296	0.052	0.373
>GCCCCCTRGYGG	6-GCCCCCTRGYGG	10.774050	-34.002496	0	T:150.0(2.01%),B:48.5(0.61%),P:1e-14	Tpos:190.4,Tstd:56.8,Bpos:628.5,Bstd:312.2,StrandBias:-0.4,Multiplicity:1.02
0.110	0.092	0.782	0.016
0.099	0.737	0.142	0.022
0.001	0.904	0.087	0.008
0.187	0.702	0.016	0.095
0.013	0.581	0.001	0.405
0.001	0.994	0.004	0.001
0.116	0.157	0.091	0.636
0.344	0.239	0.411	0.005
0.064	0.212	0.626	0.098
0.111	0.450	0.001	0.438
0.058	0.001	0.940	0.001
0.057	0.158	0.687	0.098
>TGCATTTGAAAG	7-TGCATTTGAAAG	9.602616	-30.737891	0	T:168.0(2.25%),B:64.2(0.80%),P:1e-13	Tpos:201.1,Tstd:97.7,Bpos:547.4,Bstd:297.1,StrandBias:-0.2,Multiplicity:1.01
0.100	0.042	0.100	0.758
0.089	0.093	0.714	0.104
0.101	0.737	0.072	0.090
0.732	0.110	0.040	0.118
0.081	0.076	0.085	0.758
0.083	0.090	0.078	0.749
0.086	0.038	0.072	0.804
0.105	0.118	0.671	0.106
0.776	0.079	0.072	0.073
0.799	0.068	0.081	0.052
0.784	0.030	0.080	0.106
0.119	0.071	0.716	0.094
>ATGCTAATGAGG	8-ATGCTAATGAGG	10.099110	-26.806215	0	T:70.0(0.94%),B:12.5(0.16%),P:1e-11	Tpos:204.2,Tstd:82.6,Bpos:608.6,Bstd:195.0,StrandBias:-0.3,Multiplicity:1.00
0.531	0.128	0.119	0.222
0.134	0.001	0.167	0.698
0.006	0.045	0.780	0.169
0.063	0.562	0.114	0.261
0.323	0.123	0.001	0.553
0.862	0.007	0.124	0.007
0.900	0.025	0.040	0.035
0.151	0.002	0.125	0.722
0.068	0.158	0.565	0.209
0.628	0.085	0.174	0.113
0.292	0.010	0.521	0.177
0.200	0.218	0.476	0.107
>CCAGCAGGGGGC	9-CCAGCAGGGGGC	9.491627	-25.161259	0	T:867.0(11.62%),B:671.5(8.40%),P:1e-10	Tpos:203.6,Tstd:77.2,Bpos:506.9,Bstd:392.3,StrandBias:0.0,Multiplicity:1.07
0.199	0.536	0.114	0.151
0.001	0.997	0.001	0.001
0.628	0.058	0.123	0.191
0.001	0.274	0.724	0.001
0.001	0.935	0.040	0.024
0.776	0.007	0.012	0.205
0.001	0.001	0.997	0.001
0.057	0.002	0.940	0.001
0.200	0.100	0.503	0.197
0.288	0.027	0.614	0.071
0.109	0.067	0.746	0.078
0.065	0.605	0.167	0.163
>KBCCTTTGTTTT	10-KBCCTTTGTTTT	9.260497	-18.750053	0	T:860.0(11.53%),B:701.5(8.77%),P:1e-8	Tpos:201.5,Tstd:93.6,Bpos:496.3,Bstd:325.6,StrandBias:0.1,Multiplicity:1.07
0.193	0.175	0.245	0.387
0.101	0.227	0.343	0.328
0.001	0.991	0.007	0.001
0.001	0.775	0.001	0.223
0.278	0.001	0.001	0.720
0.001	0.001	0.001	0.997
0.001	0.001	0.001	0.997
0.001	0.001	0.997	0.001
0.011	0.001	0.001	0.987
0.001	0.138	0.293	0.568
0.246	0.190	0.130	0.435
0.216	0.239	0.150	0.395
>GKTAATTAACHT	11-GKTAATTAACHT	11.256604	-16.243848	0	T:41.0(0.55%),B:7.6(0.10%),P:1e-7	Tpos:185.8,Tstd:77.7,Bpos:418.4,Bstd:177.7,StrandBias:0.4,Multiplicity:1.15
0.166	0.128	0.559	0.147
0.067	0.201	0.407	0.325
0.001	0.075	0.016	0.908
0.907	0.052	0.040	0.001
0.953	0.041	0.005	0.001
0.001	0.009	0.001	0.989
0.001	0.082	0.006	0.911
0.966	0.003	0.030	0.001
0.531	0.234	0.234	0.001
0.001	0.946	0.052	0.001
0.367	0.286	0.030	0.317
0.161	0.240	0.171	0.428
>TGTTTACTCAAG	12-TGTTTACTCAAG	10.743491	-14.906127	0	T:52.0(0.70%),B:14.5(0.18%),P:1e-6	Tpos:194.0,Tstd:105.0,Bpos:561.8,Bstd:273.5,StrandBias:-0.1,Multiplicity:1.13
0.082	0.003	0.034	0.881
0.079	0.099	0.715	0.107
0.072	0.090	0.035	0.803
0.030	0.027	0.064	0.879
0.086	0.030	0.100	0.784
0.583	0.136	0.108	0.173
0.099	0.724	0.054	0.123
0.127	0.089	0.003	0.781
0.127	0.632	0.106	0.135
0.823	0.083	0.012	0.082
0.766	0.001	0.138	0.095
0.119	0.123	0.648	0.110
>GTCACGTGACSG	13-GTCACGTGACSG	11.749948	-12.431568	0	T:28.0(0.38%),B:4.4(0.06%),P:1e-5	Tpos:193.7,Tstd:65.7,Bpos:730.5,Bstd:187.0,StrandBias:-0.2,Multiplicity:1.07
0.033	0.146	0.732	0.089
0.056	0.243	0.028	0.673
0.011	0.933	0.050	0.006
0.950	0.044	0.005	0.001
0.033	0.751	0.121	0.095
0.050	0.169	0.753	0.028
0.001	0.005	0.027	0.967
0.006	0.006	0.977	0.011
0.693	0.045	0.251	0.011
0.095	0.691	0.153	0.061
0.152	0.349	0.348	0.151
0.036	0.340	0.535	0.089
>TGAAAGGAATGC	14-TGAAAGGAATGC	10.656220	-11.148883	0	T:77.0(1.03%),B:37.0(0.46%),P:1e-4	Tpos:216.4,Tstd:89.5,Bpos:465.0,Bstd:312.1,StrandBias:0.2,Multiplicity:1.00
0.106	0.054	0.115	0.725
0.072	0.104	0.733	0.091
0.730	0.095	0.093	0.082
0.758	0.089	0.097	0.056
0.791	0.036	0.087	0.086
0.086	0.029	0.793	0.092
0.106	0.090	0.763	0.041
0.781	0.082	0.084	0.053
0.791	0.069	0.067	0.073
0.157	0.056	0.095	0.692
0.063	0.068	0.750	0.119
0.092	0.693	0.103	0.112
>GCGCGCGCCCGC	15-GCGCGCGCCCGC	13.006478	-11.010826	0	T:21.0(0.28%),B:2.6(0.03%),P:1e-4	Tpos:206.6,Tstd:126.7,Bpos:450.0,Bstd:0.0,StrandBias:0.7,Multiplicity:1.00
0.010	0.102	0.855	0.033
0.030	0.835	0.134	0.001
0.001	0.057	0.941	0.001
0.009	0.987	0.003	0.001
0.003	0.132	0.842	0.023
0.023	0.913	0.061	0.003
0.077	0.224	0.698	0.001
0.059	0.755	0.119	0.067
0.261	0.429	0.216	0.095
0.003	0.741	0.158	0.098
0.084	0.215	0.620	0.081
0.007	0.824	0.052	0.117
>RADGCCTTTSTB	16-RADGCCTTTSTB	9.681109	-10.201671	0	T:32.0(0.43%),B:8.4(0.11%),P:1e-4	Tpos:209.6,Tstd:85.1,Bpos:533.8,Bstd:227.7,StrandBias:-0.2,Multiplicity:1.00
0.429	0.165	0.329	0.077
0.479	0.192	0.270	0.059
0.406	0.001	0.276	0.317
0.102	0.101	0.631	0.166
0.015	0.590	0.275	0.120
0.049	0.629	0.001	0.321
0.246	0.002	0.001	0.751
0.001	0.016	0.001	0.982
0.001	0.001	0.004	0.994
0.013	0.364	0.450	0.174
0.364	0.033	0.001	0.602
0.142	0.246	0.241	0.371
>VAGCTGCTTTMA	17-VAGCTGCTTTMA	11.064193	-10.111163	0	T:17.0(0.23%),B:1.8(0.02%),P:1e-4	Tpos:174.1,Tstd:81.6,Bpos:485.6,Bstd:115.4,StrandBias:-0.5,Multiplicity:1.00
0.282	0.345	0.265	0.108
0.761	0.001	0.098	0.140
0.100	0.026	0.804	0.070
0.050	0.805	0.085	0.060
0.184	0.001	0.001	0.814
0.007	0.086	0.784	0.123
0.084	0.658	0.029	0.229
0.067	0.119	0.001	0.813
0.001	0.092	0.116	0.791
0.173	0.171	0.132	0.524
0.408	0.263	0.150	0.179
0.505	0.188	0.160	0.147
>AAGAKGGCGGCG	18-AAGAKGGCGGCG	11.975663	-9.331184	0	T:65.0(0.87%),B:31.1(0.39%),P:1e-4	Tpos:203.4,Tstd:109.2,Bpos:519.8,Bstd:363.0,StrandBias:0.1,Multiplicity:1.03
0.952	0.001	0.046	0.001
0.925	0.037	0.019	0.019
0.131	0.074	0.794	0.001
0.812	0.055	0.132	0.001
0.074	0.019	0.405	0.502
0.001	0.001	0.997	0.001
0.001	0.001	0.997	0.001
0.010	0.868	0.121	0.001
0.001	0.018	0.886	0.095
0.001	0.001	0.997	0.001
0.128	0.589	0.263	0.020
0.074	0.137	0.705	0.084
>CCCCTGKGGAGM	19-CCCCTGKGGAGM	12.039817	-7.284762	0	T:21.0(0.28%),B:6.0(0.07%),P:1e-3	Tpos:210.8,Tstd:101.4,Bpos:415.5,Bstd:222.1,StrandBias:0.0,Multiplicity:1.00
0.057	0.605	0.036	0.302
0.124	0.555	0.068	0.253
0.019	0.789	0.042	0.150
0.001	0.997	0.001	0.001
0.111	0.045	0.007	0.837
0.001	0.067	0.827	0.105
0.093	0.160	0.358	0.389
0.247	0.001	0.718	0.034
0.061	0.005	0.933	0.001
0.610	0.001	0.177	0.212
0.010	0.001	0.984	0.005
0.472	0.353	0.083	0.092
>GTGGGGGMGGGG	20-GTGGGGGMGGGG	12.974974	-7.010644	0	T:42.0(0.56%),B:19.8(0.25%),P:1e-3	Tpos:181.0,Tstd:94.3,Bpos:458.8,Bstd:369.9,StrandBias:-0.3,Multiplicity:1.02
0.150	0.225	0.462	0.163
0.191	0.192	0.169	0.448
0.013	0.049	0.884	0.054
0.038	0.037	0.827	0.098
0.047	0.045	0.907	0.001
0.001	0.001	0.997	0.001
0.001	0.001	0.997	0.001
0.433	0.366	0.001	0.201
0.107	0.001	0.798	0.094
0.018	0.004	0.977	0.001
0.131	0.006	0.807	0.056
0.088	0.138	0.692	0.082
>GBBATTTGCABN	21-GBBATTTGCABN	9.046378	-4.396702	0	T:54.0(0.72%),B:35.4(0.44%),P:1e-1	Tpos:193.4,Tstd:120.2,Bpos:567.0,Bstd:324.6,StrandBias:-0.5,Multiplicity:1.00
0.166	0.250	0.416	0.168
0.169	0.238	0.369	0.225
0.158	0.286	0.349	0.208
0.456	0.268	0.275	0.001
0.001	0.001	0.001	0.997
0.001	0.206	0.001	0.792
0.001	0.221	0.001	0.777
0.001	0.031	0.967	0.001
0.001	0.968	0.030	0.001
0.695	0.066	0.187	0.052
0.145	0.202	0.335	0.318
0.274	0.287	0.254	0.185
>DCNTTASGCNSG	22-DCNTTASGCNSG	6.899841	-3.684497	0	T:9.0(0.12%),B:2.7(0.03%),P:1e-1	Tpos:217.4,Tstd:131.1,Bpos:347.3,Bstd:289.4,StrandBias:1.0,Multiplicity:1.00
0.215	0.180	0.250	0.355
0.109	0.496	0.268	0.127
0.213	0.213	0.309	0.265
0.160	0.107	0.178	0.555
0.196	0.001	0.054	0.749
0.501	0.320	0.072	0.107
0.054	0.373	0.466	0.107
0.125	0.125	0.555	0.195
0.125	0.642	0.143	0.090
0.230	0.178	0.268	0.324
0.179	0.375	0.250	0.197
0.090	0.216	0.551	0.143
>NGNRAATTCCAA	23-NGNRAATTCCAA	10.023089	-2.064397	0	T:98.0(1.31%),B:88.7(1.11%),P:1e0	Tpos:206.6,Tstd:105.4,Bpos:481.0,Bstd:349.3,StrandBias:0.4,Multiplicity:1.00
0.262	0.202	0.281	0.256
0.194	0.169	0.467	0.170
0.256	0.243	0.237	0.264
0.494	0.001	0.504	0.001
0.591	0.407	0.001	0.001
0.997	0.001	0.001	0.001
0.001	0.001	0.001	0.997
0.001	0.001	0.001	0.997
0.001	0.997	0.001	0.001
0.001	0.997	0.001	0.001
0.580	0.001	0.001	0.418
0.407	0.235	0.205	0.153
>DVHTKGCTTTSH	24-DVHTKGCTTTSH	10.026843	-0.728507	0	T:1.0(0.01%),B:0.6(0.01%),P:1e0	Tpos:292.0,Tstd:0.0,Bpos:573.5,Bstd:149.7,StrandBias:10.0,Multiplicity:1.00
0.314	0.028	0.315	0.344
0.329	0.316	0.340	0.015
0.339	0.315	0.017	0.329
0.066	0.063	0.070	0.801
0.026	0.001	0.502	0.471
0.001	0.076	0.922	0.001
0.046	0.828	0.065	0.061
0.065	0.051	0.001	0.883
0.023	0.069	0.054	0.854
0.037	0.051	0.058	0.854
0.026	0.493	0.448	0.033
0.349	0.328	0.001	0.322
>GGGGGGGGGGGG	25-GGGGGGGGGGGG	13.508354	-0.000691	0	T:31.0(0.42%),B:64.9(0.81%),P:1e0	Tpos:119.8,Tstd:82.3,Bpos:524.9,Bstd:831.0,StrandBias:3.0,Multiplicity:1.03
0.021	0.001	0.977	0.001
0.049	0.001	0.949	0.001
0.049	0.001	0.949	0.001
0.054	0.001	0.944	0.001
0.071	0.001	0.927	0.001
0.001	0.001	0.997	0.001
0.001	0.001	0.997	0.001
0.053	0.001	0.924	0.022
0.069	0.016	0.914	0.001
0.036	0.001	0.962	0.001
0.045	0.001	0.953	0.001
0.001	0.018	0.980	0.001
>ATTWGCAT	1-ATTWGCAT	8.659039	-24.603170	0	T:288.0(3.86%),B:165.4(2.07%),P:1e-10	Tpos:202.7,Tstd:80.8,Bpos:492.7,Bstd:312.4,StrandBias:0.2,Multiplicity:1.03
0.768	0.064	0.147	0.021
0.051	0.033	0.031	0.885
0.018	0.163	0.014	0.805
0.468	0.057	0.070	0.405
0.172	0.063	0.723	0.042
0.066	0.889	0.035	0.010
0.781	0.096	0.070	0.053
0.075	0.121	0.120	0.684
>ATGCAAAT	2-ATGCAAAT	8.024312	-22.325802	0	T:1089.0(14.60%),B:897.1(11.22%),P:1e-9	Tpos:204.3,Tstd:90.4,Bpos:512.2,Bstd:269.1,StrandBias:-0.2,Multiplicity:1.07
0.690	0.078	0.152	0.080
0.001	0.001	0.001	0.997
0.001	0.001	0.834	0.164
0.042	0.723	0.001	0.234
0.601	0.001	0.001	0.397
0.740	0.001	0.258	0.001
0.970	0.001	0.028	0.001
0.001	0.216	0.036	0.747
>GCCTTTGT	3-GCCTTTGT	10.309846	-11.839855	0	T:362.0(4.85%),B:276.8(3.46%),P:1e-5	Tpos:208.0,Tstd:92.7,Bpos:487.3,Bstd:687.7,StrandBias:0.3,Multiplicity:1.02
0.046	0.070	0.731	0.153
0.001	0.881	0.076	0.042
0.019	0.844	0.010	0.127
0.048	0.001	0.012	0.939
0.001	0.001	0.001	0.997
0.011	0.001	0.001	0.987
0.043	0.041	0.915	0.001
0.001	0.001	0.001	0.997
>TCAGCAGG	4-TCAGCAGG	9.299065	-9.353573	0	T:1597.0(21.41%),B:1517.1(18.97%),P:1e-4	Tpos:198.5,Tstd:83.1,Bpos:507.3,Bstd:409.0,StrandBias:0.1,Multiplicity:1.15
0.269	0.222	0.046	0.463
0.013	0.976	0.001	0.010
0.991	0.007	0.001	0.001
0.018	0.001	0.980	0.001
0.001	0.989	0.001	0.009
0.915	0.011	0.029	0.045
0.018	0.001	0.915	0.066
0.001	0.018	0.957	0.024
>AACAATAG	5-AACAATAG	9.154912	-8.664026	0	T:465.0(6.23%),B:392.8(4.91%),P:1e-3	Tpos:197.7,Tstd:81.4,Bpos:491.7,Bstd:306.2,StrandBias:-0.2,Multiplicity:1.04
0.734	0.052	0.213	0.001
0.997	0.001	0.001	0.001
0.001	0.997	0.001	0.001
0.997	0.001	0.001	0.001
0.997	0.001	0.001	0.001
0.329	0.001	0.001	0.669
0.540	0.015	0.380	0.065
0.064	0.152	0.783	0.001
>TGCWAAKS	6-TGCWAAKS	7.326769	-7.738479	0	T:633.0(8.49%),B:563.5(7.05%),P:1e-3	Tpos:202.2,Tstd:97.9,Bpos:503.1,Bstd:353.7,StrandBias:0.2,Multiplicity:1.08
0.060	0.038	0.088	0.814
0.080	0.014	0.713	0.193
0.086	0.630	0.029	0.255
0.426	0.029	0.039	0.506
0.816	0.001	0.040	0.143
0.896	0.007	0.031	0.066
0.148	0.063	0.350	0.440
0.080	0.324	0.463	0.134
>AGGAATGC	7-AGGAATGC	9.314168	-2.093029	0	T:643.0(8.62%),B:647.9(8.10%),P:1e0	Tpos:199.7,Tstd:90.1,Bpos:510.5,Bstd:361.9,StrandBias:-0.2,Multiplicity:1.07
0.752	0.042	0.053	0.153
0.001	0.001	0.941	0.057
0.001	0.064	0.934	0.001
0.997	0.001	0.001	0.001
0.997	0.001	0.001	0.001
0.054	0.001	0.001	0.944
0.001	0.001	0.679	0.319
0.001	0.596	0.001	0.402
>GCYAATTR	8-GCYAATTR	6.622507	-2.064668	0	T:952.0(12.76%),B:971.9(12.15%),P:1e0	Tpos:200.6,Tstd:97.1,Bpos:510.5,Bstd:386.3,StrandBias:0.0,Multiplicity:1.08
0.101	0.010	0.872	0.017
0.041	0.601	0.236	0.122
0.091	0.429	0.014	0.466
0.706	0.069	0.174	0.051
0.812	0.047	0.001	0.140
0.001	0.012	0.001	0.986
0.035	0.143	0.123	0.699
0.524	0.023	0.452	0.001
>SCCWTTGT	9-SCCWTTGT	9.004515	-0.970969	0	T:235.0(3.15%),B:244.2(3.05%),P:1e0	Tpos:206.7,Tstd:76.0,Bpos:547.8,Bstd:500.2,StrandBias:-0.2,Multiplicity:1.01
0.071	0.489	0.343	0.097
0.001	0.997	0.001	0.001
0.001	0.599	0.001	0.399
0.524	0.001	0.001	0.474
0.001	0.001	0.001	0.997
0.001	0.001	0.001	0.997
0.001	0.001	0.997	0.001
0.179	0.001	0.001	0.819
>TTCAAAGG	10-TTCAAAGG	8.653973	-0.935602	0	T:528.0(7.08%),B:556.2(6.95%),P:1e0	Tpos:200.6,Tstd:86.4,Bpos:481.6,Bstd:492.7,StrandBias:0.1,Multiplicity:1.03
0.178	0.061	0.001	0.760
0.060	0.001	0.001	0.938
0.060	0.784	0.089	0.067
0.970	0.028	0.001	0.001
0.909	0.056	0.034	0.001
0.955	0.001	0.021	0.023
0.001	0.015	0.875	0.109
0.001	0.067	0.907	0.025
>GYTAATBA	11-GYTAATBA	6.726354	-0.729718	0	T:251.0(3.36%),B:267.7(3.35%),P:1e0	Tpos:186.6,Tstd:99.9,Bpos:418.6,Bstd:308.1,StrandBias:0.5,Multiplicity:1.00
0.029	0.372	0.577	0.022
0.001	0.509	0.001	0.489
0.001	0.405	0.001	0.593
0.997	0.001	0.001	0.001
0.684	0.001	0.016	0.299
0.083	0.063	0.210	0.644
0.131	0.325	0.219	0.325
0.512	0.109	0.343	0.036
>YAATYAGC	12-YAATYAGC	6.179446	-0.729593	0	T:775.0(10.39%),B:828.6(10.36%),P:1e0	Tpos:196.3,Tstd:87.0,Bpos:530.2,Bstd:429.5,StrandBias:0.2,Multiplicity:1.04
0.008	0.416	0.160	0.416
0.716	0.130	0.123	0.031
0.794	0.029	0.023	0.154
0.156	0.001	0.161	0.682
0.116	0.340	0.145	0.399
0.556	0.002	0.339	0.103
0.131	0.206	0.622	0.041
0.128	0.637	0.138	0.097
>CTAATCGC	13-CTAATCGC	8.658762	-0.619625	0	T:31.0(0.42%),B:33.2(0.41%),P:1e0	Tpos:193.3,Tstd:97.9,Bpos:502.1,Bstd:336.5,StrandBias:0.1,Multiplicity:1.00
0.013	0.792	0.019	0.176
0.055	0.185	0.019	0.741
0.913	0.001	0.085	0.001
0.807	0.001	0.127	0.065
0.001	0.107	0.201	0.691
0.059	0.596	0.148	0.197
0.136	0.124	0.678	0.062
0.067	0.728	0.107	0.098
>TTAANYRS	14-TTAANYRS	6.790635	-0.195474	0	T:143.0(1.92%),B:169.9(2.12%),P:1e0	Tpos:207.8,Tstd:115.7,Bpos:539.3,Bstd:318.1,StrandBias:-0.1,Multiplicity:1.00
0.001	0.379	0.001	0.619
0.001	0.001	0.001	0.997
0.997	0.001	0.001	0.001
0.997	0.001	0.001	0.001
0.221	0.232	0.239	0.309
0.001	0.406	0.247	0.346
0.361	0.128	0.323	0.189
0.037	0.416	0.546	0.001
>GCTGTTAA	15-GCTGTTAA	7.515376	-0.073226	0	T:264.0(3.54%),B:318.6(3.98%),P:1e0	Tpos:197.3,Tstd:97.1,Bpos:490.5,Bstd:354.6,StrandBias:-0.0,Multiplicity:1.02
0.007	0.172	0.794	0.027
0.117	0.747	0.047	0.089
0.172	0.124	0.110	0.594
0.117	0.101	0.677	0.105
0.001	0.138	0.008	0.853
0.123	0.100	0.097	0.680
0.802	0.001	0.061	0.136
0.872	0.001	0.117	0.010
>GCCTTTSA	16-GCCTTTSA	8.517489	-0.043983	0	T:424.0(5.68%),B:506.4(6.33%),P:1e0	Tpos:193.4,Tstd:96.2,Bpos:510.8,Bstd:441.4,StrandBias:-0.0,Multiplicity:1.02
0.001	0.223	0.727	0.049
0.001	0.918	0.080	0.001
0.197	0.646	0.001	0.156
0.238	0.001	0.001	0.760
0.001	0.001	0.001	0.997
0.001	0.001	0.001	0.997
0.246	0.294	0.438	0.022
0.797	0.001	0.001	0.201
>SCCTTTVA	17-SCCTTTVA	7.897337	-0.021078	0	T:243.0(3.26%),B:308.2(3.85%),P:1e0	Tpos:194.0,Tstd:106.3,Bpos:542.3,Bstd:673.9,StrandBias:-0.4,Multiplicity:1.01
0.001	0.414	0.394	0.192
0.019	0.676	0.206	0.099
0.176	0.613	0.026	0.185
0.307	0.001	0.001	0.691
0.001	0.016	0.001	0.982
0.018	0.001	0.016	0.965
0.334	0.374	0.260	0.032
0.977	0.001	0.021	0.001
>AAGCCTTT	18-AAGCCTTT	9.954280	-0.015598	0	T:237.0(3.18%),B:304.1(3.80%),P:1e0	Tpos:206.8,Tstd:103.7,Bpos:489.7,Bstd:343.1,StrandBias:0.2,Multiplicity:1.02
0.764	0.131	0.104	0.001
0.766	0.001	0.179	0.054
0.001	0.046	0.952	0.001
0.001	0.811	0.187	0.001
0.001	0.970	0.027	0.002
0.188	0.001	0.074	0.737
0.001	0.001	0.001	0.997
0.001	0.001	0.001	0.997
>AGGGCTTT	19-AGGGCTTT	8.898563	-0.001122	0	T:239.0(3.20%),B:329.1(4.12%),P:1e0	Tpos:189.9,Tstd:102.0,Bpos:511.3,Bstd:369.7,StrandBias:-0.2,Multiplicity:1.03
0.574	0.001	0.380	0.045
0.317	0.031	0.573	0.079
0.287	0.015	0.591	0.107
0.001	0.046	0.884	0.069
0.084	0.914	0.001	0.001
0.226	0.001	0.014	0.759
0.018	0.041	0.001	0.940
0.001	0.001	0.001	0.997
>AAGCTTTC	20-AAGCTTTC	6.628311	-0.000688	0	T:155.0(2.08%),B:229.2(2.87%),P:1e0	Tpos:194.4,Tstd:101.0,Bpos:516.1,Bstd:338.7,StrandBias:-0.3,Multiplicity:1.02
0.535	0.166	0.183	0.116
0.559	0.105	0.247	0.089
0.064	0.175	0.657	0.104
0.110	0.766	0.115	0.009
0.263	0.156	0.108	0.473
0.145	0.157	0.140	0.558
0.094	0.153	0.116	0.637
0.167	0.456	0.088	0.289
>GCWTTNAA	21-GCWTTNAA	5.897986	-0.000099	0	T:190.0(2.55%),B:285.8(3.57%),P:1e0	Tpos:216.1,Tstd:105.4,Bpos:519.3,Bstd:364.8,StrandBias:-0.1,Multiplicity:1.06
0.116	0.285	0.497	0.102
0.001	0.931	0.001	0.067
0.333	0.110	0.095	0.462
0.001	0.105	0.202	0.692
0.107	0.086	0.139	0.668
0.270	0.296	0.215	0.220
0.429	0.212	0.162	0.196
0.443	0.116	0.212	0.230
>GCTTTGAA	22-GCTTTGAA	8.738495	-0.000052	0	T:245.0(3.28%),B:358.2(4.48%),P:1e0	Tpos:203.3,Tstd:96.0,Bpos:477.8,Bstd:393.6,StrandBias:-0.2,Multiplicity:1.01
0.028	0.254	0.653	0.065
0.103	0.789	0.062	0.046
0.051	0.061	0.039	0.849
0.018	0.101	0.100	0.781
0.056	0.036	0.076	0.832
0.146	0.141	0.594	0.119
0.721	0.147	0.048	0.084
0.782	0.064	0.095	0.059
>CTTTSAAA	23-CTTTSAAA	8.116095	-0.000022	0	T:314.0(4.21%),B:449.7(5.62%),P:1e0	Tpos:206.8,Tstd:110.1,Bpos:506.1,Bstd:317.2,StrandBias:0.2,Multiplicity:1.02
0.106	0.803	0.090	0.001
0.392	0.001	0.021	0.586
0.001	0.001	0.001	0.997
0.052	0.001	0.138	0.809
0.001	0.463	0.380	0.156
0.554	0.165	0.094	0.187
0.585	0.090	0.237	0.088
0.897	0.001	0.101	0.001
>GCTTTMMA	24-GCTTTMMA	8.215117	-0.000000	0	T:188.0(2.52%),B:326.5(4.08%),P:1e0	Tpos:202.0,Tstd:120.9,Bpos:475.9,Bstd:321.5,StrandBias:0.1,Multiplicity:1.02
0.001	0.246	0.752	0.001
0.117	0.881	0.001	0.001
0.272	0.001	0.001	0.726
0.001	0.001	0.001	0.997
0.026	0.001	0.001	0.972
0.367	0.352	0.094	0.186
0.537	0.414	0.048	0.001
0.614	0.174	0.038	0.174
>TTTCAAAG	25-TTTCAAAG	8.529574	-0.000000	0	T:414.0(5.55%),B:638.0(7.98%),P:1e0	Tpos:201.6,Tstd:106.8,Bpos:495.5,Bstd:321.6,StrandBias:0.1,Multiplicity:1.05
0.211	0.104	0.001	0.684
0.001	0.140	0.001	0.858
0.201	0.172	0.201	0.426
0.001	0.544	0.295	0.160
0.874	0.124	0.001	0.001
0.882	0.001	0.116	0.001
0.972	0.001	0.001	0.026
0.001	0.017	0.758	0.224
