>TTGTHATGCA	1-TTGTHATGCA	8.164544	-96.550736	0	T:1013.0(13.58%),B:557.1(6.97%),P:1e-41	Tpos:201.0,Tstd:72.7,Bpos:485.5,Bstd:325.5,StrandBias:0.1,Multiplicity:1.08
0.001	0.022	0.025	0.952
0.085	0.001	0.033	0.881
0.148	0.238	0.557	0.057
0.270	0.001	0.137	0.592
0.297	0.299	0.147	0.258
0.763	0.001	0.033	0.203
0.024	0.001	0.019	0.956
0.001	0.015	0.806	0.178
0.001	0.728	0.099	0.172
0.701	0.049	0.029	0.221
>CCTGCTGWGW	2-CCTGCTGWGW	8.772263	-45.846840	0	T:933.0(12.51%),B:640.3(8.01%),P:1e-19	Tpos:201.0,Tstd:78.4,Bpos:503.5,Bstd:337.8,StrandBias:0.0,Multiplicity:1.06
0.062	0.936	0.001	0.001
0.236	0.762	0.001	0.001
0.276	0.241	0.012	0.470
0.225	0.001	0.773	0.001
0.001	0.840	0.021	0.138
0.001	0.001	0.001	0.997
0.001	0.001	0.997	0.001
0.291	0.127	0.192	0.390
0.096	0.099	0.558	0.247
0.422	0.178	0.090	0.309
>CMTTTSAAAG	3-CMTTTSAAAG	9.793950	-40.273145	0	T:165.0(2.21%),B:49.5(0.62%),P:1e-17	Tpos:198.6,Tstd:76.0,Bpos:512.4,Bstd:288.0,StrandBias:0.1,Multiplicity:1.05
0.056	0.698	0.150	0.096
0.477	0.362	0.001	0.160
0.114	0.097	0.045	0.744
0.146	0.053	0.074	0.727
0.252	0.064	0.001	0.683
0.082	0.456	0.377	0.085
0.879	0.087	0.001	0.033
0.805	0.053	0.141	0.001
0.804	0.001	0.010	0.185
0.139	0.059	0.648	0.154
>ATGCWAATBN	4-ATGCWAATBN	8.400752	-32.698179	0	T:405.0(5.43%),B:237.0(2.96%),P:1e-14	Tpos:195.9,Tstd:94.7,Bpos:497.9,Bstd:390.6,StrandBias:0.2,Multiplicity:1.02
0.515	0.229	0.060	0.196
0.001	0.001	0.055	0.943
0.001	0.001	0.735	0.263
0.001	0.734	0.002	0.263
0.571	0.001	0.001	0.427
0.675	0.004	0.320	0.001
0.989	0.001	0.009	0.001
0.005	0.089	0.278	0.628
0.108	0.253	0.309	0.330
0.231	0.265	0.285	0.219
>NVATTWGCAT	5-NVATTWGCAT	8.183481	-32.559334	0	T:382.0(5.12%),B:218.7(2.73%),P:1e-14	Tpos:202.1,Tstd:96.0,Bpos:514.0,Bstd:300.2,StrandBias:-0.1,Multiplicity:1.03
0.192	0.256	0.241	0.311
0.322	0.334	0.212	0.133
0.843	0.021	0.135	0.001
0.001	0.007	0.001	0.991
0.001	0.286	0.001	0.712
0.449	0.038	0.001	0.512
0.343	0.108	0.548	0.001
0.358	0.631	0.001	0.010
0.997	0.001	0.001	0.001
0.202	0.166	0.182	0.450
>GSYVATTARC	6-GSYVATTARC	7.402204	-29.608986	0	T:264.0(3.54%),B:134.7(1.68%),P:1e-12	Tpos:202.8,Tstd:83.7,Bpos:450.9,Bstd:355.5,StrandBias:0.1,Multiplicity:1.03
0.251	0.113	0.472	0.164
0.096	0.448	0.401	0.056
0.125	0.481	0.036	0.358
0.348	0.319	0.237	0.095
0.673	0.121	0.001	0.205
0.001	0.009	0.001	0.989
0.001	0.122	0.001	0.876
0.680	0.001	0.181	0.138
0.481	0.034	0.447	0.038
0.231	0.457	0.259	0.054
>DNACAAWGGV	7-DNACAAWGGV	7.858174	-25.772970	0	T:278.0(3.73%),B:155.0(1.94%),P:1e-11	Tpos:202.3,Tstd:88.3,Bpos:512.4,Bstd:289.4,StrandBias:-0.0,Multiplicity:1.03
0.244	0.177	0.239	0.340
0.317	0.228	0.238	0.217
0.605	0.001	0.005	0.389
0.001	0.913	0.085	0.001
0.997	0.001	0.001	0.001
0.997	0.001	0.001	0.001
0.546	0.002	0.001	0.451
0.344	0.001	0.654	0.001
0.175	0.296	0.528	0.001
0.272	0.323	0.274	0.131
>CAGGGGGCGC	8-CAGGGGGCGC	9.463501	-25.662932	0	T:240.0(3.22%),B:125.5(1.57%),P:1e-11	Tpos:210.2,Tstd:87.4,Bpos:495.2,Bstd:314.3,StrandBias:-0.3,Multiplicity:1.04
0.022	0.566	0.130	0.282
0.857	0.037	0.042	0.064
0.029	0.026	0.892	0.053
0.236	0.077	0.667	0.020
0.224	0.246	0.407	0.122
0.076	0.085	0.720	0.119
0.017	0.020	0.932	0.031
0.111	0.813	0.028	0.048
0.064	0.122	0.813	0.001
0.045	0.783	0.078	0.094
>CCCCTGCTGR	9-CCCCTGCTGR	9.704888	-21.433123	0	T:347.0(4.65%),B:223.7(2.80%),P:1e-9	Tpos:193.2,Tstd:87.7,Bpos:496.0,Bstd:304.4,StrandBias:-0.3,Multiplicity:1.01
0.078	0.615	0.059	0.248
0.190	0.479	0.074	0.257
0.009	0.949	0.039	0.003
0.063	0.911	0.001	0.025
0.152	0.089	0.021	0.738
0.013	0.001	0.985	0.001
0.012	0.708	0.195	0.085
0.123	0.068	0.100	0.709
0.024	0.001	0.974	0.001
0.417	0.081	0.322	0.180
>GYTWTGCAAA	10-GYTWTGCAAA	8.624556	-21.211551	0	T:56.0(0.75%),B:10.9(0.14%),P:1e-9	Tpos:198.1,Tstd:86.7,Bpos:506.3,Bstd:257.9,StrandBias:1.5,Multiplicity:1.00
0.048	0.286	0.623	0.043
0.136	0.367	0.091	0.406
0.139	0.237	0.201	0.423
0.441	0.087	0.063	0.409
0.243	0.009	0.038	0.710
0.038	0.047	0.572	0.343
0.104	0.499	0.094	0.303
0.825	0.024	0.010	0.141
0.778	0.005	0.212	0.005
0.865	0.021	0.094	0.020
>YCCTGCTGWG	11-YCCTGCTGWG	9.954560	-15.104356	0	T:80.0(1.07%),B:31.6(0.40%),P:1e-6	Tpos:206.6,Tstd:84.1,Bpos:467.7,Bstd:244.2,StrandBias:0.8,Multiplicity:1.00
0.206	0.296	0.132	0.367
0.046	0.854	0.099	0.001
0.153	0.799	0.001	0.047
0.190	0.190	0.053	0.567
0.022	0.001	0.976	0.001
0.037	0.776	0.082	0.105
0.108	0.001	0.178	0.713
0.010	0.013	0.960	0.017
0.450	0.099	0.149	0.303
0.043	0.111	0.606	0.240
>BCYWTTGTKH	12-BCYWTTGTKH	8.515175	-13.967430	0	T:1280.0(17.16%),B:1147.6(14.35%),P:1e-6	Tpos:200.9,Tstd:94.5,Bpos:507.4,Bstd:453.1,StrandBias:0.1,Multiplicity:1.09
0.100	0.328	0.323	0.249
0.001	0.997	0.001	0.001
0.036	0.535	0.001	0.428
0.446	0.001	0.001	0.552
0.001	0.001	0.001	0.997
0.001	0.001	0.001	0.997
0.001	0.001	0.997	0.001
0.168	0.001	0.001	0.830
0.151	0.200	0.289	0.360
0.296	0.274	0.136	0.295
>CAGCAGGGGG	13-CAGCAGGGGG	10.182948	-9.567690	0	T:87.0(1.17%),B:47.8(0.60%),P:1e-4	Tpos:201.9,Tstd:65.8,Bpos:416.5,Bstd:325.6,StrandBias:-0.4,Multiplicity:1.00
0.029	0.911	0.014	0.046
0.597	0.131	0.116	0.156
0.105	0.226	0.610	0.059
0.016	0.814	0.020	0.150
0.704	0.036	0.153	0.107
0.065	0.032	0.846	0.057
0.098	0.037	0.835	0.030
0.246	0.074	0.505	0.175
0.238	0.033	0.624	0.105
0.182	0.064	0.596	0.158
>TTAATTGCCY	14-TTAATTGCCY	8.148291	-8.665339	0	T:140.0(1.88%),B:93.9(1.17%),P:1e-3	Tpos:189.4,Tstd:79.3,Bpos:543.3,Bstd:429.0,StrandBias:-0.1,Multiplicity:1.00
0.022	0.251	0.116	0.611
0.078	0.176	0.115	0.631
0.768	0.022	0.206	0.004
0.976	0.014	0.006	0.004
0.239	0.117	0.132	0.512
0.161	0.060	0.254	0.525
0.283	0.086	0.614	0.017
0.020	0.544	0.327	0.109
0.016	0.602	0.010	0.372
0.128	0.458	0.067	0.348
>AGGAATGTSN	15-AGGAATGTSN	8.798328	-6.206009	0	T:647.0(8.67%),B:592.7(7.41%),P:1e-2	Tpos:200.4,Tstd:93.4,Bpos:500.9,Bstd:322.1,StrandBias:-0.1,Multiplicity:1.06
0.635	0.026	0.002	0.337
0.104	0.001	0.862	0.033
0.008	0.001	0.952	0.039
0.945	0.048	0.001	0.006
0.995	0.001	0.001	0.003
0.001	0.001	0.001	0.997
0.001	0.048	0.583	0.368
0.051	0.340	0.030	0.579
0.194	0.296	0.368	0.142
0.334	0.260	0.209	0.197
>CASCAGGGGG	16-CASCAGGGGG	9.340365	-5.701212	0	T:134.0(1.80%),B:100.1(1.25%),P:1e-2	Tpos:193.8,Tstd:74.0,Bpos:561.4,Bstd:332.8,StrandBias:0.4,Multiplicity:1.00
0.001	0.990	0.001	0.008
0.469	0.214	0.140	0.177
0.134	0.358	0.462	0.046
0.005	0.718	0.037	0.240
0.625	0.001	0.138	0.236
0.035	0.001	0.922	0.042
0.161	0.001	0.837	0.001
0.227	0.120	0.437	0.216
0.317	0.001	0.681	0.001
0.203	0.021	0.634	0.142
>NTTTSAAAGG	17-NTTTSAAAGG	8.732960	-5.099902	0	T:94.0(1.26%),B:67.1(0.84%),P:1e-2	Tpos:198.9,Tstd:95.2,Bpos:511.5,Bstd:399.1,StrandBias:1.1,Multiplicity:1.04
0.261	0.278	0.247	0.214
0.207	0.249	0.116	0.429
0.186	0.188	0.049	0.577
0.143	0.032	0.050	0.775
0.098	0.453	0.376	0.072
0.933	0.028	0.001	0.038
0.807	0.113	0.079	0.001
0.797	0.001	0.047	0.155
0.050	0.001	0.828	0.121
0.100	0.356	0.525	0.019
>AATYWGCWTY	18-AATYWGCWTY	7.727239	-4.881699	0	T:163.0(2.18%),B:131.5(1.64%),P:1e-2	Tpos:216.7,Tstd:82.7,Bpos:529.8,Bstd:366.5,StrandBias:0.2,Multiplicity:1.01
0.459	0.196	0.306	0.039
0.576	0.222	0.201	0.001
0.156	0.069	0.254	0.521
0.001	0.485	0.009	0.505
0.508	0.001	0.013	0.478
0.271	0.168	0.560	0.001
0.001	0.997	0.001	0.001
0.444	0.149	0.001	0.406
0.009	0.009	0.251	0.731
0.181	0.244	0.201	0.374
>GCATTTAAAT	19-GCATTTAAAT	8.730674	-3.806718	0	T:25.0(0.34%),B:13.8(0.17%),P:1e-1	Tpos:188.2,Tstd:95.7,Bpos:465.4,Bstd:200.1,StrandBias:0.9,Multiplicity:1.00
0.122	0.152	0.580	0.146
0.143	0.603	0.135	0.119
0.596	0.154	0.085	0.165
0.142	0.111	0.153	0.594
0.048	0.118	0.146	0.688
0.116	0.157	0.134	0.593
0.567	0.137	0.155	0.141
0.649	0.152	0.133	0.066
0.587	0.139	0.130	0.144
0.152	0.148	0.159	0.541
>GAATTCCWVH	20-GAATTCCWVH	10.570401	-3.440992	0	T:42.0(0.56%),B:28.1(0.35%),P:1e-1	Tpos:204.5,Tstd:88.3,Bpos:534.6,Bstd:338.3,StrandBias:0.1,Multiplicity:1.05
0.358	0.001	0.640	0.001
0.915	0.083	0.001	0.001
0.997	0.001	0.001	0.001
0.001	0.001	0.001	0.997
0.001	0.001	0.001	0.997
0.001	0.997	0.001	0.001
0.001	0.997	0.001	0.001
0.387	0.092	0.001	0.520
0.218	0.333	0.340	0.109
0.259	0.372	0.127	0.241
>SYCATTTAAA	21-SYCATTTAAA	8.849791	-1.605596	0	T:80.0(1.07%),B:74.6(0.93%),P:1e0	Tpos:206.9,Tstd:109.2,Bpos:557.1,Bstd:283.2,StrandBias:0.2,Multiplicity:1.01
0.047	0.355	0.437	0.162
0.019	0.445	0.134	0.402
0.009	0.664	0.014	0.313
0.473	0.244	0.007	0.276
0.001	0.001	0.001	0.997
0.001	0.001	0.282	0.716
0.137	0.290	0.070	0.503
0.653	0.041	0.281	0.025
0.647	0.195	0.154	0.004
0.978	0.001	0.020	0.001
>CCCTTTAAAR	22-CCCTTTAAAR	9.515778	-0.655090	0	T:36.0(0.48%),B:38.8(0.49%),P:1e0	Tpos:184.4,Tstd:132.1,Bpos:490.1,Bstd:333.3,StrandBias:0.0,Multiplicity:1.00
0.001	0.517	0.339	0.143
0.029	0.792	0.010	0.169
0.175	0.537	0.001	0.287
0.142	0.009	0.001	0.848
0.001	0.001	0.001	0.997
0.001	0.110	0.202	0.687
0.477	0.192	0.235	0.096
0.955	0.001	0.043	0.001
0.720	0.001	0.222	0.057
0.309	0.163	0.347	0.181
>NYTBAAAGGS	23-NYTBAAAGGS	7.496739	-0.395960	0	T:31.0(0.42%),B:36.1(0.45%),P:1e0	Tpos:205.0,Tstd:89.1,Bpos:603.2,Bstd:692.7,StrandBias:0.4,Multiplicity:1.00
0.220	0.228	0.204	0.348
0.269	0.298	0.001	0.432
0.271	0.001	0.160	0.568
0.093	0.369	0.287	0.251
0.597	0.001	0.001	0.401
0.825	0.170	0.004	0.001
0.997	0.001	0.001	0.001
0.286	0.001	0.477	0.236
0.019	0.342	0.638	0.001
0.211	0.365	0.245	0.179
>GCYTTTVAAA	24-GCYTTTVAAA	8.784275	-0.307197	0	T:86.0(1.15%),B:100.2(1.25%),P:1e0	Tpos:174.3,Tstd:110.0,Bpos:559.3,Bstd:352.1,StrandBias:0.1,Multiplicity:1.00
0.043	0.260	0.477	0.220
0.004	0.817	0.135	0.044
0.183	0.463	0.001	0.353
0.154	0.102	0.001	0.743
0.001	0.008	0.004	0.987
0.154	0.001	0.233	0.612
0.238	0.306	0.343	0.112
0.853	0.049	0.001	0.097
0.653	0.052	0.265	0.030
0.528	0.093	0.188	0.191
>TBAAAGGCHY	25-TBAAAGGCHY	8.287977	-0.135433	0	T:11.0(0.15%),B:17.1(0.21%),P:1e0	Tpos:192.3,Tstd:71.1,Bpos:522.7,Bstd:207.5,StrandBias:0.0,Multiplicity:1.00
0.284	0.001	0.030	0.685
0.054	0.373	0.316	0.257
0.997	0.001	0.001	0.001
0.968	0.001	0.030	0.001
0.670	0.001	0.028	0.301
0.180	0.001	0.597	0.222
0.074	0.264	0.661	0.001
0.198	0.483	0.209	0.110
0.300	0.326	0.028	0.346
0.197	0.284	0.171	0.348
