>TTGTTATGCAAA	1-TTGTTATGCAAA	8.941246	-236.240795	0	T:1214.0(16.27%),B:452.2(5.65%),P:1e-102	Tpos:200.3,Tstd:74.1,Bpos:514.0,Bstd:411.9,StrandBias:0.0,Multiplicity:1.10
0.029	0.043	0.043	0.885
0.129	0.013	0.021	0.837
0.104	0.237	0.607	0.052
0.303	0.020	0.024	0.653
0.237	0.201	0.102	0.460
0.747	0.027	0.058	0.168
0.064	0.003	0.027	0.906
0.014	0.011	0.843	0.132
0.016	0.666	0.070	0.248
0.764	0.009	0.005	0.222
0.746	0.021	0.194	0.039
0.917	0.024	0.030	0.029
>CTTTGTHATKCA	2-CTTTGTHATKCA	9.904881	-76.225283	0	T:374.0(5.01%),B:129.5(1.62%),P:1e-33	Tpos:201.9,Tstd:72.0,Bpos:479.6,Bstd:304.2,StrandBias:0.3,Multiplicity:1.01
0.001	0.869	0.001	0.129
0.333	0.001	0.001	0.665
0.001	0.001	0.001	0.997
0.001	0.001	0.001	0.997
0.037	0.236	0.723	0.004
0.147	0.001	0.101	0.751
0.189	0.335	0.149	0.327
0.495	0.244	0.006	0.256
0.116	0.016	0.017	0.851
0.001	0.142	0.473	0.384
0.062	0.523	0.204	0.211
0.611	0.135	0.001	0.253
>DCHCAGCAGGRR	3-DCHCAGCAGGRR	8.927155	-69.086593	0	T:1145.0(15.35%),B:745.0(9.32%),P:1e-30	Tpos:200.0,Tstd:74.3,Bpos:514.7,Bstd:336.4,StrandBias:-0.0,Multiplicity:1.06
0.259	0.144	0.271	0.326
0.242	0.535	0.150	0.073
0.364	0.261	0.088	0.287
0.001	0.997	0.001	0.001
0.984	0.014	0.001	0.001
0.032	0.001	0.966	0.001
0.001	0.897	0.001	0.101
0.553	0.001	0.160	0.286
0.085	0.001	0.646	0.268
0.001	0.001	0.957	0.041
0.364	0.180	0.290	0.166
0.278	0.193	0.351	0.178
>CCCTTTGAAATG	4-CCCTTTGAAATG	8.800118	-47.550412	0	T:114.0(1.53%),B:16.6(0.21%),P:1e-20	Tpos:205.7,Tstd:66.7,Bpos:443.8,Bstd:276.4,StrandBias:-0.3,Multiplicity:1.01
0.174	0.411	0.202	0.213
0.135	0.585	0.096	0.184
0.166	0.622	0.034	0.178
0.167	0.138	0.028	0.667
0.064	0.150	0.149	0.637
0.136	0.024	0.148	0.692
0.127	0.157	0.561	0.155
0.580	0.105	0.154	0.161
0.600	0.128	0.146	0.126
0.592	0.125	0.131	0.152
0.196	0.055	0.173	0.576
0.153	0.171	0.489	0.186
>ATGCAAATTNYH	5-ATGCAAATTNYH	8.924627	-36.695903	0	T:196.0(2.63%),B:73.7(0.92%),P:1e-15	Tpos:194.2,Tstd:101.4,Bpos:453.4,Bstd:380.8,StrandBias:0.0,Multiplicity:1.02
0.625	0.196	0.001	0.178
0.196	0.001	0.097	0.706
0.006	0.001	0.780	0.213
0.053	0.568	0.088	0.291
0.643	0.055	0.001	0.301
0.635	0.072	0.292	0.001
0.929	0.065	0.005	0.001
0.028	0.031	0.212	0.729
0.072	0.164	0.300	0.463
0.215	0.255	0.199	0.331
0.141	0.434	0.131	0.294
0.279	0.296	0.052	0.373
>GCCCCCTRGYGG	6-GCCCCCTRGYGG	10.774050	-34.002496	0	T:150.0(2.01%),B:48.5(0.61%),P:1e-14	Tpos:190.4,Tstd:56.8,Bpos:628.5,Bstd:312.2,StrandBias:-0.4,Multiplicity:1.02
0.110	0.092	0.782	0.016
0.099	0.737	0.142	0.022
0.001	0.904	0.087	0.008
0.187	0.702	0.016	0.095
0.013	0.581	0.001	0.405
0.001	0.994	0.004	0.001
0.116	0.157	0.091	0.636
0.344	0.239	0.411	0.005
0.064	0.212	0.626	0.098
0.111	0.450	0.001	0.438
0.058	0.001	0.940	0.001
0.057	0.158	0.687	0.098
>TGCATTTGAAAG	7-TGCATTTGAAAG	9.602616	-30.737891	0	T:168.0(2.25%),B:64.2(0.80%),P:1e-13	Tpos:201.1,Tstd:97.7,Bpos:547.4,Bstd:297.1,StrandBias:-0.2,Multiplicity:1.01
0.100	0.042	0.100	0.758
0.089	0.093	0.714	0.104
0.101	0.737	0.072	0.090
0.732	0.110	0.040	0.118
0.081	0.076	0.085	0.758
0.083	0.090	0.078	0.749
0.086	0.038	0.072	0.804
0.105	0.118	0.671	0.106
0.776	0.079	0.072	0.073
0.799	0.068	0.081	0.052
0.784	0.030	0.080	0.106
0.119	0.071	0.716	0.094
>ATGCTAATGAGG	8-ATGCTAATGAGG	10.099110	-26.806215	0	T:70.0(0.94%),B:12.5(0.16%),P:1e-11	Tpos:204.2,Tstd:82.6,Bpos:608.6,Bstd:195.0,StrandBias:-0.3,Multiplicity:1.00
0.531	0.128	0.119	0.222
0.134	0.001	0.167	0.698
0.006	0.045	0.780	0.169
0.063	0.562	0.114	0.261
0.323	0.123	0.001	0.553
0.862	0.007	0.124	0.007
0.900	0.025	0.040	0.035
0.151	0.002	0.125	0.722
0.068	0.158	0.565	0.209
0.628	0.085	0.174	0.113
0.292	0.010	0.521	0.177
0.200	0.218	0.476	0.107
>CCAGCAGGGGGC	9-CCAGCAGGGGGC	9.491627	-25.161259	0	T:867.0(11.62%),B:671.5(8.40%),P:1e-10	Tpos:203.6,Tstd:77.2,Bpos:506.9,Bstd:392.3,StrandBias:0.0,Multiplicity:1.07
0.199	0.536	0.114	0.151
0.001	0.997	0.001	0.001
0.628	0.058	0.123	0.191
0.001	0.274	0.724	0.001
0.001	0.935	0.040	0.024
0.776	0.007	0.012	0.205
0.001	0.001	0.997	0.001
0.057	0.002	0.940	0.001
0.200	0.100	0.503	0.197
0.288	0.027	0.614	0.071
0.109	0.067	0.746	0.078
0.065	0.605	0.167	0.163
>KBCCTTTGTTTT	10-KBCCTTTGTTTT	9.260497	-18.750053	0	T:860.0(11.53%),B:701.5(8.77%),P:1e-8	Tpos:201.5,Tstd:93.6,Bpos:496.3,Bstd:325.6,StrandBias:0.1,Multiplicity:1.07
0.193	0.175	0.245	0.387
0.101	0.227	0.343	0.328
0.001	0.991	0.007	0.001
0.001	0.775	0.001	0.223
0.278	0.001	0.001	0.720
0.001	0.001	0.001	0.997
0.001	0.001	0.001	0.997
0.001	0.001	0.997	0.001
0.011	0.001	0.001	0.987
0.001	0.138	0.293	0.568
0.246	0.190	0.130	0.435
0.216	0.239	0.150	0.395
>GKTAATTAACHT	11-GKTAATTAACHT	11.256604	-16.243848	0	T:41.0(0.55%),B:7.6(0.10%),P:1e-7	Tpos:185.8,Tstd:77.7,Bpos:418.4,Bstd:177.7,StrandBias:0.4,Multiplicity:1.15
0.166	0.128	0.559	0.147
0.067	0.201	0.407	0.325
0.001	0.075	0.016	0.908
0.907	0.052	0.040	0.001
0.953	0.041	0.005	0.001
0.001	0.009	0.001	0.989
0.001	0.082	0.006	0.911
0.966	0.003	0.030	0.001
0.531	0.234	0.234	0.001
0.001	0.946	0.052	0.001
0.367	0.286	0.030	0.317
0.161	0.240	0.171	0.428
>TGTTTACTCAAG	12-TGTTTACTCAAG	10.743491	-14.906127	0	T:52.0(0.70%),B:14.5(0.18%),P:1e-6	Tpos:194.0,Tstd:105.0,Bpos:561.8,Bstd:273.5,StrandBias:-0.1,Multiplicity:1.13
0.082	0.003	0.034	0.881
0.079	0.099	0.715	0.107
0.072	0.090	0.035	0.803
0.030	0.027	0.064	0.879
0.086	0.030	0.100	0.784
0.583	0.136	0.108	0.173
0.099	0.724	0.054	0.123
0.127	0.089	0.003	0.781
0.127	0.632	0.106	0.135
0.823	0.083	0.012	0.082
0.766	0.001	0.138	0.095
0.119	0.123	0.648	0.110
>GTCACGTGACSG	13-GTCACGTGACSG	11.749948	-12.431568	0	T:28.0(0.38%),B:4.4(0.06%),P:1e-5	Tpos:193.7,Tstd:65.7,Bpos:730.5,Bstd:187.0,StrandBias:-0.2,Multiplicity:1.07
0.033	0.146	0.732	0.089
0.056	0.243	0.028	0.673
0.011	0.933	0.050	0.006
0.950	0.044	0.005	0.001
0.033	0.751	0.121	0.095
0.050	0.169	0.753	0.028
0.001	0.005	0.027	0.967
0.006	0.006	0.977	0.011
0.693	0.045	0.251	0.011
0.095	0.691	0.153	0.061
0.152	0.349	0.348	0.151
0.036	0.340	0.535	0.089
>TGAAAGGAATGC	14-TGAAAGGAATGC	10.656220	-11.148883	0	T:77.0(1.03%),B:37.0(0.46%),P:1e-4	Tpos:216.4,Tstd:89.5,Bpos:465.0,Bstd:312.1,StrandBias:0.2,Multiplicity:1.00
0.106	0.054	0.115	0.725
0.072	0.104	0.733	0.091
0.730	0.095	0.093	0.082
0.758	0.089	0.097	0.056
0.791	0.036	0.087	0.086
0.086	0.029	0.793	0.092
0.106	0.090	0.763	0.041
0.781	0.082	0.084	0.053
0.791	0.069	0.067	0.073
0.157	0.056	0.095	0.692
0.063	0.068	0.750	0.119
0.092	0.693	0.103	0.112
>GCGCGCGCCCGC	15-GCGCGCGCCCGC	13.006478	-11.010826	0	T:21.0(0.28%),B:2.6(0.03%),P:1e-4	Tpos:206.6,Tstd:126.7,Bpos:450.0,Bstd:0.0,StrandBias:0.7,Multiplicity:1.00
0.010	0.102	0.855	0.033
0.030	0.835	0.134	0.001
0.001	0.057	0.941	0.001
0.009	0.987	0.003	0.001
0.003	0.132	0.842	0.023
0.023	0.913	0.061	0.003
0.077	0.224	0.698	0.001
0.059	0.755	0.119	0.067
0.261	0.429	0.216	0.095
0.003	0.741	0.158	0.098
0.084	0.215	0.620	0.081
0.007	0.824	0.052	0.117
>RADGCCTTTSTB	16-RADGCCTTTSTB	9.681109	-10.201671	0	T:32.0(0.43%),B:8.4(0.11%),P:1e-4	Tpos:209.6,Tstd:85.1,Bpos:533.8,Bstd:227.7,StrandBias:-0.2,Multiplicity:1.00
0.429	0.165	0.329	0.077
0.479	0.192	0.270	0.059
0.406	0.001	0.276	0.317
0.102	0.101	0.631	0.166
0.015	0.590	0.275	0.120
0.049	0.629	0.001	0.321
0.246	0.002	0.001	0.751
0.001	0.016	0.001	0.982
0.001	0.001	0.004	0.994
0.013	0.364	0.450	0.174
0.364	0.033	0.001	0.602
0.142	0.246	0.241	0.371
>VAGCTGCTTTMA	17-VAGCTGCTTTMA	11.064193	-10.111163	0	T:17.0(0.23%),B:1.8(0.02%),P:1e-4	Tpos:174.1,Tstd:81.6,Bpos:485.6,Bstd:115.4,StrandBias:-0.5,Multiplicity:1.00
0.282	0.345	0.265	0.108
0.761	0.001	0.098	0.140
0.100	0.026	0.804	0.070
0.050	0.805	0.085	0.060
0.184	0.001	0.001	0.814
0.007	0.086	0.784	0.123
0.084	0.658	0.029	0.229
0.067	0.119	0.001	0.813
0.001	0.092	0.116	0.791
0.173	0.171	0.132	0.524
0.408	0.263	0.150	0.179
0.505	0.188	0.160	0.147
>AAGAKGGCGGCG	18-AAGAKGGCGGCG	11.975663	-9.331184	0	T:65.0(0.87%),B:31.1(0.39%),P:1e-4	Tpos:203.4,Tstd:109.2,Bpos:519.8,Bstd:363.0,StrandBias:0.1,Multiplicity:1.03
0.952	0.001	0.046	0.001
0.925	0.037	0.019	0.019
0.131	0.074	0.794	0.001
0.812	0.055	0.132	0.001
0.074	0.019	0.405	0.502
0.001	0.001	0.997	0.001
0.001	0.001	0.997	0.001
0.010	0.868	0.121	0.001
0.001	0.018	0.886	0.095
0.001	0.001	0.997	0.001
0.128	0.589	0.263	0.020
0.074	0.137	0.705	0.084
>CCCCTGKGGAGM	19-CCCCTGKGGAGM	12.039817	-7.284762	0	T:21.0(0.28%),B:6.0(0.07%),P:1e-3	Tpos:210.8,Tstd:101.4,Bpos:415.5,Bstd:222.1,StrandBias:0.0,Multiplicity:1.00
0.057	0.605	0.036	0.302
0.124	0.555	0.068	0.253
0.019	0.789	0.042	0.150
0.001	0.997	0.001	0.001
0.111	0.045	0.007	0.837
0.001	0.067	0.827	0.105
0.093	0.160	0.358	0.389
0.247	0.001	0.718	0.034
0.061	0.005	0.933	0.001
0.610	0.001	0.177	0.212
0.010	0.001	0.984	0.005
0.472	0.353	0.083	0.092
>GTGGGGGMGGGG	20-GTGGGGGMGGGG	12.974974	-7.010644	0	T:42.0(0.56%),B:19.8(0.25%),P:1e-3	Tpos:181.0,Tstd:94.3,Bpos:458.8,Bstd:369.9,StrandBias:-0.3,Multiplicity:1.02
0.150	0.225	0.462	0.163
0.191	0.192	0.169	0.448
0.013	0.049	0.884	0.054
0.038	0.037	0.827	0.098
0.047	0.045	0.907	0.001
0.001	0.001	0.997	0.001
0.001	0.001	0.997	0.001
0.433	0.366	0.001	0.201
0.107	0.001	0.798	0.094
0.018	0.004	0.977	0.001
0.131	0.006	0.807	0.056
0.088	0.138	0.692	0.082
>GBBATTTGCABN	21-GBBATTTGCABN	9.046378	-4.396702	0	T:54.0(0.72%),B:35.4(0.44%),P:1e-1	Tpos:193.4,Tstd:120.2,Bpos:567.0,Bstd:324.6,StrandBias:-0.5,Multiplicity:1.00
0.166	0.250	0.416	0.168
0.169	0.238	0.369	0.225
0.158	0.286	0.349	0.208
0.456	0.268	0.275	0.001
0.001	0.001	0.001	0.997
0.001	0.206	0.001	0.792
0.001	0.221	0.001	0.777
0.001	0.031	0.967	0.001
0.001	0.968	0.030	0.001
0.695	0.066	0.187	0.052
0.145	0.202	0.335	0.318
0.274	0.287	0.254	0.185
>DCNTTASGCNSG	22-DCNTTASGCNSG	6.899841	-3.684497	0	T:9.0(0.12%),B:2.7(0.03%),P:1e-1	Tpos:217.4,Tstd:131.1,Bpos:347.3,Bstd:289.4,StrandBias:1.0,Multiplicity:1.00
0.215	0.180	0.250	0.355
0.109	0.496	0.268	0.127
0.213	0.213	0.309	0.265
0.160	0.107	0.178	0.555
0.196	0.001	0.054	0.749
0.501	0.320	0.072	0.107
0.054	0.373	0.466	0.107
0.125	0.125	0.555	0.195
0.125	0.642	0.143	0.090
0.230	0.178	0.268	0.324
0.179	0.375	0.250	0.197
0.090	0.216	0.551	0.143
>NGNRAATTCCAA	23-NGNRAATTCCAA	10.023089	-2.064397	0	T:98.0(1.31%),B:88.7(1.11%),P:1e0	Tpos:206.6,Tstd:105.4,Bpos:481.0,Bstd:349.3,StrandBias:0.4,Multiplicity:1.00
0.262	0.202	0.281	0.256
0.194	0.169	0.467	0.170
0.256	0.243	0.237	0.264
0.494	0.001	0.504	0.001
0.591	0.407	0.001	0.001
0.997	0.001	0.001	0.001
0.001	0.001	0.001	0.997
0.001	0.001	0.001	0.997
0.001	0.997	0.001	0.001
0.001	0.997	0.001	0.001
0.580	0.001	0.001	0.418
0.407	0.235	0.205	0.153
>DVHTKGCTTTSH	24-DVHTKGCTTTSH	10.026843	-0.728507	0	T:1.0(0.01%),B:0.6(0.01%),P:1e0	Tpos:292.0,Tstd:0.0,Bpos:573.5,Bstd:149.7,StrandBias:10.0,Multiplicity:1.00
0.314	0.028	0.315	0.344
0.329	0.316	0.340	0.015
0.339	0.315	0.017	0.329
0.066	0.063	0.070	0.801
0.026	0.001	0.502	0.471
0.001	0.076	0.922	0.001
0.046	0.828	0.065	0.061
0.065	0.051	0.001	0.883
0.023	0.069	0.054	0.854
0.037	0.051	0.058	0.854
0.026	0.493	0.448	0.033
0.349	0.328	0.001	0.322
>GGGGGGGGGGGG	25-GGGGGGGGGGGG	13.508354	-0.000691	0	T:31.0(0.42%),B:64.9(0.81%),P:1e0	Tpos:119.8,Tstd:82.3,Bpos:524.9,Bstd:831.0,StrandBias:3.0,Multiplicity:1.03
0.021	0.001	0.977	0.001
0.049	0.001	0.949	0.001
0.049	0.001	0.949	0.001
0.054	0.001	0.944	0.001
0.071	0.001	0.927	0.001
0.001	0.001	0.997	0.001
0.001	0.001	0.997	0.001
0.053	0.001	0.924	0.022
0.069	0.016	0.914	0.001
0.036	0.001	0.962	0.001
0.045	0.001	0.953	0.001
0.001	0.018	0.980	0.001
