>ATTWGCAT	1-ATTWGCAT	8.659039	-24.603170	0	T:288.0(3.86%),B:165.4(2.07%),P:1e-10	Tpos:202.7,Tstd:80.8,Bpos:492.7,Bstd:312.4,StrandBias:0.2,Multiplicity:1.03
0.768	0.064	0.147	0.021
0.051	0.033	0.031	0.885
0.018	0.163	0.014	0.805
0.468	0.057	0.070	0.405
0.172	0.063	0.723	0.042
0.066	0.889	0.035	0.010
0.781	0.096	0.070	0.053
0.075	0.121	0.120	0.684
>ATGCAAAT	2-ATGCAAAT	8.024312	-22.325802	0	T:1089.0(14.60%),B:897.1(11.22%),P:1e-9	Tpos:204.3,Tstd:90.4,Bpos:512.2,Bstd:269.1,StrandBias:-0.2,Multiplicity:1.07
0.690	0.078	0.152	0.080
0.001	0.001	0.001	0.997
0.001	0.001	0.834	0.164
0.042	0.723	0.001	0.234
0.601	0.001	0.001	0.397
0.740	0.001	0.258	0.001
0.970	0.001	0.028	0.001
0.001	0.216	0.036	0.747
>GCCTTTGT	3-GCCTTTGT	10.309846	-11.839855	0	T:362.0(4.85%),B:276.8(3.46%),P:1e-5	Tpos:208.0,Tstd:92.7,Bpos:487.3,Bstd:687.7,StrandBias:0.3,Multiplicity:1.02
0.046	0.070	0.731	0.153
0.001	0.881	0.076	0.042
0.019	0.844	0.010	0.127
0.048	0.001	0.012	0.939
0.001	0.001	0.001	0.997
0.011	0.001	0.001	0.987
0.043	0.041	0.915	0.001
0.001	0.001	0.001	0.997
>TCAGCAGG	4-TCAGCAGG	9.299065	-9.353573	0	T:1597.0(21.41%),B:1517.1(18.97%),P:1e-4	Tpos:198.5,Tstd:83.1,Bpos:507.3,Bstd:409.0,StrandBias:0.1,Multiplicity:1.15
0.269	0.222	0.046	0.463
0.013	0.976	0.001	0.010
0.991	0.007	0.001	0.001
0.018	0.001	0.980	0.001
0.001	0.989	0.001	0.009
0.915	0.011	0.029	0.045
0.018	0.001	0.915	0.066
0.001	0.018	0.957	0.024
>AACAATAG	5-AACAATAG	9.154912	-8.664026	0	T:465.0(6.23%),B:392.8(4.91%),P:1e-3	Tpos:197.7,Tstd:81.4,Bpos:491.7,Bstd:306.2,StrandBias:-0.2,Multiplicity:1.04
0.734	0.052	0.213	0.001
0.997	0.001	0.001	0.001
0.001	0.997	0.001	0.001
0.997	0.001	0.001	0.001
0.997	0.001	0.001	0.001
0.329	0.001	0.001	0.669
0.540	0.015	0.380	0.065
0.064	0.152	0.783	0.001
>TGCWAAKS	6-TGCWAAKS	7.326769	-7.738479	0	T:633.0(8.49%),B:563.5(7.05%),P:1e-3	Tpos:202.2,Tstd:97.9,Bpos:503.1,Bstd:353.7,StrandBias:0.2,Multiplicity:1.08
0.060	0.038	0.088	0.814
0.080	0.014	0.713	0.193
0.086	0.630	0.029	0.255
0.426	0.029	0.039	0.506
0.816	0.001	0.040	0.143
0.896	0.007	0.031	0.066
0.148	0.063	0.350	0.440
0.080	0.324	0.463	0.134
>AGGAATGC	7-AGGAATGC	9.314168	-2.093029	0	T:643.0(8.62%),B:647.9(8.10%),P:1e0	Tpos:199.7,Tstd:90.1,Bpos:510.5,Bstd:361.9,StrandBias:-0.2,Multiplicity:1.07
0.752	0.042	0.053	0.153
0.001	0.001	0.941	0.057
0.001	0.064	0.934	0.001
0.997	0.001	0.001	0.001
0.997	0.001	0.001	0.001
0.054	0.001	0.001	0.944
0.001	0.001	0.679	0.319
0.001	0.596	0.001	0.402
>GCYAATTR	8-GCYAATTR	6.622507	-2.064668	0	T:952.0(12.76%),B:971.9(12.15%),P:1e0	Tpos:200.6,Tstd:97.1,Bpos:510.5,Bstd:386.3,StrandBias:0.0,Multiplicity:1.08
0.101	0.010	0.872	0.017
0.041	0.601	0.236	0.122
0.091	0.429	0.014	0.466
0.706	0.069	0.174	0.051
0.812	0.047	0.001	0.140
0.001	0.012	0.001	0.986
0.035	0.143	0.123	0.699
0.524	0.023	0.452	0.001
>SCCWTTGT	9-SCCWTTGT	9.004515	-0.970969	0	T:235.0(3.15%),B:244.2(3.05%),P:1e0	Tpos:206.7,Tstd:76.0,Bpos:547.8,Bstd:500.2,StrandBias:-0.2,Multiplicity:1.01
0.071	0.489	0.343	0.097
0.001	0.997	0.001	0.001
0.001	0.599	0.001	0.399
0.524	0.001	0.001	0.474
0.001	0.001	0.001	0.997
0.001	0.001	0.001	0.997
0.001	0.001	0.997	0.001
0.179	0.001	0.001	0.819
>TTCAAAGG	10-TTCAAAGG	8.653973	-0.935602	0	T:528.0(7.08%),B:556.2(6.95%),P:1e0	Tpos:200.6,Tstd:86.4,Bpos:481.6,Bstd:492.7,StrandBias:0.1,Multiplicity:1.03
0.178	0.061	0.001	0.760
0.060	0.001	0.001	0.938
0.060	0.784	0.089	0.067
0.970	0.028	0.001	0.001
0.909	0.056	0.034	0.001
0.955	0.001	0.021	0.023
0.001	0.015	0.875	0.109
0.001	0.067	0.907	0.025
>GYTAATBA	11-GYTAATBA	6.726354	-0.729718	0	T:251.0(3.36%),B:267.7(3.35%),P:1e0	Tpos:186.6,Tstd:99.9,Bpos:418.6,Bstd:308.1,StrandBias:0.5,Multiplicity:1.00
0.029	0.372	0.577	0.022
0.001	0.509	0.001	0.489
0.001	0.405	0.001	0.593
0.997	0.001	0.001	0.001
0.684	0.001	0.016	0.299
0.083	0.063	0.210	0.644
0.131	0.325	0.219	0.325
0.512	0.109	0.343	0.036
>YAATYAGC	12-YAATYAGC	6.179446	-0.729593	0	T:775.0(10.39%),B:828.6(10.36%),P:1e0	Tpos:196.3,Tstd:87.0,Bpos:530.2,Bstd:429.5,StrandBias:0.2,Multiplicity:1.04
0.008	0.416	0.160	0.416
0.716	0.130	0.123	0.031
0.794	0.029	0.023	0.154
0.156	0.001	0.161	0.682
0.116	0.340	0.145	0.399
0.556	0.002	0.339	0.103
0.131	0.206	0.622	0.041
0.128	0.637	0.138	0.097
>CTAATCGC	13-CTAATCGC	8.658762	-0.619625	0	T:31.0(0.42%),B:33.2(0.41%),P:1e0	Tpos:193.3,Tstd:97.9,Bpos:502.1,Bstd:336.5,StrandBias:0.1,Multiplicity:1.00
0.013	0.792	0.019	0.176
0.055	0.185	0.019	0.741
0.913	0.001	0.085	0.001
0.807	0.001	0.127	0.065
0.001	0.107	0.201	0.691
0.059	0.596	0.148	0.197
0.136	0.124	0.678	0.062
0.067	0.728	0.107	0.098
>TTAANYRS	14-TTAANYRS	6.790635	-0.195474	0	T:143.0(1.92%),B:169.9(2.12%),P:1e0	Tpos:207.8,Tstd:115.7,Bpos:539.3,Bstd:318.1,StrandBias:-0.1,Multiplicity:1.00
0.001	0.379	0.001	0.619
0.001	0.001	0.001	0.997
0.997	0.001	0.001	0.001
0.997	0.001	0.001	0.001
0.221	0.232	0.239	0.309
0.001	0.406	0.247	0.346
0.361	0.128	0.323	0.189
0.037	0.416	0.546	0.001
>GCTGTTAA	15-GCTGTTAA	7.515376	-0.073226	0	T:264.0(3.54%),B:318.6(3.98%),P:1e0	Tpos:197.3,Tstd:97.1,Bpos:490.5,Bstd:354.6,StrandBias:-0.0,Multiplicity:1.02
0.007	0.172	0.794	0.027
0.117	0.747	0.047	0.089
0.172	0.124	0.110	0.594
0.117	0.101	0.677	0.105
0.001	0.138	0.008	0.853
0.123	0.100	0.097	0.680
0.802	0.001	0.061	0.136
0.872	0.001	0.117	0.010
>GCCTTTSA	16-GCCTTTSA	8.517489	-0.043983	0	T:424.0(5.68%),B:506.4(6.33%),P:1e0	Tpos:193.4,Tstd:96.2,Bpos:510.8,Bstd:441.4,StrandBias:-0.0,Multiplicity:1.02
0.001	0.223	0.727	0.049
0.001	0.918	0.080	0.001
0.197	0.646	0.001	0.156
0.238	0.001	0.001	0.760
0.001	0.001	0.001	0.997
0.001	0.001	0.001	0.997
0.246	0.294	0.438	0.022
0.797	0.001	0.001	0.201
>SCCTTTVA	17-SCCTTTVA	7.897337	-0.021078	0	T:243.0(3.26%),B:308.2(3.85%),P:1e0	Tpos:194.0,Tstd:106.3,Bpos:542.3,Bstd:673.9,StrandBias:-0.4,Multiplicity:1.01
0.001	0.414	0.394	0.192
0.019	0.676	0.206	0.099
0.176	0.613	0.026	0.185
0.307	0.001	0.001	0.691
0.001	0.016	0.001	0.982
0.018	0.001	0.016	0.965
0.334	0.374	0.260	0.032
0.977	0.001	0.021	0.001
>AAGCCTTT	18-AAGCCTTT	9.954280	-0.015598	0	T:237.0(3.18%),B:304.1(3.80%),P:1e0	Tpos:206.8,Tstd:103.7,Bpos:489.7,Bstd:343.1,StrandBias:0.2,Multiplicity:1.02
0.764	0.131	0.104	0.001
0.766	0.001	0.179	0.054
0.001	0.046	0.952	0.001
0.001	0.811	0.187	0.001
0.001	0.970	0.027	0.002
0.188	0.001	0.074	0.737
0.001	0.001	0.001	0.997
0.001	0.001	0.001	0.997
>AGGGCTTT	19-AGGGCTTT	8.898563	-0.001122	0	T:239.0(3.20%),B:329.1(4.12%),P:1e0	Tpos:189.9,Tstd:102.0,Bpos:511.3,Bstd:369.7,StrandBias:-0.2,Multiplicity:1.03
0.574	0.001	0.380	0.045
0.317	0.031	0.573	0.079
0.287	0.015	0.591	0.107
0.001	0.046	0.884	0.069
0.084	0.914	0.001	0.001
0.226	0.001	0.014	0.759
0.018	0.041	0.001	0.940
0.001	0.001	0.001	0.997
>AAGCTTTC	20-AAGCTTTC	6.628311	-0.000688	0	T:155.0(2.08%),B:229.2(2.87%),P:1e0	Tpos:194.4,Tstd:101.0,Bpos:516.1,Bstd:338.7,StrandBias:-0.3,Multiplicity:1.02
0.535	0.166	0.183	0.116
0.559	0.105	0.247	0.089
0.064	0.175	0.657	0.104
0.110	0.766	0.115	0.009
0.263	0.156	0.108	0.473
0.145	0.157	0.140	0.558
0.094	0.153	0.116	0.637
0.167	0.456	0.088	0.289
>GCWTTNAA	21-GCWTTNAA	5.897986	-0.000099	0	T:190.0(2.55%),B:285.8(3.57%),P:1e0	Tpos:216.1,Tstd:105.4,Bpos:519.3,Bstd:364.8,StrandBias:-0.1,Multiplicity:1.06
0.116	0.285	0.497	0.102
0.001	0.931	0.001	0.067
0.333	0.110	0.095	0.462
0.001	0.105	0.202	0.692
0.107	0.086	0.139	0.668
0.270	0.296	0.215	0.220
0.429	0.212	0.162	0.196
0.443	0.116	0.212	0.230
>GCTTTGAA	22-GCTTTGAA	8.738495	-0.000052	0	T:245.0(3.28%),B:358.2(4.48%),P:1e0	Tpos:203.3,Tstd:96.0,Bpos:477.8,Bstd:393.6,StrandBias:-0.2,Multiplicity:1.01
0.028	0.254	0.653	0.065
0.103	0.789	0.062	0.046
0.051	0.061	0.039	0.849
0.018	0.101	0.100	0.781
0.056	0.036	0.076	0.832
0.146	0.141	0.594	0.119
0.721	0.147	0.048	0.084
0.782	0.064	0.095	0.059
>CTTTSAAA	23-CTTTSAAA	8.116095	-0.000022	0	T:314.0(4.21%),B:449.7(5.62%),P:1e0	Tpos:206.8,Tstd:110.1,Bpos:506.1,Bstd:317.2,StrandBias:0.2,Multiplicity:1.02
0.106	0.803	0.090	0.001
0.392	0.001	0.021	0.586
0.001	0.001	0.001	0.997
0.052	0.001	0.138	0.809
0.001	0.463	0.380	0.156
0.554	0.165	0.094	0.187
0.585	0.090	0.237	0.088
0.897	0.001	0.101	0.001
>GCTTTMMA	24-GCTTTMMA	8.215117	-0.000000	0	T:188.0(2.52%),B:326.5(4.08%),P:1e0	Tpos:202.0,Tstd:120.9,Bpos:475.9,Bstd:321.5,StrandBias:0.1,Multiplicity:1.02
0.001	0.246	0.752	0.001
0.117	0.881	0.001	0.001
0.272	0.001	0.001	0.726
0.001	0.001	0.001	0.997
0.026	0.001	0.001	0.972
0.367	0.352	0.094	0.186
0.537	0.414	0.048	0.001
0.614	0.174	0.038	0.174
>TTTCAAAG	25-TTTCAAAG	8.529574	-0.000000	0	T:414.0(5.55%),B:638.0(7.98%),P:1e0	Tpos:201.6,Tstd:106.8,Bpos:495.5,Bstd:321.6,StrandBias:0.1,Multiplicity:1.05
0.211	0.104	0.001	0.684
0.001	0.140	0.001	0.858
0.201	0.172	0.201	0.426
0.001	0.544	0.295	0.160
0.874	0.124	0.001	0.001
0.882	0.001	0.116	0.001
0.972	0.001	0.001	0.026
0.001	0.017	0.758	0.224
