>GGAAWTYCCC	1-GGAAWTYCCC	8.440403	-1191.820033	0	T:3752.0(24.89%),B:769.3(5.29%),P:1e-517	Tpos:202.2,Tstd:57.7,Bpos:501.3,Bstd:326.6,StrandBias:-0.0,Multiplicity:1.08
0.097	0.001	0.893	0.009
0.271	0.001	0.727	0.001
0.687	0.001	0.281	0.031
0.701	0.057	0.034	0.208
0.436	0.036	0.021	0.507
0.103	0.139	0.174	0.584
0.035	0.515	0.001	0.449
0.002	0.996	0.001	0.001
0.001	0.997	0.001	0.001
0.196	0.615	0.036	0.153
>GGAAANYCCC	2-GGAAANYCCC	8.272835	-1150.034801	0	T:4612.0(30.59%),B:1297.6(8.92%),P:1e-499	Tpos:202.6,Tstd:77.5,Bpos:516.3,Bstd:354.8,StrandBias:0.0,Multiplicity:1.07
0.184	0.139	0.597	0.080
0.288	0.001	0.680	0.031
0.558	0.025	0.399	0.018
0.913	0.001	0.085	0.001
0.957	0.001	0.041	0.001
0.285	0.197	0.329	0.189
0.087	0.428	0.035	0.450
0.295	0.648	0.012	0.045
0.074	0.924	0.001	0.001
0.098	0.821	0.008	0.073
>GGGRTTTYCC	3-GGGRTTTYCC	8.284670	-1084.250071	0	T:3306.0(21.93%),B:632.5(4.35%),P:1e-470	Tpos:202.6,Tstd:71.0,Bpos:471.8,Bstd:336.0,StrandBias:0.1,Multiplicity:1.04
0.059	0.011	0.801	0.129
0.001	0.001	0.790	0.208
0.182	0.054	0.608	0.156
0.407	0.084	0.359	0.151
0.171	0.206	0.222	0.401
0.001	0.001	0.001	0.997
0.001	0.204	0.004	0.791
0.013	0.510	0.009	0.468
0.001	0.761	0.001	0.237
0.133	0.530	0.133	0.204
>GGGRAAYTCC	4-GGGRAAYTCC	8.230491	-770.427422	0	T:2654.0(17.60%),B:575.0(3.95%),P:1e-334	Tpos:197.1,Tstd:68.9,Bpos:525.0,Bstd:387.8,StrandBias:-0.1,Multiplicity:1.05
0.118	0.086	0.701	0.095
0.071	0.013	0.915	0.001
0.042	0.013	0.930	0.015
0.491	0.003	0.472	0.034
0.943	0.007	0.043	0.007
0.705	0.092	0.041	0.162
0.174	0.254	0.198	0.374
0.134	0.313	0.090	0.463
0.197	0.553	0.119	0.131
0.179	0.635	0.025	0.161
>GGGGRWTTTC	5-GGGGRWTTTC	7.962710	-679.608502	0	T:2498.0(16.57%),B:580.6(3.99%),P:1e-295	Tpos:201.6,Tstd:76.8,Bpos:497.6,Bstd:339.5,StrandBias:0.2,Multiplicity:1.03
0.226	0.086	0.558	0.130
0.001	0.001	0.948	0.050
0.001	0.001	0.830	0.168
0.156	0.039	0.583	0.222
0.331	0.160	0.358	0.150
0.323	0.166	0.170	0.341
0.122	0.140	0.087	0.651
0.001	0.001	0.001	0.997
0.003	0.356	0.018	0.623
0.073	0.565	0.080	0.282
>GGGGATTTCC	6-GGGGATTTCC	7.548448	-570.234396	0	T:1487.0(9.86%),B:196.1(1.35%),P:1e-247	Tpos:204.5,Tstd:57.3,Bpos:551.5,Bstd:301.4,StrandBias:0.3,Multiplicity:1.01
0.177	0.070	0.560	0.193
0.042	0.122	0.730	0.106
0.025	0.111	0.568	0.296
0.202	0.164	0.406	0.227
0.481	0.119	0.239	0.161
0.125	0.218	0.169	0.489
0.001	0.091	0.057	0.851
0.087	0.136	0.068	0.709
0.138	0.510	0.027	0.325
0.174	0.595	0.021	0.210
>GAAWTYCCCY	7-GAAWTYCCCY	7.784300	-422.866972	0	T:2170.0(14.39%),B:684.5(4.70%),P:1e-183	Tpos:203.0,Tstd:88.6,Bpos:496.2,Bstd:338.4,StrandBias:-0.1,Multiplicity:1.03
0.191	0.084	0.506	0.219
0.507	0.122	0.341	0.030
0.446	0.178	0.204	0.172
0.370	0.092	0.077	0.462
0.001	0.122	0.181	0.696
0.070	0.480	0.001	0.449
0.094	0.904	0.001	0.001
0.001	0.997	0.001	0.001
0.001	0.986	0.001	0.012
0.146	0.392	0.124	0.338
>VTGASTCAKH	8-VTGASTCAKH	8.031439	-174.570492	0	T:1096.0(7.27%),B:389.7(2.68%),P:1e-75	Tpos:197.0,Tstd:74.0,Bpos:481.0,Bstd:312.4,StrandBias:0.0,Multiplicity:1.05
0.365	0.240	0.235	0.160
0.046	0.047	0.013	0.894
0.061	0.065	0.682	0.192
0.920	0.011	0.013	0.056
0.091	0.437	0.388	0.084
0.079	0.018	0.044	0.859
0.205	0.681	0.068	0.046
0.918	0.007	0.043	0.032
0.160	0.160	0.283	0.397
0.297	0.243	0.140	0.320
>GAAAVYCCCH	9-GAAAVYCCCH	8.201561	-167.723445	0	T:456.0(3.02%),B:62.4(0.43%),P:1e-72	Tpos:195.2,Tstd:85.5,Bpos:311.9,Bstd:244.4,StrandBias:-0.1,Multiplicity:1.09
0.320	0.002	0.649	0.029
0.743	0.013	0.196	0.048
0.984	0.001	0.014	0.001
0.954	0.001	0.044	0.001
0.238	0.301	0.316	0.145
0.115	0.378	0.042	0.465
0.246	0.398	0.165	0.191
0.180	0.575	0.114	0.131
0.138	0.723	0.010	0.129
0.222	0.330	0.131	0.316
>RAASTGAAAC	10-RAASTGAAAC	8.716651	-163.968575	0	T:1607.0(10.66%),B:742.2(5.10%),P:1e-71	Tpos:201.8,Tstd:85.0,Bpos:491.0,Bstd:339.4,StrandBias:0.1,Multiplicity:1.04
0.366	0.066	0.488	0.080
0.557	0.117	0.062	0.264
0.704	0.018	0.032	0.246
0.200	0.406	0.288	0.107
0.089	0.131	0.001	0.779
0.001	0.001	0.997	0.001
0.990	0.001	0.008	0.001
0.713	0.115	0.138	0.034
0.806	0.001	0.010	0.183
0.054	0.647	0.267	0.032
>TYTCASTTYC	11-TYTCASTTYC	8.874371	-157.114599	0	T:1387.0(9.20%),B:606.7(4.17%),P:1e-68	Tpos:201.2,Tstd:83.7,Bpos:481.3,Bstd:339.2,StrandBias:-0.0,Multiplicity:1.06
0.200	0.099	0.036	0.665
0.094	0.284	0.189	0.432
0.105	0.290	0.029	0.576
0.012	0.882	0.020	0.086
0.723	0.077	0.159	0.041
0.017	0.470	0.419	0.094
0.118	0.001	0.001	0.880
0.097	0.001	0.005	0.897
0.048	0.412	0.062	0.477
0.112	0.721	0.042	0.125
>TGASTCABHN	12-TGASTCABHN	8.197364	-136.419058	0	T:2070.0(13.73%),B:1146.2(7.88%),P:1e-59	Tpos:201.6,Tstd:87.3,Bpos:524.1,Bstd:342.5,StrandBias:0.0,Multiplicity:1.06
0.001	0.001	0.001	0.997
0.001	0.027	0.728	0.244
0.997	0.001	0.001	0.001
0.119	0.448	0.318	0.116
0.001	0.001	0.001	0.997
0.228	0.770	0.001	0.001
0.997	0.001	0.001	0.001
0.174	0.234	0.237	0.354
0.302	0.282	0.151	0.265
0.249	0.254	0.195	0.301
>AGGGGATTTT	13-AGGGGATTTT	9.159583	-122.712867	0	T:670.0(4.44%),B:213.1(1.46%),P:1e-53	Tpos:199.0,Tstd:82.5,Bpos:552.8,Bstd:336.5,StrandBias:0.2,Multiplicity:1.00
0.455	0.087	0.249	0.209
0.148	0.009	0.831	0.012
0.026	0.031	0.885	0.058
0.001	0.004	0.894	0.101
0.153	0.122	0.611	0.114
0.451	0.200	0.203	0.146
0.266	0.111	0.167	0.456
0.092	0.007	0.093	0.808
0.004	0.034	0.035	0.927
0.041	0.216	0.017	0.726
>GGTTTCAGTT	14-GGTTTCAGTT	8.604356	-93.170784	0	T:647.0(4.29%),B:244.6(1.68%),P:1e-40	Tpos:189.5,Tstd:86.3,Bpos:468.7,Bstd:330.8,StrandBias:0.1,Multiplicity:1.02
0.173	0.088	0.627	0.112
0.097	0.138	0.673	0.092
0.064	0.089	0.086	0.761
0.066	0.081	0.089	0.764
0.102	0.072	0.088	0.738
0.062	0.756	0.093	0.089
0.660	0.109	0.132	0.099
0.080	0.136	0.660	0.124
0.103	0.099	0.113	0.685
0.118	0.109	0.095	0.678
>DSVGGAARYN	15-DSVGGAARYN	6.651391	-91.807474	0	T:2551.0(16.92%),B:1678.6(11.53%),P:1e-39	Tpos:206.4,Tstd:100.1,Bpos:501.6,Bstd:345.8,StrandBias:-0.0,Multiplicity:1.11
0.334	0.172	0.270	0.224
0.218	0.373	0.367	0.042
0.308	0.392	0.268	0.032
0.087	0.059	0.783	0.071
0.126	0.080	0.733	0.061
0.837	0.051	0.064	0.048
0.869	0.041	0.045	0.045
0.373	0.138	0.461	0.029
0.065	0.386	0.065	0.484
0.242	0.214	0.320	0.224
>NRSVGGAAVT	16-NRSVGGAAVT	7.669295	-68.619915	0	T:1210.0(8.03%),B:696.0(4.78%),P:1e-29	Tpos:200.2,Tstd:95.5,Bpos:494.7,Bstd:318.5,StrandBias:0.1,Multiplicity:1.04
0.327	0.274	0.187	0.212
0.387	0.148	0.248	0.217
0.148	0.446	0.405	0.001
0.337	0.380	0.282	0.001
0.016	0.001	0.982	0.001
0.310	0.001	0.688	0.001
0.997	0.001	0.001	0.001
0.997	0.001	0.001	0.001
0.264	0.391	0.344	0.001
0.001	0.382	0.001	0.616
>ASTTYCNSWT	17-ASTTYCNSWT	8.123157	-34.653063	0	T:1185.0(7.86%),B:807.8(5.55%),P:1e-15	Tpos:199.9,Tstd:91.8,Bpos:504.8,Bstd:343.9,StrandBias:0.1,Multiplicity:1.03
0.589	0.001	0.409	0.001
0.001	0.465	0.407	0.127
0.001	0.001	0.001	0.997
0.001	0.001	0.001	0.997
0.009	0.451	0.001	0.539
0.001	0.905	0.001	0.093
0.216	0.273	0.212	0.300
0.001	0.493	0.345	0.160
0.359	0.146	0.063	0.432
0.168	0.123	0.164	0.545
>WSTGAAACYN	18-WSTGAAACYN	8.625921	-26.426262	0	T:124.0(0.82%),B:36.7(0.25%),P:1e-11	Tpos:207.5,Tstd:94.3,Bpos:366.7,Bstd:365.0,StrandBias:0.2,Multiplicity:1.02
0.421	0.182	0.084	0.313
0.196	0.362	0.261	0.181
0.263	0.141	0.130	0.466
0.023	0.055	0.921	0.001
0.980	0.001	0.001	0.018
0.997	0.001	0.001	0.001
0.997	0.001	0.001	0.001
0.094	0.598	0.300	0.008
0.144	0.436	0.001	0.419
0.320	0.210	0.241	0.228
>KYTGTGGTTW	19-KYTGTGGTTW	8.668177	-15.858055	0	T:1236.0(8.20%),B:964.5(6.63%),P:1e-6	Tpos:201.0,Tstd:82.7,Bpos:506.9,Bstd:361.6,StrandBias:0.1,Multiplicity:1.05
0.170	0.218	0.236	0.376
0.169	0.393	0.110	0.328
0.157	0.014	0.124	0.705
0.025	0.010	0.918	0.047
0.099	0.140	0.088	0.673
0.001	0.001	0.997	0.001
0.001	0.028	0.970	0.001
0.001	0.188	0.052	0.759
0.091	0.082	0.045	0.782
0.332	0.072	0.216	0.379
>GAAACCGAAA	20-GAAACCGAAA	11.594478	-8.685194	0	T:44.0(0.29%),B:15.3(0.11%),P:1e-3	Tpos:208.8,Tstd:94.3,Bpos:439.8,Bstd:386.2,StrandBias:-0.5,Multiplicity:1.00
0.107	0.088	0.751	0.054
0.838	0.041	0.069	0.052
0.916	0.027	0.024	0.033
0.886	0.023	0.058	0.033
0.054	0.855	0.051	0.040
0.092	0.681	0.071	0.156
0.134	0.080	0.709	0.077
0.769	0.120	0.072	0.039
0.815	0.059	0.095	0.031
0.783	0.055	0.101	0.061
>AACCACAGAN	21-AACCACAGAN	10.416516	-5.568715	0	T:181.0(1.20%),B:128.1(0.88%),P:1e-2	Tpos:184.5,Tstd:88.3,Bpos:568.9,Bstd:337.7,StrandBias:-0.2,Multiplicity:1.00
0.897	0.016	0.079	0.008
0.892	0.041	0.055	0.012
0.015	0.919	0.039	0.027
0.011	0.941	0.035	0.013
0.770	0.039	0.041	0.150
0.028	0.910	0.028	0.034
0.858	0.008	0.046	0.088
0.296	0.068	0.494	0.142
0.638	0.119	0.106	0.137
0.243	0.215	0.227	0.315
>NGCGCATGCG	22-NGCGCATGCG	8.839032	-5.387229	0	T:245.0(1.62%),B:183.0(1.26%),P:1e-2	Tpos:193.7,Tstd:116.5,Bpos:531.9,Bstd:371.1,StrandBias:0.1,Multiplicity:1.13
0.217	0.325	0.245	0.213
0.107	0.089	0.762	0.042
0.103	0.839	0.001	0.057
0.023	0.019	0.912	0.046
0.105	0.789	0.060	0.046
0.507	0.199	0.126	0.168
0.129	0.106	0.159	0.606
0.075	0.061	0.777	0.087
0.134	0.840	0.011	0.015
0.056	0.043	0.853	0.048
>ACTGAAACYR	23-ACTGAAACYR	8.745178	-3.156558	0	T:116.0(0.77%),B:87.1(0.60%),P:1e-1	Tpos:200.8,Tstd:90.0,Bpos:519.4,Bstd:281.1,StrandBias:-0.2,Multiplicity:1.00
0.439	0.171	0.109	0.281
0.176	0.425	0.222	0.177
0.258	0.133	0.071	0.538
0.057	0.061	0.857	0.025
0.915	0.041	0.016	0.028
0.925	0.001	0.020	0.054
0.900	0.004	0.082	0.014
0.115	0.531	0.255	0.099
0.211	0.303	0.047	0.438
0.258	0.152	0.393	0.197
>AAACAGCTGT	24-AAACAGCTGT	11.179933	-1.172919	0	T:45.0(0.30%),B:38.5(0.26%),P:1e0	Tpos:210.5,Tstd:100.2,Bpos:472.9,Bstd:332.7,StrandBias:0.4,Multiplicity:1.00
0.624	0.171	0.079	0.126
0.819	0.079	0.098	0.004
0.598	0.142	0.249	0.011
0.071	0.881	0.003	0.045
0.860	0.036	0.001	0.103
0.054	0.046	0.883	0.017
0.146	0.799	0.008	0.047
0.241	0.001	0.002	0.756
0.038	0.017	0.801	0.144
0.094	0.187	0.028	0.691
>TTYCNSYKBB	25-TTYCNSYKBB	6.885156	-0.426326	0	T:439.0(2.91%),B:434.2(2.98%),P:1e0	Tpos:189.9,Tstd:102.9,Bpos:530.1,Bstd:353.5,StrandBias:0.1,Multiplicity:1.02
0.002	0.083	0.042	0.873
0.001	0.001	0.001	0.997
0.001	0.469	0.004	0.526
0.001	0.827	0.001	0.171
0.200	0.313	0.287	0.200
0.006	0.481	0.350	0.163
0.190	0.310	0.082	0.418
0.157	0.150	0.308	0.386
0.127	0.319	0.230	0.323
0.133	0.352	0.253	0.262
