>AAAKCCCC	1-AAAKCCCC	7.852213	-266.419962	0	T:2777.0(18.42%),B:1351.4(9.29%),P:1e-115	Tpos:202.1,Tstd:74.8,Bpos:516.9,Bstd:346.1,StrandBias:-0.0,Multiplicity:1.11
0.738	0.001	0.186	0.075
0.796	0.154	0.049	0.001
0.569	0.001	0.151	0.279
0.210	0.001	0.358	0.431
0.049	0.724	0.001	0.226
0.001	0.997	0.001	0.001
0.001	0.810	0.154	0.035
0.001	0.950	0.014	0.035
>ATGACTCA	2-ATGACTCA	9.220025	-163.395233	0	T:1553.0(10.30%),B:706.3(4.85%),P:1e-70	Tpos:199.4,Tstd:78.2,Bpos:492.5,Bstd:308.3,StrandBias:-0.1,Multiplicity:1.08
0.734	0.111	0.105	0.050
0.001	0.001	0.001	0.997
0.001	0.001	0.950	0.048
0.997	0.001	0.001	0.001
0.045	0.655	0.245	0.055
0.001	0.001	0.009	0.989
0.054	0.922	0.023	0.001
0.995	0.001	0.003	0.001
>GAAAGTCC	3-GAAAGTCC	8.517987	-127.358517	0	T:924.0(6.13%),B:359.8(2.47%),P:1e-55	Tpos:204.9,Tstd:71.8,Bpos:492.6,Bstd:348.1,StrandBias:-0.0,Multiplicity:1.04
0.027	0.001	0.960	0.012
0.824	0.001	0.161	0.014
0.984	0.001	0.001	0.014
0.828	0.001	0.031	0.140
0.217	0.114	0.419	0.250
0.072	0.259	0.032	0.637
0.182	0.572	0.143	0.103
0.052	0.776	0.100	0.072
>GGGAADTC	4-GGGAADTC	7.606681	-98.416188	0	T:4019.0(26.66%),B:2895.8(19.90%),P:1e-42	Tpos:201.4,Tstd:95.0,Bpos:496.7,Bstd:337.9,StrandBias:0.0,Multiplicity:1.09
0.086	0.104	0.809	0.001
0.001	0.001	0.997	0.001
0.402	0.001	0.596	0.001
0.867	0.001	0.131	0.001
0.997	0.001	0.001	0.001
0.345	0.127	0.252	0.276
0.001	0.305	0.001	0.693
0.078	0.702	0.001	0.219
>AAWTCCCC	5-AAWTCCCC	7.276490	-95.904648	0	T:1260.0(8.36%),B:655.7(4.51%),P:1e-41	Tpos:208.7,Tstd:85.8,Bpos:504.0,Bstd:327.3,StrandBias:-0.2,Multiplicity:1.03
0.581	0.001	0.406	0.012
0.535	0.084	0.253	0.128
0.277	0.182	0.136	0.404
0.060	0.242	0.001	0.697
0.001	0.585	0.023	0.391
0.001	0.970	0.001	0.028
0.001	0.928	0.001	0.070
0.001	0.685	0.171	0.143
>CACTTCCK	6-CACTTCCK	8.175764	-43.330228	0	T:1628.0(10.80%),B:1131.7(7.78%),P:1e-18	Tpos:203.6,Tstd:95.0,Bpos:515.0,Bstd:349.8,StrandBias:0.0,Multiplicity:1.06
0.104	0.538	0.213	0.145
0.794	0.038	0.125	0.043
0.015	0.592	0.176	0.217
0.016	0.008	0.007	0.969
0.014	0.001	0.003	0.982
0.023	0.802	0.041	0.134
0.045	0.892	0.023	0.040
0.030	0.224	0.431	0.315
>AACTGAAA	7-AACTGAAA	10.442570	-30.839896	0	T:1401.0(9.29%),B:1007.1(6.92%),P:1e-13	Tpos:200.4,Tstd:91.7,Bpos:481.9,Bstd:324.4,StrandBias:0.1,Multiplicity:1.06
0.891	0.058	0.050	0.001
0.997	0.001	0.001	0.001
0.001	0.752	0.246	0.001
0.001	0.094	0.020	0.885
0.001	0.001	0.997	0.001
0.997	0.001	0.001	0.001
0.893	0.001	0.105	0.001
0.997	0.001	0.001	0.001
>RATTYCCC	8-RATTYCCC	6.459128	-24.502016	0	T:567.0(3.76%),B:354.3(2.43%),P:1e-10	Tpos:203.2,Tstd:95.0,Bpos:515.1,Bstd:325.7,StrandBias:-0.0,Multiplicity:1.02
0.358	0.104	0.406	0.132
0.487	0.129	0.162	0.221
0.287	0.218	0.049	0.446
0.175	0.096	0.038	0.691
0.061	0.399	0.079	0.461
0.064	0.729	0.030	0.177
0.218	0.760	0.021	0.001
0.001	0.626	0.245	0.128
>WAACCACA	9-WAACCACA	8.656650	-19.340545	0	T:535.0(3.55%),B:350.7(2.41%),P:1e-8	Tpos:203.7,Tstd:84.3,Bpos:509.3,Bstd:341.8,StrandBias:-0.2,Multiplicity:1.02
0.343	0.135	0.044	0.478
0.733	0.030	0.080	0.157
0.730	0.134	0.133	0.003
0.031	0.853	0.065	0.051
0.005	0.938	0.027	0.030
0.728	0.042	0.137	0.093
0.062	0.852	0.058	0.028
0.691	0.155	0.062	0.092
>TGAGTCAS	10-TGAGTCAS	9.169600	-15.171553	0	T:670.0(4.44%),B:482.3(3.31%),P:1e-6	Tpos:204.1,Tstd:94.4,Bpos:488.4,Bstd:332.5,StrandBias:0.1,Multiplicity:1.03
0.001	0.001	0.001	0.997
0.001	0.001	0.820	0.178
0.997	0.001	0.001	0.001
0.001	0.367	0.631	0.001
0.001	0.001	0.001	0.997
0.396	0.602	0.001	0.001
0.997	0.001	0.001	0.001
0.001	0.476	0.467	0.056
>ACCGGAAA	11-ACCGGAAA	7.613305	-14.851603	0	T:369.0(2.45%),B:237.6(1.63%),P:1e-6	Tpos:206.0,Tstd:96.3,Bpos:519.1,Bstd:408.1,StrandBias:0.1,Multiplicity:1.03
0.670	0.104	0.141	0.085
0.163	0.635	0.111	0.091
0.098	0.718	0.119	0.065
0.095	0.099	0.703	0.103
0.110	0.078	0.787	0.025
0.896	0.024	0.040	0.040
0.915	0.023	0.034	0.028
0.675	0.068	0.223	0.034
>AACCACAR	12-AACCACAR	8.589431	-9.362204	0	T:947.0(6.28%),B:765.2(5.26%),P:1e-4	Tpos:203.6,Tstd:93.1,Bpos:512.3,Bstd:340.6,StrandBias:0.1,Multiplicity:1.04
0.860	0.017	0.082	0.041
0.817	0.058	0.124	0.001
0.063	0.817	0.055	0.065
0.018	0.886	0.052	0.044
0.640	0.120	0.147	0.093
0.050	0.858	0.070	0.022
0.711	0.143	0.046	0.100
0.311	0.148	0.413	0.128
>GGSGGTTT	13-GGSGGTTT	8.426576	-4.552291	0	T:678.0(4.50%),B:575.3(3.95%),P:1e-1	Tpos:204.8,Tstd:81.4,Bpos:501.4,Bstd:326.3,StrandBias:-0.0,Multiplicity:1.02
0.143	0.062	0.585	0.210
0.039	0.035	0.857	0.069
0.045	0.395	0.354	0.207
0.138	0.038	0.745	0.079
0.025	0.076	0.767	0.132
0.060	0.033	0.028	0.879
0.017	0.015	0.010	0.958
0.076	0.040	0.068	0.816
>ACTTYCSS	14-ACTTYCSS	8.133815	-2.640584	0	T:2737.0(18.15%),B:2546.6(17.50%),P:1e-1	Tpos:205.4,Tstd:103.3,Bpos:511.3,Bstd:365.4,StrandBias:0.0,Multiplicity:1.05
0.941	0.001	0.057	0.001
0.001	0.602	0.396	0.001
0.001	0.001	0.001	0.997
0.001	0.001	0.001	0.997
0.001	0.448	0.001	0.550
0.001	0.997	0.001	0.001
0.001	0.501	0.497	0.001
0.001	0.511	0.487	0.001
>ASTTCCCC	15-ASTTCCCC	8.055862	-2.626046	0	T:1308.0(8.68%),B:1193.4(8.20%),P:1e-1	Tpos:202.4,Tstd:91.5,Bpos:512.8,Bstd:354.9,StrandBias:-0.0,Multiplicity:1.05
0.593	0.001	0.405	0.001
0.001	0.483	0.351	0.165
0.001	0.001	0.001	0.997
0.001	0.001	0.001	0.997
0.001	0.677	0.001	0.321
0.001	0.997	0.001	0.001
0.001	0.534	0.228	0.237
0.001	0.645	0.297	0.057
>TTCCGCTT	16-TTCCGCTT	8.699410	-1.649483	0	T:157.0(1.04%),B:136.9(0.94%),P:1e0	Tpos:224.1,Tstd:101.7,Bpos:505.5,Bstd:344.4,StrandBias:0.8,Multiplicity:1.02
0.027	0.030	0.033	0.910
0.040	0.019	0.044	0.897
0.039	0.632	0.089	0.240
0.119	0.774	0.049	0.058
0.151	0.152	0.618	0.079
0.028	0.607	0.223	0.142
0.063	0.073	0.063	0.801
0.065	0.080	0.092	0.763
>GTTTCCGB	17-GTTTCCGB	8.302398	-1.392262	0	T:264.0(1.75%),B:239.4(1.65%),P:1e0	Tpos:208.9,Tstd:99.6,Bpos:491.0,Bstd:384.3,StrandBias:-0.0,Multiplicity:1.02
0.094	0.088	0.765	0.053
0.001	0.062	0.048	0.889
0.001	0.001	0.001	0.997
0.001	0.026	0.001	0.972
0.001	0.932	0.016	0.051
0.323	0.542	0.134	0.001
0.073	0.052	0.665	0.210
0.153	0.226	0.278	0.343
>MGGAAAYB	18-MGGAAAYB	6.736393	-1.043366	0	T:294.0(1.95%),B:274.1(1.88%),P:1e0	Tpos:195.8,Tstd:104.1,Bpos:503.7,Bstd:371.4,StrandBias:0.3,Multiplicity:1.01
0.260	0.409	0.176	0.155
0.167	0.016	0.720	0.097
0.163	0.132	0.683	0.022
0.980	0.006	0.006	0.008
0.988	0.001	0.001	0.010
0.537	0.195	0.260	0.008
0.114	0.305	0.161	0.421
0.099	0.313	0.292	0.297
>GWAACYRC	19-GWAACYRC	6.107290	-0.171333	0	T:1655.0(10.98%),B:1650.0(11.34%),P:1e0	Tpos:201.2,Tstd:93.9,Bpos:512.6,Bstd:360.7,StrandBias:0.0,Multiplicity:1.03
0.069	0.122	0.576	0.233
0.376	0.102	0.175	0.347
0.773	0.001	0.085	0.141
0.885	0.010	0.101	0.004
0.100	0.654	0.155	0.091
0.130	0.458	0.070	0.342
0.307	0.066	0.456	0.171
0.252	0.503	0.202	0.043
>TTTCCSTT	20-TTTCCSTT	7.891411	-0.016945	0	T:155.0(1.03%),B:187.3(1.29%),P:1e0	Tpos:207.5,Tstd:111.2,Bpos:447.6,Bstd:328.5,StrandBias:-0.3,Multiplicity:1.00
0.001	0.001	0.001	0.997
0.001	0.001	0.001	0.997
0.001	0.314	0.001	0.684
0.001	0.997	0.001	0.001
0.001	0.597	0.401	0.001
0.001	0.460	0.526	0.013
0.197	0.207	0.125	0.471
0.169	0.189	0.235	0.407
>CKRCTTTC	21-CKRCTTTC	7.823931	-0.000004	0	T:306.0(2.03%),B:410.1(2.82%),P:1e0	Tpos:200.0,Tstd:104.2,Bpos:519.5,Bstd:352.4,StrandBias:0.1,Multiplicity:1.01
0.085	0.629	0.212	0.074
0.201	0.203	0.235	0.361
0.508	0.105	0.386	0.001
0.111	0.544	0.327	0.018
0.032	0.034	0.001	0.933
0.019	0.015	0.001	0.965
0.025	0.182	0.017	0.776
0.001	0.870	0.053	0.076
>AACAGCTG	22-AACAGCTG	10.146205	-0.000000	0	T:483.0(3.20%),B:639.8(4.40%),P:1e0	Tpos:196.6,Tstd:104.7,Bpos:509.0,Bstd:353.9,StrandBias:-0.1,Multiplicity:1.03
0.799	0.075	0.078	0.048
0.839	0.070	0.090	0.001
0.030	0.968	0.001	0.001
0.904	0.038	0.022	0.036
0.016	0.080	0.835	0.069
0.029	0.940	0.001	0.030
0.039	0.001	0.001	0.959
0.037	0.017	0.881	0.065
>NHAGTTTC	23-NHAGTTTC	7.122934	-0.000000	0	T:2256.0(14.96%),B:3152.6(21.66%),P:1e0	Tpos:202.7,Tstd:106.1,Bpos:502.4,Bstd:335.0,StrandBias:0.1,Multiplicity:1.08
0.223	0.258	0.301	0.218
0.251	0.383	0.114	0.252
0.563	0.047	0.248	0.142
0.001	0.283	0.648	0.068
0.001	0.001	0.001	0.997
0.001	0.001	0.001	0.997
0.132	0.181	0.001	0.686
0.001	0.911	0.087	0.001
>AAACTGAA	24-AAACTGAA	7.380830	-0.000000	0	T:4509.0(29.91%),B:6532.7(44.89%),P:1e0	Tpos:202.2,Tstd:112.3,Bpos:503.8,Bstd:342.2,StrandBias:0.0,Multiplicity:1.17
0.921	0.014	0.001	0.064
0.921	0.031	0.022	0.026
0.969	0.029	0.001	0.001
0.047	0.791	0.161	0.001
0.049	0.040	0.030	0.881
0.001	0.035	0.963	0.001
0.938	0.060	0.001	0.001
0.851	0.026	0.122	0.001
>WTTYCCCC	25-WTTYCCCC	7.175345	-0.000000	0	T:4350.0(28.85%),B:5254.0(36.10%),P:1e0	Tpos:199.7,Tstd:106.0,Bpos:512.0,Bstd:343.7,StrandBias:0.0,Multiplicity:1.14
0.300	0.108	0.156	0.436
0.001	0.001	0.001	0.997
0.001	0.175	0.001	0.823
0.001	0.481	0.032	0.486
0.019	0.979	0.001	0.001
0.105	0.754	0.140	0.001
0.099	0.877	0.023	0.001
0.218	0.526	0.077	0.179
