>DGGAAANYCCCH	1-DGGAAANYCCCH	8.542282	-1226.122444	0	T:4604.0(30.54%),B:1214.0(8.34%),P:1e-532	Tpos:201.5,Tstd:68.7,Bpos:502.7,Bstd:332.0,StrandBias:0.0,Multiplicity:1.06
0.229	0.176	0.326	0.269
0.288	0.001	0.533	0.178
0.322	0.001	0.676	0.001
0.653	0.044	0.302	0.001
0.997	0.001	0.001	0.001
0.912	0.001	0.086	0.001
0.267	0.205	0.289	0.239
0.190	0.420	0.027	0.363
0.294	0.704	0.001	0.001
0.001	0.997	0.001	0.001
0.248	0.702	0.001	0.049
0.271	0.300	0.127	0.302
>NGGGGAATTCCC	2-NGGGGAATTCCC	7.784532	-1017.088932	0	T:4075.0(27.03%),B:1116.8(7.67%),P:1e-441	Tpos:202.4,Tstd:58.1,Bpos:489.9,Bstd:345.4,StrandBias:-0.0,Multiplicity:1.11
0.300	0.204	0.235	0.261
0.232	0.042	0.471	0.256
0.009	0.001	0.947	0.043
0.003	0.001	0.912	0.084
0.324	0.027	0.574	0.075
0.545	0.118	0.253	0.084
0.482	0.113	0.080	0.324
0.178	0.080	0.114	0.628
0.054	0.274	0.020	0.652
0.034	0.583	0.011	0.372
0.060	0.800	0.005	0.135
0.171	0.640	0.061	0.128
>GGGRAANYCMAR	3-GGGRAANYCMAR	9.059346	-198.276385	0	T:1057.0(7.01%),B:332.5(2.28%),P:1e-86	Tpos:201.5,Tstd:79.8,Bpos:507.9,Bstd:348.9,StrandBias:-0.1,Multiplicity:1.01
0.001	0.001	0.857	0.141
0.001	0.001	0.997	0.001
0.001	0.001	0.997	0.001
0.489	0.003	0.507	0.001
0.954	0.001	0.044	0.001
0.834	0.136	0.009	0.021
0.281	0.208	0.231	0.280
0.181	0.313	0.130	0.375
0.245	0.450	0.152	0.154
0.337	0.421	0.055	0.187
0.482	0.003	0.244	0.271
0.265	0.198	0.382	0.155
>NRSTTTCABTTY	4-NRSTTTCABTTY	9.124837	-185.262159	0	T:1101.0(7.30%),B:377.0(2.59%),P:1e-80	Tpos:201.4,Tstd:96.6,Bpos:508.7,Bstd:328.0,StrandBias:-0.1,Multiplicity:1.03
0.250	0.247	0.219	0.284
0.445	0.001	0.344	0.210
0.121	0.315	0.438	0.125
0.001	0.001	0.001	0.997
0.001	0.001	0.001	0.997
0.001	0.001	0.001	0.997
0.001	0.930	0.001	0.068
0.521	0.077	0.114	0.288
0.166	0.288	0.321	0.225
0.345	0.077	0.001	0.577
0.243	0.191	0.014	0.552
0.153	0.406	0.001	0.440
>GAGGAASTGAAA	5-GAGGAASTGAAA	10.309434	-177.424303	0	T:1154.0(7.65%),B:420.4(2.89%),P:1e-77	Tpos:199.7,Tstd:76.0,Bpos:505.3,Bstd:332.5,StrandBias:0.0,Multiplicity:1.03
0.182	0.148	0.546	0.124
0.547	0.055	0.243	0.155
0.146	0.001	0.806	0.047
0.308	0.018	0.635	0.039
0.902	0.018	0.037	0.043
0.930	0.014	0.016	0.040
0.131	0.481	0.346	0.042
0.082	0.052	0.014	0.852
0.057	0.008	0.924	0.011
0.868	0.042	0.072	0.018
0.688	0.082	0.202	0.028
0.859	0.049	0.033	0.059
>ATGASTCAKHHN	6-ATGASTCAKHHN	9.344425	-167.355391	0	T:1107.0(7.34%),B:407.4(2.80%),P:1e-72	Tpos:198.1,Tstd:75.3,Bpos:493.9,Bstd:319.6,StrandBias:-0.0,Multiplicity:1.06
0.462	0.239	0.185	0.114
0.001	0.001	0.001	0.997
0.001	0.001	0.918	0.080
0.997	0.001	0.001	0.001
0.031	0.457	0.465	0.046
0.001	0.001	0.001	0.997
0.052	0.946	0.001	0.001
0.997	0.001	0.001	0.001
0.110	0.204	0.273	0.413
0.345	0.285	0.075	0.295
0.283	0.223	0.167	0.327
0.219	0.271	0.194	0.316
>BTTTCASTTYYN	7-BTTTCASTTYYN	9.963544	-154.224653	0	T:905.0(6.00%),B:305.2(2.10%),P:1e-66	Tpos:190.2,Tstd:73.8,Bpos:455.1,Bstd:360.5,StrandBias:0.0,Multiplicity:1.01
0.148	0.281	0.336	0.234
0.001	0.001	0.001	0.997
0.001	0.311	0.001	0.687
0.001	0.001	0.001	0.997
0.001	0.997	0.001	0.001
0.778	0.001	0.001	0.220
0.073	0.299	0.408	0.219
0.198	0.070	0.001	0.731
0.001	0.001	0.058	0.940
0.108	0.425	0.095	0.372
0.231	0.386	0.001	0.382
0.220	0.244	0.309	0.227
>AAGGGRAYTTCC	8-AAGGGRAYTTCC	9.495891	-125.364270	0	T:475.0(3.15%),B:106.2(0.73%),P:1e-54	Tpos:187.7,Tstd:79.5,Bpos:451.5,Bstd:355.1,StrandBias:0.3,Multiplicity:1.00
0.492	0.230	0.203	0.075
0.640	0.037	0.158	0.165
0.395	0.016	0.565	0.024
0.041	0.001	0.933	0.025
0.077	0.019	0.596	0.308
0.317	0.189	0.379	0.115
0.734	0.184	0.081	0.001
0.199	0.387	0.146	0.268
0.014	0.016	0.001	0.969
0.002	0.101	0.117	0.780
0.036	0.555	0.093	0.316
0.113	0.585	0.001	0.301
>TRAAACTGAAAC	9-TRAAACTGAAAC	10.581073	-79.045216	0	T:636.0(4.22%),B:262.1(1.80%),P:1e-34	Tpos:199.9,Tstd:83.8,Bpos:496.9,Bstd:336.1,StrandBias:-0.1,Multiplicity:1.02
0.220	0.130	0.200	0.451
0.350	0.126	0.439	0.085
0.653	0.016	0.294	0.037
0.802	0.046	0.045	0.107
0.884	0.005	0.001	0.110
0.179	0.544	0.198	0.079
0.143	0.066	0.014	0.777
0.056	0.003	0.939	0.002
0.993	0.001	0.005	0.001
0.858	0.015	0.126	0.001
0.972	0.001	0.016	0.011
0.146	0.531	0.243	0.080
>AAAGAGGAASTG	10-AAAGAGGAASTG	9.311720	-71.167420	0	T:1285.0(8.52%),B:745.1(5.12%),P:1e-30	Tpos:203.2,Tstd:86.4,Bpos:504.5,Bstd:325.7,StrandBias:-0.0,Multiplicity:1.04
0.501	0.102	0.320	0.077
0.731	0.125	0.143	0.001
0.710	0.001	0.168	0.121
0.253	0.276	0.462	0.008
0.390	0.151	0.225	0.233
0.150	0.001	0.848	0.001
0.401	0.001	0.597	0.001
0.997	0.001	0.001	0.001
0.969	0.001	0.001	0.029
0.186	0.350	0.463	0.001
0.081	0.145	0.003	0.771
0.204	0.180	0.431	0.186
>MAAAAWYCCCCH	11-MAAAAWYCCCCH	7.969942	-63.742047	0	T:706.0(4.68%),B:341.2(2.34%),P:1e-27	Tpos:202.3,Tstd:83.4,Bpos:487.0,Bstd:322.1,StrandBias:-0.3,Multiplicity:1.04
0.375	0.345	0.090	0.191
0.545	0.225	0.127	0.103
0.621	0.095	0.214	0.070
0.797	0.073	0.078	0.052
0.642	0.095	0.085	0.178
0.357	0.127	0.174	0.342
0.098	0.321	0.165	0.416
0.098	0.497	0.065	0.340
0.097	0.769	0.038	0.096
0.098	0.806	0.013	0.083
0.184	0.579	0.023	0.214
0.267	0.327	0.064	0.342
>AAAGAGGAAGTG	12-AAAGAGGAAGTG	10.141337	-60.865344	0	T:560.0(3.71%),B:248.9(1.71%),P:1e-26	Tpos:220.5,Tstd:79.9,Bpos:425.8,Bstd:386.9,StrandBias:0.5,Multiplicity:1.00
0.471	0.158	0.221	0.150
0.591	0.149	0.147	0.113
0.633	0.001	0.211	0.155
0.154	0.321	0.510	0.015
0.595	0.100	0.304	0.001
0.052	0.001	0.946	0.001
0.140	0.001	0.858	0.001
0.997	0.001	0.001	0.001
0.963	0.001	0.001	0.035
0.164	0.189	0.646	0.001
0.086	0.189	0.011	0.714
0.188	0.167	0.462	0.183
>RAAASRGRAASY	13-RAAASRGRAASY	9.442396	-56.296409	0	T:903.0(5.99%),B:503.3(3.46%),P:1e-24	Tpos:203.6,Tstd:100.2,Bpos:562.0,Bstd:331.7,StrandBias:-0.1,Multiplicity:1.02
0.435	0.109	0.455	0.001
0.688	0.001	0.310	0.001
0.997	0.001	0.001	0.001
0.605	0.001	0.229	0.165
0.001	0.399	0.449	0.150
0.424	0.237	0.338	0.001
0.294	0.001	0.704	0.001
0.499	0.001	0.499	0.001
0.997	0.001	0.001	0.001
0.856	0.001	0.001	0.142
0.149	0.425	0.400	0.026
0.127	0.387	0.092	0.393
>WGTCACTTCCTG	14-WGTCACTTCCTG	10.023347	-41.857463	0	T:497.0(3.30%),B:248.3(1.71%),P:1e-18	Tpos:202.9,Tstd:101.5,Bpos:510.6,Bstd:340.1,StrandBias:0.3,Multiplicity:1.00
0.344	0.152	0.139	0.364
0.079	0.259	0.455	0.207
0.047	0.155	0.048	0.750
0.032	0.827	0.095	0.046
0.941	0.032	0.005	0.022
0.001	0.754	0.041	0.204
0.019	0.035	0.001	0.945
0.001	0.020	0.039	0.940
0.006	0.854	0.033	0.107
0.114	0.643	0.004	0.239
0.185	0.157	0.207	0.452
0.101	0.235	0.444	0.219
>NNGAGGAAGTBN	15-NNGAGGAAGTBN	9.897418	-37.197512	0	T:193.0(1.28%),B:60.4(0.41%),P:1e-16	Tpos:203.5,Tstd:80.7,Bpos:496.1,Bstd:382.1,StrandBias:0.2,Multiplicity:1.00
0.262	0.275	0.248	0.215
0.295	0.201	0.274	0.231
0.154	0.312	0.472	0.062
0.611	0.328	0.057	0.004
0.001	0.035	0.963	0.001
0.001	0.063	0.880	0.056
0.943	0.001	0.007	0.049
0.943	0.055	0.001	0.001
0.009	0.016	0.928	0.047
0.001	0.134	0.001	0.864
0.189	0.269	0.341	0.202
0.258	0.246	0.287	0.208
>NTTTCANWHTBA	16-NTTTCANWHTBA	7.894225	-36.909125	0	T:431.0(2.86%),B:214.8(1.48%),P:1e-16	Tpos:201.0,Tstd:82.9,Bpos:496.7,Bstd:352.2,StrandBias:-0.0,Multiplicity:1.02
0.187	0.269	0.291	0.254
0.190	0.022	0.070	0.718
0.013	0.280	0.175	0.532
0.020	0.029	0.018	0.933
0.018	0.870	0.093	0.019
0.555	0.086	0.012	0.347
0.198	0.229	0.319	0.254
0.317	0.121	0.138	0.423
0.240	0.303	0.141	0.316
0.259	0.022	0.022	0.697
0.122	0.304	0.351	0.223
0.506	0.200	0.160	0.134
>NNGTGGTTTCVG	17-NNGTGGTTTCVG	6.544697	-33.365153	0	T:825.0(5.47%),B:522.6(3.59%),P:1e-14	Tpos:206.2,Tstd:88.6,Bpos:519.6,Bstd:357.1,StrandBias:-0.0,Multiplicity:1.02
0.216	0.234	0.261	0.289
0.291	0.263	0.231	0.216
0.100	0.109	0.711	0.080
0.099	0.264	0.107	0.530
0.117	0.321	0.497	0.064
0.113	0.116	0.688	0.083
0.140	0.116	0.147	0.597
0.157	0.093	0.126	0.624
0.159	0.111	0.126	0.604
0.128	0.622	0.142	0.108
0.217	0.354	0.243	0.186
0.193	0.204	0.406	0.198
>AAGATGGCGGMG	18-AAGATGGCGGMG	10.355635	-33.083245	0	T:210.0(1.39%),B:76.9(0.53%),P:1e-14	Tpos:196.1,Tstd:95.3,Bpos:539.6,Bstd:401.5,StrandBias:0.5,Multiplicity:1.06
0.988	0.010	0.001	0.001
0.796	0.009	0.194	0.001
0.283	0.157	0.514	0.046
0.919	0.001	0.079	0.001
0.261	0.001	0.001	0.737
0.001	0.001	0.997	0.001
0.001	0.001	0.997	0.001
0.169	0.739	0.091	0.001
0.101	0.137	0.761	0.001
0.232	0.237	0.448	0.083
0.286	0.419	0.103	0.192
0.102	0.153	0.486	0.260
>YGCGCANGCGCV	19-YGCGCANGCGCV	10.320969	-18.336714	0	T:316.0(2.10%),B:183.2(1.26%),P:1e-7	Tpos:194.4,Tstd:116.8,Bpos:508.9,Bstd:380.8,StrandBias:-0.0,Multiplicity:1.16
0.186	0.286	0.163	0.365
0.348	0.001	0.650	0.001
0.001	0.997	0.001	0.001
0.001	0.001	0.997	0.001
0.001	0.997	0.001	0.001
0.997	0.001	0.001	0.001
0.303	0.222	0.228	0.247
0.039	0.059	0.901	0.001
0.001	0.997	0.001	0.001
0.001	0.001	0.997	0.001
0.001	0.840	0.020	0.139
0.272	0.225	0.342	0.162
>ACTTCTGCTTTC	20-ACTTCTGCTTTC	11.449909	-15.661399	0	T:102.0(0.68%),B:39.2(0.27%),P:1e-6	Tpos:202.2,Tstd:95.8,Bpos:497.8,Bstd:288.2,StrandBias:0.3,Multiplicity:1.00
0.639	0.033	0.264	0.064
0.078	0.667	0.222	0.033
0.130	0.062	0.013	0.795
0.026	0.057	0.069	0.848
0.018	0.647	0.075	0.260
0.075	0.158	0.012	0.755
0.066	0.120	0.725	0.089
0.056	0.453	0.244	0.247
0.074	0.042	0.001	0.883
0.038	0.048	0.046	0.868
0.072	0.062	0.074	0.792
0.093	0.642	0.065	0.200
>TVANWNWGAAAV	21-TVANWNWGAAAV	8.429824	-15.398227	0	T:250.0(1.66%),B:143.0(0.98%),P:1e-6	Tpos:193.7,Tstd:78.0,Bpos:524.4,Bstd:306.3,StrandBias:0.0,Multiplicity:1.02
0.315	0.001	0.001	0.683
0.268	0.344	0.387	0.002
0.584	0.094	0.001	0.321
0.279	0.211	0.237	0.274
0.364	0.211	0.001	0.423
0.178	0.282	0.244	0.296
0.361	0.001	0.150	0.488
0.028	0.268	0.703	0.001
0.822	0.014	0.085	0.079
0.681	0.001	0.317	0.001
0.997	0.001	0.001	0.001
0.303	0.333	0.335	0.030
>KKKTTTGTGGTT	22-KKKTTTGTGGTT	10.912379	-13.469062	0	T:211.0(1.40%),B:120.0(0.82%),P:1e-5	Tpos:202.1,Tstd:90.9,Bpos:508.8,Bstd:333.0,StrandBias:0.1,Multiplicity:1.01
0.165	0.183	0.360	0.293
0.217	0.052	0.359	0.373
0.154	0.168	0.396	0.282
0.080	0.141	0.264	0.515
0.042	0.348	0.001	0.609
0.001	0.001	0.001	0.997
0.001	0.117	0.881	0.001
0.043	0.010	0.001	0.946
0.001	0.001	0.997	0.001
0.007	0.036	0.956	0.001
0.001	0.266	0.011	0.722
0.014	0.001	0.001	0.984
>CHAAACCACARR	23-CHAAACCACARR	10.982086	-12.442821	0	T:251.0(1.66%),B:154.4(1.06%),P:1e-5	Tpos:202.8,Tstd:82.6,Bpos:455.9,Bstd:339.7,StrandBias:-0.1,Multiplicity:1.01
0.205	0.444	0.164	0.187
0.291	0.335	0.165	0.209
0.530	0.202	0.047	0.221
0.980	0.001	0.018	0.001
0.938	0.001	0.060	0.001
0.001	0.997	0.001	0.001
0.001	0.997	0.001	0.001
0.939	0.001	0.035	0.025
0.001	0.997	0.001	0.001
0.995	0.001	0.003	0.001
0.447	0.136	0.340	0.077
0.283	0.168	0.416	0.134
>AACCCCACACMC	24-AACCCCACACMC	14.033619	-1.291877	0	T:27.0(0.18%),B:21.4(0.15%),P:1e0	Tpos:235.0,Tstd:101.1,Bpos:502.3,Bstd:266.5,StrandBias:1.7,Multiplicity:1.04
0.997	0.001	0.001	0.001
0.924	0.074	0.001	0.001
0.166	0.832	0.001	0.001
0.001	0.997	0.001	0.001
0.266	0.732	0.001	0.001
0.001	0.997	0.001	0.001
0.997	0.001	0.001	0.001
0.393	0.605	0.001	0.001
0.603	0.395	0.001	0.001
0.001	0.997	0.001	0.001
0.432	0.566	0.001	0.001
0.001	0.997	0.001	0.001
>KSMGCSGAANNN	25-KSMGCSGAANNN	6.615983	-0.502327	0	T:28.0(0.19%),B:28.9(0.20%),P:1e0	Tpos:226.7,Tstd:106.8,Bpos:512.5,Bstd:447.3,StrandBias:-0.4,Multiplicity:1.00
0.148	0.124	0.314	0.414
0.081	0.393	0.290	0.236
0.240	0.389	0.227	0.144
0.143	0.263	0.593	0.001
0.001	0.622	0.331	0.046
0.207	0.433	0.359	0.001
0.001	0.159	0.709	0.131
0.629	0.001	0.069	0.301
0.680	0.141	0.001	0.178
0.237	0.202	0.324	0.237
0.161	0.269	0.299	0.271
0.215	0.243	0.196	0.345
