>GGAAWTYCCC	1-GGAAWTYCCC	8.440403	-1191.820033	0	T:3752.0(24.89%),B:769.3(5.29%),P:1e-517	Tpos:202.2,Tstd:57.7,Bpos:501.3,Bstd:326.6,StrandBias:-0.0,Multiplicity:1.08
0.097	0.001	0.893	0.009
0.271	0.001	0.727	0.001
0.687	0.001	0.281	0.031
0.701	0.057	0.034	0.208
0.436	0.036	0.021	0.507
0.103	0.139	0.174	0.584
0.035	0.515	0.001	0.449
0.002	0.996	0.001	0.001
0.001	0.997	0.001	0.001
0.196	0.615	0.036	0.153
>GGAAANYCCC	2-GGAAANYCCC	8.272835	-1150.034801	0	T:4612.0(30.59%),B:1297.6(8.92%),P:1e-499	Tpos:202.6,Tstd:77.5,Bpos:516.3,Bstd:354.8,StrandBias:0.0,Multiplicity:1.07
0.184	0.139	0.597	0.080
0.288	0.001	0.680	0.031
0.558	0.025	0.399	0.018
0.913	0.001	0.085	0.001
0.957	0.001	0.041	0.001
0.285	0.197	0.329	0.189
0.087	0.428	0.035	0.450
0.295	0.648	0.012	0.045
0.074	0.924	0.001	0.001
0.098	0.821	0.008	0.073
>GGGRTTTYCC	3-GGGRTTTYCC	8.284670	-1084.250071	0	T:3306.0(21.93%),B:632.5(4.35%),P:1e-470	Tpos:202.6,Tstd:71.0,Bpos:471.8,Bstd:336.0,StrandBias:0.1,Multiplicity:1.04
0.059	0.011	0.801	0.129
0.001	0.001	0.790	0.208
0.182	0.054	0.608	0.156
0.407	0.084	0.359	0.151
0.171	0.206	0.222	0.401
0.001	0.001	0.001	0.997
0.001	0.204	0.004	0.791
0.013	0.510	0.009	0.468
0.001	0.761	0.001	0.237
0.133	0.530	0.133	0.204
>GGGRAAYTCC	4-GGGRAAYTCC	8.230491	-770.427422	0	T:2654.0(17.60%),B:575.0(3.95%),P:1e-334	Tpos:197.1,Tstd:68.9,Bpos:525.0,Bstd:387.8,StrandBias:-0.1,Multiplicity:1.05
0.118	0.086	0.701	0.095
0.071	0.013	0.915	0.001
0.042	0.013	0.930	0.015
0.491	0.003	0.472	0.034
0.943	0.007	0.043	0.007
0.705	0.092	0.041	0.162
0.174	0.254	0.198	0.374
0.134	0.313	0.090	0.463
0.197	0.553	0.119	0.131
0.179	0.635	0.025	0.161
>GGGGRWTTTC	5-GGGGRWTTTC	7.962710	-679.608502	0	T:2498.0(16.57%),B:580.6(3.99%),P:1e-295	Tpos:201.6,Tstd:76.8,Bpos:497.6,Bstd:339.5,StrandBias:0.2,Multiplicity:1.03
0.226	0.086	0.558	0.130
0.001	0.001	0.948	0.050
0.001	0.001	0.830	0.168
0.156	0.039	0.583	0.222
0.331	0.160	0.358	0.150
0.323	0.166	0.170	0.341
0.122	0.140	0.087	0.651
0.001	0.001	0.001	0.997
0.003	0.356	0.018	0.623
0.073	0.565	0.080	0.282
>GGGGATTTCC	6-GGGGATTTCC	7.548448	-570.234396	0	T:1487.0(9.86%),B:196.1(1.35%),P:1e-247	Tpos:204.5,Tstd:57.3,Bpos:551.5,Bstd:301.4,StrandBias:0.3,Multiplicity:1.01
0.177	0.070	0.560	0.193
0.042	0.122	0.730	0.106
0.025	0.111	0.568	0.296
0.202	0.164	0.406	0.227
0.481	0.119	0.239	0.161
0.125	0.218	0.169	0.489
0.001	0.091	0.057	0.851
0.087	0.136	0.068	0.709
0.138	0.510	0.027	0.325
0.174	0.595	0.021	0.210
>GAAWTYCCCY	7-GAAWTYCCCY	7.784300	-422.866972	0	T:2170.0(14.39%),B:684.5(4.70%),P:1e-183	Tpos:203.0,Tstd:88.6,Bpos:496.2,Bstd:338.4,StrandBias:-0.1,Multiplicity:1.03
0.191	0.084	0.506	0.219
0.507	0.122	0.341	0.030
0.446	0.178	0.204	0.172
0.370	0.092	0.077	0.462
0.001	0.122	0.181	0.696
0.070	0.480	0.001	0.449
0.094	0.904	0.001	0.001
0.001	0.997	0.001	0.001
0.001	0.986	0.001	0.012
0.146	0.392	0.124	0.338
>VTGASTCAKH	8-VTGASTCAKH	8.031439	-174.570492	0	T:1096.0(7.27%),B:389.7(2.68%),P:1e-75	Tpos:197.0,Tstd:74.0,Bpos:481.0,Bstd:312.4,StrandBias:0.0,Multiplicity:1.05
0.365	0.240	0.235	0.160
0.046	0.047	0.013	0.894
0.061	0.065	0.682	0.192
0.920	0.011	0.013	0.056
0.091	0.437	0.388	0.084
0.079	0.018	0.044	0.859
0.205	0.681	0.068	0.046
0.918	0.007	0.043	0.032
0.160	0.160	0.283	0.397
0.297	0.243	0.140	0.320
>GAAAVYCCCH	9-GAAAVYCCCH	8.201561	-167.723445	0	T:456.0(3.02%),B:62.4(0.43%),P:1e-72	Tpos:195.2,Tstd:85.5,Bpos:311.9,Bstd:244.4,StrandBias:-0.1,Multiplicity:1.09
0.320	0.002	0.649	0.029
0.743	0.013	0.196	0.048
0.984	0.001	0.014	0.001
0.954	0.001	0.044	0.001
0.238	0.301	0.316	0.145
0.115	0.378	0.042	0.465
0.246	0.398	0.165	0.191
0.180	0.575	0.114	0.131
0.138	0.723	0.010	0.129
0.222	0.330	0.131	0.316
>RAASTGAAAC	10-RAASTGAAAC	8.716651	-163.968575	0	T:1607.0(10.66%),B:742.2(5.10%),P:1e-71	Tpos:201.8,Tstd:85.0,Bpos:491.0,Bstd:339.4,StrandBias:0.1,Multiplicity:1.04
0.366	0.066	0.488	0.080
0.557	0.117	0.062	0.264
0.704	0.018	0.032	0.246
0.200	0.406	0.288	0.107
0.089	0.131	0.001	0.779
0.001	0.001	0.997	0.001
0.990	0.001	0.008	0.001
0.713	0.115	0.138	0.034
0.806	0.001	0.010	0.183
0.054	0.647	0.267	0.032
>TYTCASTTYC	11-TYTCASTTYC	8.874371	-157.114599	0	T:1387.0(9.20%),B:606.7(4.17%),P:1e-68	Tpos:201.2,Tstd:83.7,Bpos:481.3,Bstd:339.2,StrandBias:-0.0,Multiplicity:1.06
0.200	0.099	0.036	0.665
0.094	0.284	0.189	0.432
0.105	0.290	0.029	0.576
0.012	0.882	0.020	0.086
0.723	0.077	0.159	0.041
0.017	0.470	0.419	0.094
0.118	0.001	0.001	0.880
0.097	0.001	0.005	0.897
0.048	0.412	0.062	0.477
0.112	0.721	0.042	0.125
>TGASTCABHN	12-TGASTCABHN	8.197364	-136.419058	0	T:2070.0(13.73%),B:1146.2(7.88%),P:1e-59	Tpos:201.6,Tstd:87.3,Bpos:524.1,Bstd:342.5,StrandBias:0.0,Multiplicity:1.06
0.001	0.001	0.001	0.997
0.001	0.027	0.728	0.244
0.997	0.001	0.001	0.001
0.119	0.448	0.318	0.116
0.001	0.001	0.001	0.997
0.228	0.770	0.001	0.001
0.997	0.001	0.001	0.001
0.174	0.234	0.237	0.354
0.302	0.282	0.151	0.265
0.249	0.254	0.195	0.301
>AGGGGATTTT	13-AGGGGATTTT	9.159583	-122.712867	0	T:670.0(4.44%),B:213.1(1.46%),P:1e-53	Tpos:199.0,Tstd:82.5,Bpos:552.8,Bstd:336.5,StrandBias:0.2,Multiplicity:1.00
0.455	0.087	0.249	0.209
0.148	0.009	0.831	0.012
0.026	0.031	0.885	0.058
0.001	0.004	0.894	0.101
0.153	0.122	0.611	0.114
0.451	0.200	0.203	0.146
0.266	0.111	0.167	0.456
0.092	0.007	0.093	0.808
0.004	0.034	0.035	0.927
0.041	0.216	0.017	0.726
>GGTTTCAGTT	14-GGTTTCAGTT	8.604356	-93.170784	0	T:647.0(4.29%),B:244.6(1.68%),P:1e-40	Tpos:189.5,Tstd:86.3,Bpos:468.7,Bstd:330.8,StrandBias:0.1,Multiplicity:1.02
0.173	0.088	0.627	0.112
0.097	0.138	0.673	0.092
0.064	0.089	0.086	0.761
0.066	0.081	0.089	0.764
0.102	0.072	0.088	0.738
0.062	0.756	0.093	0.089
0.660	0.109	0.132	0.099
0.080	0.136	0.660	0.124
0.103	0.099	0.113	0.685
0.118	0.109	0.095	0.678
>DSVGGAARYN	15-DSVGGAARYN	6.651391	-91.807474	0	T:2551.0(16.92%),B:1678.6(11.53%),P:1e-39	Tpos:206.4,Tstd:100.1,Bpos:501.6,Bstd:345.8,StrandBias:-0.0,Multiplicity:1.11
0.334	0.172	0.270	0.224
0.218	0.373	0.367	0.042
0.308	0.392	0.268	0.032
0.087	0.059	0.783	0.071
0.126	0.080	0.733	0.061
0.837	0.051	0.064	0.048
0.869	0.041	0.045	0.045
0.373	0.138	0.461	0.029
0.065	0.386	0.065	0.484
0.242	0.214	0.320	0.224
>NRSVGGAAVT	16-NRSVGGAAVT	7.669295	-68.619915	0	T:1210.0(8.03%),B:696.0(4.78%),P:1e-29	Tpos:200.2,Tstd:95.5,Bpos:494.7,Bstd:318.5,StrandBias:0.1,Multiplicity:1.04
0.327	0.274	0.187	0.212
0.387	0.148	0.248	0.217
0.148	0.446	0.405	0.001
0.337	0.380	0.282	0.001
0.016	0.001	0.982	0.001
0.310	0.001	0.688	0.001
0.997	0.001	0.001	0.001
0.997	0.001	0.001	0.001
0.264	0.391	0.344	0.001
0.001	0.382	0.001	0.616
>ASTTYCNSWT	17-ASTTYCNSWT	8.123157	-34.653063	0	T:1185.0(7.86%),B:807.8(5.55%),P:1e-15	Tpos:199.9,Tstd:91.8,Bpos:504.8,Bstd:343.9,StrandBias:0.1,Multiplicity:1.03
0.589	0.001	0.409	0.001
0.001	0.465	0.407	0.127
0.001	0.001	0.001	0.997
0.001	0.001	0.001	0.997
0.009	0.451	0.001	0.539
0.001	0.905	0.001	0.093
0.216	0.273	0.212	0.300
0.001	0.493	0.345	0.160
0.359	0.146	0.063	0.432
0.168	0.123	0.164	0.545
>WSTGAAACYN	18-WSTGAAACYN	8.625921	-26.426262	0	T:124.0(0.82%),B:36.7(0.25%),P:1e-11	Tpos:207.5,Tstd:94.3,Bpos:366.7,Bstd:365.0,StrandBias:0.2,Multiplicity:1.02
0.421	0.182	0.084	0.313
0.196	0.362	0.261	0.181
0.263	0.141	0.130	0.466
0.023	0.055	0.921	0.001
0.980	0.001	0.001	0.018
0.997	0.001	0.001	0.001
0.997	0.001	0.001	0.001
0.094	0.598	0.300	0.008
0.144	0.436	0.001	0.419
0.320	0.210	0.241	0.228
>KYTGTGGTTW	19-KYTGTGGTTW	8.668177	-15.858055	0	T:1236.0(8.20%),B:964.5(6.63%),P:1e-6	Tpos:201.0,Tstd:82.7,Bpos:506.9,Bstd:361.6,StrandBias:0.1,Multiplicity:1.05
0.170	0.218	0.236	0.376
0.169	0.393	0.110	0.328
0.157	0.014	0.124	0.705
0.025	0.010	0.918	0.047
0.099	0.140	0.088	0.673
0.001	0.001	0.997	0.001
0.001	0.028	0.970	0.001
0.001	0.188	0.052	0.759
0.091	0.082	0.045	0.782
0.332	0.072	0.216	0.379
>GAAACCGAAA	20-GAAACCGAAA	11.594478	-8.685194	0	T:44.0(0.29%),B:15.3(0.11%),P:1e-3	Tpos:208.8,Tstd:94.3,Bpos:439.8,Bstd:386.2,StrandBias:-0.5,Multiplicity:1.00
0.107	0.088	0.751	0.054
0.838	0.041	0.069	0.052
0.916	0.027	0.024	0.033
0.886	0.023	0.058	0.033
0.054	0.855	0.051	0.040
0.092	0.681	0.071	0.156
0.134	0.080	0.709	0.077
0.769	0.120	0.072	0.039
0.815	0.059	0.095	0.031
0.783	0.055	0.101	0.061
>AACCACAGAN	21-AACCACAGAN	10.416516	-5.568715	0	T:181.0(1.20%),B:128.1(0.88%),P:1e-2	Tpos:184.5,Tstd:88.3,Bpos:568.9,Bstd:337.7,StrandBias:-0.2,Multiplicity:1.00
0.897	0.016	0.079	0.008
0.892	0.041	0.055	0.012
0.015	0.919	0.039	0.027
0.011	0.941	0.035	0.013
0.770	0.039	0.041	0.150
0.028	0.910	0.028	0.034
0.858	0.008	0.046	0.088
0.296	0.068	0.494	0.142
0.638	0.119	0.106	0.137
0.243	0.215	0.227	0.315
>NGCGCATGCG	22-NGCGCATGCG	8.839032	-5.387229	0	T:245.0(1.62%),B:183.0(1.26%),P:1e-2	Tpos:193.7,Tstd:116.5,Bpos:531.9,Bstd:371.1,StrandBias:0.1,Multiplicity:1.13
0.217	0.325	0.245	0.213
0.107	0.089	0.762	0.042
0.103	0.839	0.001	0.057
0.023	0.019	0.912	0.046
0.105	0.789	0.060	0.046
0.507	0.199	0.126	0.168
0.129	0.106	0.159	0.606
0.075	0.061	0.777	0.087
0.134	0.840	0.011	0.015
0.056	0.043	0.853	0.048
>ACTGAAACYR	23-ACTGAAACYR	8.745178	-3.156558	0	T:116.0(0.77%),B:87.1(0.60%),P:1e-1	Tpos:200.8,Tstd:90.0,Bpos:519.4,Bstd:281.1,StrandBias:-0.2,Multiplicity:1.00
0.439	0.171	0.109	0.281
0.176	0.425	0.222	0.177
0.258	0.133	0.071	0.538
0.057	0.061	0.857	0.025
0.915	0.041	0.016	0.028
0.925	0.001	0.020	0.054
0.900	0.004	0.082	0.014
0.115	0.531	0.255	0.099
0.211	0.303	0.047	0.438
0.258	0.152	0.393	0.197
>AAACAGCTGT	24-AAACAGCTGT	11.179933	-1.172919	0	T:45.0(0.30%),B:38.5(0.26%),P:1e0	Tpos:210.5,Tstd:100.2,Bpos:472.9,Bstd:332.7,StrandBias:0.4,Multiplicity:1.00
0.624	0.171	0.079	0.126
0.819	0.079	0.098	0.004
0.598	0.142	0.249	0.011
0.071	0.881	0.003	0.045
0.860	0.036	0.001	0.103
0.054	0.046	0.883	0.017
0.146	0.799	0.008	0.047
0.241	0.001	0.002	0.756
0.038	0.017	0.801	0.144
0.094	0.187	0.028	0.691
>TTYCNSYKBB	25-TTYCNSYKBB	6.885156	-0.426326	0	T:439.0(2.91%),B:434.2(2.98%),P:1e0	Tpos:189.9,Tstd:102.9,Bpos:530.1,Bstd:353.5,StrandBias:0.1,Multiplicity:1.02
0.002	0.083	0.042	0.873
0.001	0.001	0.001	0.997
0.001	0.469	0.004	0.526
0.001	0.827	0.001	0.171
0.200	0.313	0.287	0.200
0.006	0.481	0.350	0.163
0.190	0.310	0.082	0.418
0.157	0.150	0.308	0.386
0.127	0.319	0.230	0.323
0.133	0.352	0.253	0.262
>DGGAAANYCCCH	1-DGGAAANYCCCH	8.542282	-1226.122444	0	T:4604.0(30.54%),B:1214.0(8.34%),P:1e-532	Tpos:201.5,Tstd:68.7,Bpos:502.7,Bstd:332.0,StrandBias:0.0,Multiplicity:1.06
0.229	0.176	0.326	0.269
0.288	0.001	0.533	0.178
0.322	0.001	0.676	0.001
0.653	0.044	0.302	0.001
0.997	0.001	0.001	0.001
0.912	0.001	0.086	0.001
0.267	0.205	0.289	0.239
0.190	0.420	0.027	0.363
0.294	0.704	0.001	0.001
0.001	0.997	0.001	0.001
0.248	0.702	0.001	0.049
0.271	0.300	0.127	0.302
>NGGGGAATTCCC	2-NGGGGAATTCCC	7.784532	-1017.088932	0	T:4075.0(27.03%),B:1116.8(7.67%),P:1e-441	Tpos:202.4,Tstd:58.1,Bpos:489.9,Bstd:345.4,StrandBias:-0.0,Multiplicity:1.11
0.300	0.204	0.235	0.261
0.232	0.042	0.471	0.256
0.009	0.001	0.947	0.043
0.003	0.001	0.912	0.084
0.324	0.027	0.574	0.075
0.545	0.118	0.253	0.084
0.482	0.113	0.080	0.324
0.178	0.080	0.114	0.628
0.054	0.274	0.020	0.652
0.034	0.583	0.011	0.372
0.060	0.800	0.005	0.135
0.171	0.640	0.061	0.128
>GGGRAANYCMAR	3-GGGRAANYCMAR	9.059346	-198.276385	0	T:1057.0(7.01%),B:332.5(2.28%),P:1e-86	Tpos:201.5,Tstd:79.8,Bpos:507.9,Bstd:348.9,StrandBias:-0.1,Multiplicity:1.01
0.001	0.001	0.857	0.141
0.001	0.001	0.997	0.001
0.001	0.001	0.997	0.001
0.489	0.003	0.507	0.001
0.954	0.001	0.044	0.001
0.834	0.136	0.009	0.021
0.281	0.208	0.231	0.280
0.181	0.313	0.130	0.375
0.245	0.450	0.152	0.154
0.337	0.421	0.055	0.187
0.482	0.003	0.244	0.271
0.265	0.198	0.382	0.155
>NRSTTTCABTTY	4-NRSTTTCABTTY	9.124837	-185.262159	0	T:1101.0(7.30%),B:377.0(2.59%),P:1e-80	Tpos:201.4,Tstd:96.6,Bpos:508.7,Bstd:328.0,StrandBias:-0.1,Multiplicity:1.03
0.250	0.247	0.219	0.284
0.445	0.001	0.344	0.210
0.121	0.315	0.438	0.125
0.001	0.001	0.001	0.997
0.001	0.001	0.001	0.997
0.001	0.001	0.001	0.997
0.001	0.930	0.001	0.068
0.521	0.077	0.114	0.288
0.166	0.288	0.321	0.225
0.345	0.077	0.001	0.577
0.243	0.191	0.014	0.552
0.153	0.406	0.001	0.440
>GAGGAASTGAAA	5-GAGGAASTGAAA	10.309434	-177.424303	0	T:1154.0(7.65%),B:420.4(2.89%),P:1e-77	Tpos:199.7,Tstd:76.0,Bpos:505.3,Bstd:332.5,StrandBias:0.0,Multiplicity:1.03
0.182	0.148	0.546	0.124
0.547	0.055	0.243	0.155
0.146	0.001	0.806	0.047
0.308	0.018	0.635	0.039
0.902	0.018	0.037	0.043
0.930	0.014	0.016	0.040
0.131	0.481	0.346	0.042
0.082	0.052	0.014	0.852
0.057	0.008	0.924	0.011
0.868	0.042	0.072	0.018
0.688	0.082	0.202	0.028
0.859	0.049	0.033	0.059
>ATGASTCAKHHN	6-ATGASTCAKHHN	9.344425	-167.355391	0	T:1107.0(7.34%),B:407.4(2.80%),P:1e-72	Tpos:198.1,Tstd:75.3,Bpos:493.9,Bstd:319.6,StrandBias:-0.0,Multiplicity:1.06
0.462	0.239	0.185	0.114
0.001	0.001	0.001	0.997
0.001	0.001	0.918	0.080
0.997	0.001	0.001	0.001
0.031	0.457	0.465	0.046
0.001	0.001	0.001	0.997
0.052	0.946	0.001	0.001
0.997	0.001	0.001	0.001
0.110	0.204	0.273	0.413
0.345	0.285	0.075	0.295
0.283	0.223	0.167	0.327
0.219	0.271	0.194	0.316
>BTTTCASTTYYN	7-BTTTCASTTYYN	9.963544	-154.224653	0	T:905.0(6.00%),B:305.2(2.10%),P:1e-66	Tpos:190.2,Tstd:73.8,Bpos:455.1,Bstd:360.5,StrandBias:0.0,Multiplicity:1.01
0.148	0.281	0.336	0.234
0.001	0.001	0.001	0.997
0.001	0.311	0.001	0.687
0.001	0.001	0.001	0.997
0.001	0.997	0.001	0.001
0.778	0.001	0.001	0.220
0.073	0.299	0.408	0.219
0.198	0.070	0.001	0.731
0.001	0.001	0.058	0.940
0.108	0.425	0.095	0.372
0.231	0.386	0.001	0.382
0.220	0.244	0.309	0.227
>AAGGGRAYTTCC	8-AAGGGRAYTTCC	9.495891	-125.364270	0	T:475.0(3.15%),B:106.2(0.73%),P:1e-54	Tpos:187.7,Tstd:79.5,Bpos:451.5,Bstd:355.1,StrandBias:0.3,Multiplicity:1.00
0.492	0.230	0.203	0.075
0.640	0.037	0.158	0.165
0.395	0.016	0.565	0.024
0.041	0.001	0.933	0.025
0.077	0.019	0.596	0.308
0.317	0.189	0.379	0.115
0.734	0.184	0.081	0.001
0.199	0.387	0.146	0.268
0.014	0.016	0.001	0.969
0.002	0.101	0.117	0.780
0.036	0.555	0.093	0.316
0.113	0.585	0.001	0.301
>TRAAACTGAAAC	9-TRAAACTGAAAC	10.581073	-79.045216	0	T:636.0(4.22%),B:262.1(1.80%),P:1e-34	Tpos:199.9,Tstd:83.8,Bpos:496.9,Bstd:336.1,StrandBias:-0.1,Multiplicity:1.02
0.220	0.130	0.200	0.451
0.350	0.126	0.439	0.085
0.653	0.016	0.294	0.037
0.802	0.046	0.045	0.107
0.884	0.005	0.001	0.110
0.179	0.544	0.198	0.079
0.143	0.066	0.014	0.777
0.056	0.003	0.939	0.002
0.993	0.001	0.005	0.001
0.858	0.015	0.126	0.001
0.972	0.001	0.016	0.011
0.146	0.531	0.243	0.080
>AAAGAGGAASTG	10-AAAGAGGAASTG	9.311720	-71.167420	0	T:1285.0(8.52%),B:745.1(5.12%),P:1e-30	Tpos:203.2,Tstd:86.4,Bpos:504.5,Bstd:325.7,StrandBias:-0.0,Multiplicity:1.04
0.501	0.102	0.320	0.077
0.731	0.125	0.143	0.001
0.710	0.001	0.168	0.121
0.253	0.276	0.462	0.008
0.390	0.151	0.225	0.233
0.150	0.001	0.848	0.001
0.401	0.001	0.597	0.001
0.997	0.001	0.001	0.001
0.969	0.001	0.001	0.029
0.186	0.350	0.463	0.001
0.081	0.145	0.003	0.771
0.204	0.180	0.431	0.186
>MAAAAWYCCCCH	11-MAAAAWYCCCCH	7.969942	-63.742047	0	T:706.0(4.68%),B:341.2(2.34%),P:1e-27	Tpos:202.3,Tstd:83.4,Bpos:487.0,Bstd:322.1,StrandBias:-0.3,Multiplicity:1.04
0.375	0.345	0.090	0.191
0.545	0.225	0.127	0.103
0.621	0.095	0.214	0.070
0.797	0.073	0.078	0.052
0.642	0.095	0.085	0.178
0.357	0.127	0.174	0.342
0.098	0.321	0.165	0.416
0.098	0.497	0.065	0.340
0.097	0.769	0.038	0.096
0.098	0.806	0.013	0.083
0.184	0.579	0.023	0.214
0.267	0.327	0.064	0.342
>AAAGAGGAAGTG	12-AAAGAGGAAGTG	10.141337	-60.865344	0	T:560.0(3.71%),B:248.9(1.71%),P:1e-26	Tpos:220.5,Tstd:79.9,Bpos:425.8,Bstd:386.9,StrandBias:0.5,Multiplicity:1.00
0.471	0.158	0.221	0.150
0.591	0.149	0.147	0.113
0.633	0.001	0.211	0.155
0.154	0.321	0.510	0.015
0.595	0.100	0.304	0.001
0.052	0.001	0.946	0.001
0.140	0.001	0.858	0.001
0.997	0.001	0.001	0.001
0.963	0.001	0.001	0.035
0.164	0.189	0.646	0.001
0.086	0.189	0.011	0.714
0.188	0.167	0.462	0.183
>RAAASRGRAASY	13-RAAASRGRAASY	9.442396	-56.296409	0	T:903.0(5.99%),B:503.3(3.46%),P:1e-24	Tpos:203.6,Tstd:100.2,Bpos:562.0,Bstd:331.7,StrandBias:-0.1,Multiplicity:1.02
0.435	0.109	0.455	0.001
0.688	0.001	0.310	0.001
0.997	0.001	0.001	0.001
0.605	0.001	0.229	0.165
0.001	0.399	0.449	0.150
0.424	0.237	0.338	0.001
0.294	0.001	0.704	0.001
0.499	0.001	0.499	0.001
0.997	0.001	0.001	0.001
0.856	0.001	0.001	0.142
0.149	0.425	0.400	0.026
0.127	0.387	0.092	0.393
>WGTCACTTCCTG	14-WGTCACTTCCTG	10.023347	-41.857463	0	T:497.0(3.30%),B:248.3(1.71%),P:1e-18	Tpos:202.9,Tstd:101.5,Bpos:510.6,Bstd:340.1,StrandBias:0.3,Multiplicity:1.00
0.344	0.152	0.139	0.364
0.079	0.259	0.455	0.207
0.047	0.155	0.048	0.750
0.032	0.827	0.095	0.046
0.941	0.032	0.005	0.022
0.001	0.754	0.041	0.204
0.019	0.035	0.001	0.945
0.001	0.020	0.039	0.940
0.006	0.854	0.033	0.107
0.114	0.643	0.004	0.239
0.185	0.157	0.207	0.452
0.101	0.235	0.444	0.219
>NNGAGGAAGTBN	15-NNGAGGAAGTBN	9.897418	-37.197512	0	T:193.0(1.28%),B:60.4(0.41%),P:1e-16	Tpos:203.5,Tstd:80.7,Bpos:496.1,Bstd:382.1,StrandBias:0.2,Multiplicity:1.00
0.262	0.275	0.248	0.215
0.295	0.201	0.274	0.231
0.154	0.312	0.472	0.062
0.611	0.328	0.057	0.004
0.001	0.035	0.963	0.001
0.001	0.063	0.880	0.056
0.943	0.001	0.007	0.049
0.943	0.055	0.001	0.001
0.009	0.016	0.928	0.047
0.001	0.134	0.001	0.864
0.189	0.269	0.341	0.202
0.258	0.246	0.287	0.208
>NTTTCANWHTBA	16-NTTTCANWHTBA	7.894225	-36.909125	0	T:431.0(2.86%),B:214.8(1.48%),P:1e-16	Tpos:201.0,Tstd:82.9,Bpos:496.7,Bstd:352.2,StrandBias:-0.0,Multiplicity:1.02
0.187	0.269	0.291	0.254
0.190	0.022	0.070	0.718
0.013	0.280	0.175	0.532
0.020	0.029	0.018	0.933
0.018	0.870	0.093	0.019
0.555	0.086	0.012	0.347
0.198	0.229	0.319	0.254
0.317	0.121	0.138	0.423
0.240	0.303	0.141	0.316
0.259	0.022	0.022	0.697
0.122	0.304	0.351	0.223
0.506	0.200	0.160	0.134
>NNGTGGTTTCVG	17-NNGTGGTTTCVG	6.544697	-33.365153	0	T:825.0(5.47%),B:522.6(3.59%),P:1e-14	Tpos:206.2,Tstd:88.6,Bpos:519.6,Bstd:357.1,StrandBias:-0.0,Multiplicity:1.02
0.216	0.234	0.261	0.289
0.291	0.263	0.231	0.216
0.100	0.109	0.711	0.080
0.099	0.264	0.107	0.530
0.117	0.321	0.497	0.064
0.113	0.116	0.688	0.083
0.140	0.116	0.147	0.597
0.157	0.093	0.126	0.624
0.159	0.111	0.126	0.604
0.128	0.622	0.142	0.108
0.217	0.354	0.243	0.186
0.193	0.204	0.406	0.198
>AAGATGGCGGMG	18-AAGATGGCGGMG	10.355635	-33.083245	0	T:210.0(1.39%),B:76.9(0.53%),P:1e-14	Tpos:196.1,Tstd:95.3,Bpos:539.6,Bstd:401.5,StrandBias:0.5,Multiplicity:1.06
0.988	0.010	0.001	0.001
0.796	0.009	0.194	0.001
0.283	0.157	0.514	0.046
0.919	0.001	0.079	0.001
0.261	0.001	0.001	0.737
0.001	0.001	0.997	0.001
0.001	0.001	0.997	0.001
0.169	0.739	0.091	0.001
0.101	0.137	0.761	0.001
0.232	0.237	0.448	0.083
0.286	0.419	0.103	0.192
0.102	0.153	0.486	0.260
>YGCGCANGCGCV	19-YGCGCANGCGCV	10.320969	-18.336714	0	T:316.0(2.10%),B:183.2(1.26%),P:1e-7	Tpos:194.4,Tstd:116.8,Bpos:508.9,Bstd:380.8,StrandBias:-0.0,Multiplicity:1.16
0.186	0.286	0.163	0.365
0.348	0.001	0.650	0.001
0.001	0.997	0.001	0.001
0.001	0.001	0.997	0.001
0.001	0.997	0.001	0.001
0.997	0.001	0.001	0.001
0.303	0.222	0.228	0.247
0.039	0.059	0.901	0.001
0.001	0.997	0.001	0.001
0.001	0.001	0.997	0.001
0.001	0.840	0.020	0.139
0.272	0.225	0.342	0.162
>ACTTCTGCTTTC	20-ACTTCTGCTTTC	11.449909	-15.661399	0	T:102.0(0.68%),B:39.2(0.27%),P:1e-6	Tpos:202.2,Tstd:95.8,Bpos:497.8,Bstd:288.2,StrandBias:0.3,Multiplicity:1.00
0.639	0.033	0.264	0.064
0.078	0.667	0.222	0.033
0.130	0.062	0.013	0.795
0.026	0.057	0.069	0.848
0.018	0.647	0.075	0.260
0.075	0.158	0.012	0.755
0.066	0.120	0.725	0.089
0.056	0.453	0.244	0.247
0.074	0.042	0.001	0.883
0.038	0.048	0.046	0.868
0.072	0.062	0.074	0.792
0.093	0.642	0.065	0.200
>TVANWNWGAAAV	21-TVANWNWGAAAV	8.429824	-15.398227	0	T:250.0(1.66%),B:143.0(0.98%),P:1e-6	Tpos:193.7,Tstd:78.0,Bpos:524.4,Bstd:306.3,StrandBias:0.0,Multiplicity:1.02
0.315	0.001	0.001	0.683
0.268	0.344	0.387	0.002
0.584	0.094	0.001	0.321
0.279	0.211	0.237	0.274
0.364	0.211	0.001	0.423
0.178	0.282	0.244	0.296
0.361	0.001	0.150	0.488
0.028	0.268	0.703	0.001
0.822	0.014	0.085	0.079
0.681	0.001	0.317	0.001
0.997	0.001	0.001	0.001
0.303	0.333	0.335	0.030
>KKKTTTGTGGTT	22-KKKTTTGTGGTT	10.912379	-13.469062	0	T:211.0(1.40%),B:120.0(0.82%),P:1e-5	Tpos:202.1,Tstd:90.9,Bpos:508.8,Bstd:333.0,StrandBias:0.1,Multiplicity:1.01
0.165	0.183	0.360	0.293
0.217	0.052	0.359	0.373
0.154	0.168	0.396	0.282
0.080	0.141	0.264	0.515
0.042	0.348	0.001	0.609
0.001	0.001	0.001	0.997
0.001	0.117	0.881	0.001
0.043	0.010	0.001	0.946
0.001	0.001	0.997	0.001
0.007	0.036	0.956	0.001
0.001	0.266	0.011	0.722
0.014	0.001	0.001	0.984
>CHAAACCACARR	23-CHAAACCACARR	10.982086	-12.442821	0	T:251.0(1.66%),B:154.4(1.06%),P:1e-5	Tpos:202.8,Tstd:82.6,Bpos:455.9,Bstd:339.7,StrandBias:-0.1,Multiplicity:1.01
0.205	0.444	0.164	0.187
0.291	0.335	0.165	0.209
0.530	0.202	0.047	0.221
0.980	0.001	0.018	0.001
0.938	0.001	0.060	0.001
0.001	0.997	0.001	0.001
0.001	0.997	0.001	0.001
0.939	0.001	0.035	0.025
0.001	0.997	0.001	0.001
0.995	0.001	0.003	0.001
0.447	0.136	0.340	0.077
0.283	0.168	0.416	0.134
>AACCCCACACMC	24-AACCCCACACMC	14.033619	-1.291877	0	T:27.0(0.18%),B:21.4(0.15%),P:1e0	Tpos:235.0,Tstd:101.1,Bpos:502.3,Bstd:266.5,StrandBias:1.7,Multiplicity:1.04
0.997	0.001	0.001	0.001
0.924	0.074	0.001	0.001
0.166	0.832	0.001	0.001
0.001	0.997	0.001	0.001
0.266	0.732	0.001	0.001
0.001	0.997	0.001	0.001
0.997	0.001	0.001	0.001
0.393	0.605	0.001	0.001
0.603	0.395	0.001	0.001
0.001	0.997	0.001	0.001
0.432	0.566	0.001	0.001
0.001	0.997	0.001	0.001
>KSMGCSGAANNN	25-KSMGCSGAANNN	6.615983	-0.502327	0	T:28.0(0.19%),B:28.9(0.20%),P:1e0	Tpos:226.7,Tstd:106.8,Bpos:512.5,Bstd:447.3,StrandBias:-0.4,Multiplicity:1.00
0.148	0.124	0.314	0.414
0.081	0.393	0.290	0.236
0.240	0.389	0.227	0.144
0.143	0.263	0.593	0.001
0.001	0.622	0.331	0.046
0.207	0.433	0.359	0.001
0.001	0.159	0.709	0.131
0.629	0.001	0.069	0.301
0.680	0.141	0.001	0.178
0.237	0.202	0.324	0.237
0.161	0.269	0.299	0.271
0.215	0.243	0.196	0.345
>AAAKCCCC	1-AAAKCCCC	7.852213	-266.419962	0	T:2777.0(18.42%),B:1351.4(9.29%),P:1e-115	Tpos:202.1,Tstd:74.8,Bpos:516.9,Bstd:346.1,StrandBias:-0.0,Multiplicity:1.11
0.738	0.001	0.186	0.075
0.796	0.154	0.049	0.001
0.569	0.001	0.151	0.279
0.210	0.001	0.358	0.431
0.049	0.724	0.001	0.226
0.001	0.997	0.001	0.001
0.001	0.810	0.154	0.035
0.001	0.950	0.014	0.035
>ATGACTCA	2-ATGACTCA	9.220025	-163.395233	0	T:1553.0(10.30%),B:706.3(4.85%),P:1e-70	Tpos:199.4,Tstd:78.2,Bpos:492.5,Bstd:308.3,StrandBias:-0.1,Multiplicity:1.08
0.734	0.111	0.105	0.050
0.001	0.001	0.001	0.997
0.001	0.001	0.950	0.048
0.997	0.001	0.001	0.001
0.045	0.655	0.245	0.055
0.001	0.001	0.009	0.989
0.054	0.922	0.023	0.001
0.995	0.001	0.003	0.001
>GAAAGTCC	3-GAAAGTCC	8.517987	-127.358517	0	T:924.0(6.13%),B:359.8(2.47%),P:1e-55	Tpos:204.9,Tstd:71.8,Bpos:492.6,Bstd:348.1,StrandBias:-0.0,Multiplicity:1.04
0.027	0.001	0.960	0.012
0.824	0.001	0.161	0.014
0.984	0.001	0.001	0.014
0.828	0.001	0.031	0.140
0.217	0.114	0.419	0.250
0.072	0.259	0.032	0.637
0.182	0.572	0.143	0.103
0.052	0.776	0.100	0.072
>GGGAADTC	4-GGGAADTC	7.606681	-98.416188	0	T:4019.0(26.66%),B:2895.8(19.90%),P:1e-42	Tpos:201.4,Tstd:95.0,Bpos:496.7,Bstd:337.9,StrandBias:0.0,Multiplicity:1.09
0.086	0.104	0.809	0.001
0.001	0.001	0.997	0.001
0.402	0.001	0.596	0.001
0.867	0.001	0.131	0.001
0.997	0.001	0.001	0.001
0.345	0.127	0.252	0.276
0.001	0.305	0.001	0.693
0.078	0.702	0.001	0.219
>AAWTCCCC	5-AAWTCCCC	7.276490	-95.904648	0	T:1260.0(8.36%),B:655.7(4.51%),P:1e-41	Tpos:208.7,Tstd:85.8,Bpos:504.0,Bstd:327.3,StrandBias:-0.2,Multiplicity:1.03
0.581	0.001	0.406	0.012
0.535	0.084	0.253	0.128
0.277	0.182	0.136	0.404
0.060	0.242	0.001	0.697
0.001	0.585	0.023	0.391
0.001	0.970	0.001	0.028
0.001	0.928	0.001	0.070
0.001	0.685	0.171	0.143
>CACTTCCK	6-CACTTCCK	8.175764	-43.330228	0	T:1628.0(10.80%),B:1131.7(7.78%),P:1e-18	Tpos:203.6,Tstd:95.0,Bpos:515.0,Bstd:349.8,StrandBias:0.0,Multiplicity:1.06
0.104	0.538	0.213	0.145
0.794	0.038	0.125	0.043
0.015	0.592	0.176	0.217
0.016	0.008	0.007	0.969
0.014	0.001	0.003	0.982
0.023	0.802	0.041	0.134
0.045	0.892	0.023	0.040
0.030	0.224	0.431	0.315
>AACTGAAA	7-AACTGAAA	10.442570	-30.839896	0	T:1401.0(9.29%),B:1007.1(6.92%),P:1e-13	Tpos:200.4,Tstd:91.7,Bpos:481.9,Bstd:324.4,StrandBias:0.1,Multiplicity:1.06
0.891	0.058	0.050	0.001
0.997	0.001	0.001	0.001
0.001	0.752	0.246	0.001
0.001	0.094	0.020	0.885
0.001	0.001	0.997	0.001
0.997	0.001	0.001	0.001
0.893	0.001	0.105	0.001
0.997	0.001	0.001	0.001
>RATTYCCC	8-RATTYCCC	6.459128	-24.502016	0	T:567.0(3.76%),B:354.3(2.43%),P:1e-10	Tpos:203.2,Tstd:95.0,Bpos:515.1,Bstd:325.7,StrandBias:-0.0,Multiplicity:1.02
0.358	0.104	0.406	0.132
0.487	0.129	0.162	0.221
0.287	0.218	0.049	0.446
0.175	0.096	0.038	0.691
0.061	0.399	0.079	0.461
0.064	0.729	0.030	0.177
0.218	0.760	0.021	0.001
0.001	0.626	0.245	0.128
>WAACCACA	9-WAACCACA	8.656650	-19.340545	0	T:535.0(3.55%),B:350.7(2.41%),P:1e-8	Tpos:203.7,Tstd:84.3,Bpos:509.3,Bstd:341.8,StrandBias:-0.2,Multiplicity:1.02
0.343	0.135	0.044	0.478
0.733	0.030	0.080	0.157
0.730	0.134	0.133	0.003
0.031	0.853	0.065	0.051
0.005	0.938	0.027	0.030
0.728	0.042	0.137	0.093
0.062	0.852	0.058	0.028
0.691	0.155	0.062	0.092
>TGAGTCAS	10-TGAGTCAS	9.169600	-15.171553	0	T:670.0(4.44%),B:482.3(3.31%),P:1e-6	Tpos:204.1,Tstd:94.4,Bpos:488.4,Bstd:332.5,StrandBias:0.1,Multiplicity:1.03
0.001	0.001	0.001	0.997
0.001	0.001	0.820	0.178
0.997	0.001	0.001	0.001
0.001	0.367	0.631	0.001
0.001	0.001	0.001	0.997
0.396	0.602	0.001	0.001
0.997	0.001	0.001	0.001
0.001	0.476	0.467	0.056
>ACCGGAAA	11-ACCGGAAA	7.613305	-14.851603	0	T:369.0(2.45%),B:237.6(1.63%),P:1e-6	Tpos:206.0,Tstd:96.3,Bpos:519.1,Bstd:408.1,StrandBias:0.1,Multiplicity:1.03
0.670	0.104	0.141	0.085
0.163	0.635	0.111	0.091
0.098	0.718	0.119	0.065
0.095	0.099	0.703	0.103
0.110	0.078	0.787	0.025
0.896	0.024	0.040	0.040
0.915	0.023	0.034	0.028
0.675	0.068	0.223	0.034
>AACCACAR	12-AACCACAR	8.589431	-9.362204	0	T:947.0(6.28%),B:765.2(5.26%),P:1e-4	Tpos:203.6,Tstd:93.1,Bpos:512.3,Bstd:340.6,StrandBias:0.1,Multiplicity:1.04
0.860	0.017	0.082	0.041
0.817	0.058	0.124	0.001
0.063	0.817	0.055	0.065
0.018	0.886	0.052	0.044
0.640	0.120	0.147	0.093
0.050	0.858	0.070	0.022
0.711	0.143	0.046	0.100
0.311	0.148	0.413	0.128
>GGSGGTTT	13-GGSGGTTT	8.426576	-4.552291	0	T:678.0(4.50%),B:575.3(3.95%),P:1e-1	Tpos:204.8,Tstd:81.4,Bpos:501.4,Bstd:326.3,StrandBias:-0.0,Multiplicity:1.02
0.143	0.062	0.585	0.210
0.039	0.035	0.857	0.069
0.045	0.395	0.354	0.207
0.138	0.038	0.745	0.079
0.025	0.076	0.767	0.132
0.060	0.033	0.028	0.879
0.017	0.015	0.010	0.958
0.076	0.040	0.068	0.816
>ACTTYCSS	14-ACTTYCSS	8.133815	-2.640584	0	T:2737.0(18.15%),B:2546.6(17.50%),P:1e-1	Tpos:205.4,Tstd:103.3,Bpos:511.3,Bstd:365.4,StrandBias:0.0,Multiplicity:1.05
0.941	0.001	0.057	0.001
0.001	0.602	0.396	0.001
0.001	0.001	0.001	0.997
0.001	0.001	0.001	0.997
0.001	0.448	0.001	0.550
0.001	0.997	0.001	0.001
0.001	0.501	0.497	0.001
0.001	0.511	0.487	0.001
>ASTTCCCC	15-ASTTCCCC	8.055862	-2.626046	0	T:1308.0(8.68%),B:1193.4(8.20%),P:1e-1	Tpos:202.4,Tstd:91.5,Bpos:512.8,Bstd:354.9,StrandBias:-0.0,Multiplicity:1.05
0.593	0.001	0.405	0.001
0.001	0.483	0.351	0.165
0.001	0.001	0.001	0.997
0.001	0.001	0.001	0.997
0.001	0.677	0.001	0.321
0.001	0.997	0.001	0.001
0.001	0.534	0.228	0.237
0.001	0.645	0.297	0.057
>TTCCGCTT	16-TTCCGCTT	8.699410	-1.649483	0	T:157.0(1.04%),B:136.9(0.94%),P:1e0	Tpos:224.1,Tstd:101.7,Bpos:505.5,Bstd:344.4,StrandBias:0.8,Multiplicity:1.02
0.027	0.030	0.033	0.910
0.040	0.019	0.044	0.897
0.039	0.632	0.089	0.240
0.119	0.774	0.049	0.058
0.151	0.152	0.618	0.079
0.028	0.607	0.223	0.142
0.063	0.073	0.063	0.801
0.065	0.080	0.092	0.763
>GTTTCCGB	17-GTTTCCGB	8.302398	-1.392262	0	T:264.0(1.75%),B:239.4(1.65%),P:1e0	Tpos:208.9,Tstd:99.6,Bpos:491.0,Bstd:384.3,StrandBias:-0.0,Multiplicity:1.02
0.094	0.088	0.765	0.053
0.001	0.062	0.048	0.889
0.001	0.001	0.001	0.997
0.001	0.026	0.001	0.972
0.001	0.932	0.016	0.051
0.323	0.542	0.134	0.001
0.073	0.052	0.665	0.210
0.153	0.226	0.278	0.343
>MGGAAAYB	18-MGGAAAYB	6.736393	-1.043366	0	T:294.0(1.95%),B:274.1(1.88%),P:1e0	Tpos:195.8,Tstd:104.1,Bpos:503.7,Bstd:371.4,StrandBias:0.3,Multiplicity:1.01
0.260	0.409	0.176	0.155
0.167	0.016	0.720	0.097
0.163	0.132	0.683	0.022
0.980	0.006	0.006	0.008
0.988	0.001	0.001	0.010
0.537	0.195	0.260	0.008
0.114	0.305	0.161	0.421
0.099	0.313	0.292	0.297
>GWAACYRC	19-GWAACYRC	6.107290	-0.171333	0	T:1655.0(10.98%),B:1650.0(11.34%),P:1e0	Tpos:201.2,Tstd:93.9,Bpos:512.6,Bstd:360.7,StrandBias:0.0,Multiplicity:1.03
0.069	0.122	0.576	0.233
0.376	0.102	0.175	0.347
0.773	0.001	0.085	0.141
0.885	0.010	0.101	0.004
0.100	0.654	0.155	0.091
0.130	0.458	0.070	0.342
0.307	0.066	0.456	0.171
0.252	0.503	0.202	0.043
>TTTCCSTT	20-TTTCCSTT	7.891411	-0.016945	0	T:155.0(1.03%),B:187.3(1.29%),P:1e0	Tpos:207.5,Tstd:111.2,Bpos:447.6,Bstd:328.5,StrandBias:-0.3,Multiplicity:1.00
0.001	0.001	0.001	0.997
0.001	0.001	0.001	0.997
0.001	0.314	0.001	0.684
0.001	0.997	0.001	0.001
0.001	0.597	0.401	0.001
0.001	0.460	0.526	0.013
0.197	0.207	0.125	0.471
0.169	0.189	0.235	0.407
>CKRCTTTC	21-CKRCTTTC	7.823931	-0.000004	0	T:306.0(2.03%),B:410.1(2.82%),P:1e0	Tpos:200.0,Tstd:104.2,Bpos:519.5,Bstd:352.4,StrandBias:0.1,Multiplicity:1.01
0.085	0.629	0.212	0.074
0.201	0.203	0.235	0.361
0.508	0.105	0.386	0.001
0.111	0.544	0.327	0.018
0.032	0.034	0.001	0.933
0.019	0.015	0.001	0.965
0.025	0.182	0.017	0.776
0.001	0.870	0.053	0.076
>AACAGCTG	22-AACAGCTG	10.146205	-0.000000	0	T:483.0(3.20%),B:639.8(4.40%),P:1e0	Tpos:196.6,Tstd:104.7,Bpos:509.0,Bstd:353.9,StrandBias:-0.1,Multiplicity:1.03
0.799	0.075	0.078	0.048
0.839	0.070	0.090	0.001
0.030	0.968	0.001	0.001
0.904	0.038	0.022	0.036
0.016	0.080	0.835	0.069
0.029	0.940	0.001	0.030
0.039	0.001	0.001	0.959
0.037	0.017	0.881	0.065
>NHAGTTTC	23-NHAGTTTC	7.122934	-0.000000	0	T:2256.0(14.96%),B:3152.6(21.66%),P:1e0	Tpos:202.7,Tstd:106.1,Bpos:502.4,Bstd:335.0,StrandBias:0.1,Multiplicity:1.08
0.223	0.258	0.301	0.218
0.251	0.383	0.114	0.252
0.563	0.047	0.248	0.142
0.001	0.283	0.648	0.068
0.001	0.001	0.001	0.997
0.001	0.001	0.001	0.997
0.132	0.181	0.001	0.686
0.001	0.911	0.087	0.001
>AAACTGAA	24-AAACTGAA	7.380830	-0.000000	0	T:4509.0(29.91%),B:6532.7(44.89%),P:1e0	Tpos:202.2,Tstd:112.3,Bpos:503.8,Bstd:342.2,StrandBias:0.0,Multiplicity:1.17
0.921	0.014	0.001	0.064
0.921	0.031	0.022	0.026
0.969	0.029	0.001	0.001
0.047	0.791	0.161	0.001
0.049	0.040	0.030	0.881
0.001	0.035	0.963	0.001
0.938	0.060	0.001	0.001
0.851	0.026	0.122	0.001
>WTTYCCCC	25-WTTYCCCC	7.175345	-0.000000	0	T:4350.0(28.85%),B:5254.0(36.10%),P:1e0	Tpos:199.7,Tstd:106.0,Bpos:512.0,Bstd:343.7,StrandBias:0.0,Multiplicity:1.14
0.300	0.108	0.156	0.436
0.001	0.001	0.001	0.997
0.001	0.175	0.001	0.823
0.001	0.481	0.032	0.486
0.019	0.979	0.001	0.001
0.105	0.754	0.140	0.001
0.099	0.877	0.023	0.001
0.218	0.526	0.077	0.179
