>TGAGTCAT	1-TGAGTCAT	8.422496	-762.183303	0	T:2210.0(30.15%),B:574.1(6.85%),P:1e-331	Tpos:205.2,Tstd:58.4,Bpos:505.4,Bstd:307.9,StrandBias:0.0,Multiplicity:1.11
0.001	0.001	0.001	0.997
0.001	0.001	0.945	0.053
0.992	0.006	0.001	0.001
0.028	0.291	0.654	0.027
0.001	0.001	0.001	0.997
0.030	0.968	0.001	0.001
0.997	0.001	0.001	0.001
0.045	0.118	0.097	0.740
>ATGANTCA	2-ATGANTCA	7.978345	-611.761188	0	T:2667.0(36.39%),B:1075.3(12.84%),P:1e-265	Tpos:205.3,Tstd:85.7,Bpos:517.2,Bstd:344.0,StrandBias:-0.0,Multiplicity:1.07
0.597	0.096	0.213	0.094
0.001	0.001	0.001	0.997
0.001	0.001	0.691	0.307
0.997	0.001	0.001	0.001
0.231	0.217	0.307	0.245
0.001	0.001	0.001	0.997
0.001	0.997	0.001	0.001
0.997	0.001	0.001	0.001
>TTACTCAT	3-TTACTCAT	8.189249	-479.031230	0	T:2893.0(39.47%),B:1465.9(17.50%),P:1e-208	Tpos:204.4,Tstd:80.4,Bpos:484.4,Bstd:316.5,StrandBias:-0.0,Multiplicity:1.13
0.001	0.011	0.001	0.987
0.001	0.001	0.407	0.591
0.997	0.001	0.001	0.001
0.164	0.608	0.227	0.001
0.001	0.001	0.001	0.997
0.012	0.983	0.004	0.001
0.997	0.001	0.001	0.001
0.231	0.001	0.281	0.487
>TGACGTAA	4-TGACGTAA	7.117862	-189.139705	0	T:574.0(7.83%),B:134.1(1.60%),P:1e-82	Tpos:205.3,Tstd:77.9,Bpos:511.0,Bstd:334.8,StrandBias:0.2,Multiplicity:1.05
0.033	0.070	0.041	0.856
0.049	0.092	0.836	0.023
0.797	0.044	0.064	0.095
0.042	0.839	0.066	0.053
0.112	0.037	0.712	0.139
0.099	0.130	0.111	0.660
0.645	0.145	0.120	0.090
0.659	0.115	0.148	0.078
>GTGACGTC	5-GTGACGTC	9.656063	-141.133819	0	T:448.0(6.11%),B:110.5(1.32%),P:1e-61	Tpos:205.3,Tstd:51.7,Bpos:483.7,Bstd:401.2,StrandBias:-0.1,Multiplicity:1.08
0.295	0.108	0.581	0.016
0.010	0.001	0.001	0.988
0.006	0.014	0.969	0.011
0.997	0.001	0.001	0.001
0.014	0.971	0.001	0.014
0.015	0.022	0.941	0.022
0.008	0.013	0.001	0.978
0.026	0.947	0.019	0.008
>ATATGACT	6-ATATGACT	7.396016	-88.460680	0	T:1270.0(17.33%),B:853.5(10.19%),P:1e-38	Tpos:202.5,Tstd:95.5,Bpos:491.2,Bstd:437.0,StrandBias:-0.1,Multiplicity:1.04
0.604	0.091	0.129	0.176
0.233	0.155	0.081	0.531
0.586	0.139	0.145	0.130
0.027	0.055	0.038	0.880
0.029	0.070	0.871	0.030
0.937	0.019	0.035	0.009
0.035	0.749	0.153	0.063
0.089	0.026	0.041	0.844
>AACTGAAA	7-AACTGAAA	9.054326	-28.233462	0	T:1173.0(16.00%),B:1009.4(12.05%),P:1e-12	Tpos:208.8,Tstd:97.3,Bpos:477.3,Bstd:294.4,StrandBias:-0.1,Multiplicity:1.05
0.884	0.033	0.057	0.026
0.911	0.037	0.001	0.051
0.070	0.679	0.225	0.026
0.001	0.078	0.019	0.902
0.001	0.001	0.997	0.001
0.974	0.013	0.001	0.012
0.864	0.013	0.122	0.001
0.952	0.046	0.001	0.001
>WSTCATTT	8-WSTCATTT	7.737348	-13.339222	0	T:908.0(12.39%),B:840.9(10.04%),P:1e-5	Tpos:204.9,Tstd:97.2,Bpos:494.1,Bstd:301.0,StrandBias:-0.1,Multiplicity:1.07
0.465	0.001	0.039	0.496
0.001	0.299	0.445	0.255
0.001	0.044	0.025	0.930
0.033	0.827	0.139	0.001
0.906	0.001	0.092	0.001
0.019	0.274	0.216	0.490
0.221	0.001	0.002	0.776
0.280	0.001	0.081	0.638
>AAATGAGT	9-AAATGAGT	8.359353	-13.227921	0	T:497.0(6.78%),B:421.5(5.03%),P:1e-5	Tpos:214.7,Tstd:104.0,Bpos:494.7,Bstd:300.6,StrandBias:-0.0,Multiplicity:1.02
0.833	0.054	0.001	0.112
0.674	0.018	0.065	0.243
0.617	0.173	0.209	0.001
0.001	0.041	0.054	0.904
0.055	0.047	0.897	0.001
0.893	0.050	0.001	0.056
0.109	0.305	0.585	0.001
0.229	0.242	0.085	0.444
>TAACCRCV	10-TAACCRCV	6.751974	-7.716361	0	T:223.0(3.04%),B:183.6(2.19%),P:1e-3	Tpos:205.7,Tstd:94.4,Bpos:518.3,Bstd:322.7,StrandBias:-0.1,Multiplicity:1.01
0.230	0.205	0.094	0.472
0.742	0.001	0.114	0.143
0.572	0.168	0.259	0.001
0.009	0.781	0.035	0.175
0.091	0.583	0.167	0.159
0.464	0.022	0.391	0.124
0.029	0.874	0.073	0.024
0.353	0.246	0.217	0.185
>CTGTGGTT	11-CTGTGGTT	10.302292	-6.361675	0	T:394.0(5.38%),B:365.3(4.36%),P:1e-2	Tpos:197.0,Tstd:99.6,Bpos:534.0,Bstd:305.0,StrandBias:0.2,Multiplicity:1.03
0.083	0.751	0.057	0.109
0.082	0.034	0.010	0.874
0.001	0.027	0.939	0.033
0.078	0.017	0.030	0.875
0.023	0.007	0.969	0.001
0.001	0.001	0.997	0.001
0.001	0.077	0.025	0.897
0.025	0.001	0.001	0.973
>ASTGAAAG	12-ASTGAAAG	8.206165	-6.147086	0	T:971.0(13.25%),B:982.9(11.74%),P:1e-2	Tpos:205.8,Tstd:94.5,Bpos:508.0,Bstd:324.2,StrandBias:0.0,Multiplicity:1.10
0.723	0.014	0.001	0.262
0.196	0.352	0.346	0.106
0.088	0.088	0.019	0.805
0.001	0.001	0.997	0.001
0.997	0.001	0.001	0.001
0.956	0.001	0.042	0.001
0.997	0.001	0.001	0.001
0.102	0.288	0.496	0.114
>GTTTCCGA	13-GTTTCCGA	8.654705	-3.920731	0	T:47.0(0.64%),B:33.4(0.40%),P:1e-1	Tpos:189.4,Tstd:91.5,Bpos:419.3,Bstd:436.5,StrandBias:0.3,Multiplicity:1.00
0.092	0.115	0.767	0.026
0.057	0.164	0.096	0.683
0.022	0.036	0.031	0.911
0.086	0.052	0.053	0.809
0.048	0.900	0.022	0.030
0.123	0.630	0.110	0.137
0.088	0.075	0.803	0.034
0.498	0.150	0.220	0.132
>ASCGGAAG	14-ASCGGAAG	8.028796	-2.702047	0	T:259.0(3.53%),B:259.3(3.10%),P:1e-1	Tpos:211.1,Tstd:110.9,Bpos:509.5,Bstd:405.3,StrandBias:-0.4,Multiplicity:1.07
0.475	0.080	0.225	0.220
0.045	0.342	0.479	0.134
0.001	0.997	0.001	0.001
0.001	0.001	0.997	0.001
0.339	0.001	0.659	0.001
0.997	0.001	0.001	0.001
0.997	0.001	0.001	0.001
0.184	0.316	0.477	0.024
>CGGAAVTG	15-CGGAAVTG	7.023305	-2.441247	0	T:557.0(7.60%),B:588.7(7.03%),P:1e-1	Tpos:209.5,Tstd:111.6,Bpos:505.1,Bstd:577.4,StrandBias:0.1,Multiplicity:1.14
0.063	0.809	0.088	0.040
0.104	0.001	0.794	0.101
0.096	0.001	0.872	0.031
0.984	0.001	0.001	0.014
0.990	0.001	0.001	0.008
0.350	0.393	0.256	0.001
0.069	0.341	0.078	0.512
0.156	0.137	0.649	0.058
>GTGGTTAV	16-GTGGTTAV	8.397358	-2.258089	0	T:109.0(1.49%),B:105.0(1.25%),P:1e0	Tpos:206.8,Tstd:101.2,Bpos:493.8,Bstd:255.7,StrandBias:0.5,Multiplicity:1.03
0.001	0.001	0.997	0.001
0.074	0.103	0.001	0.822
0.226	0.001	0.772	0.001
0.001	0.034	0.964	0.001
0.001	0.001	0.001	0.997
0.291	0.081	0.001	0.627
0.485	0.153	0.186	0.177
0.241	0.366	0.234	0.159
>CRGTTTCW	17-CRGTTTCW	7.897730	-0.434721	0	T:390.0(5.32%),B:456.5(5.45%),P:1e0	Tpos:194.1,Tstd:87.4,Bpos:525.3,Bstd:256.6,StrandBias:0.1,Multiplicity:1.01
0.219	0.577	0.001	0.203
0.409	0.126	0.349	0.116
0.001	0.307	0.642	0.050
0.051	0.001	0.001	0.947
0.001	0.105	0.151	0.743
0.055	0.001	0.054	0.890
0.001	0.977	0.001	0.021
0.443	0.187	0.064	0.306
>NCTTCCGN	18-NCTTCCGN	5.147240	-0.128467	0	T:503.0(6.86%),B:614.1(7.33%),P:1e0	Tpos:210.6,Tstd:118.2,Bpos:529.4,Bstd:402.4,StrandBias:0.0,Multiplicity:1.07
0.264	0.228	0.329	0.180
0.127	0.491	0.182	0.199
0.105	0.129	0.106	0.660
0.139	0.154	0.095	0.612
0.111	0.563	0.161	0.165
0.127	0.587	0.138	0.148
0.131	0.149	0.585	0.135
0.275	0.278	0.208	0.239
>CKGAAASY	19-CKGAAASY	7.420663	-0.093370	0	T:54.0(0.74%),B:77.8(0.93%),P:1e0	Tpos:197.8,Tstd:141.1,Bpos:578.4,Bstd:702.7,StrandBias:-0.3,Multiplicity:1.00
0.188	0.539	0.132	0.141
0.140	0.101	0.396	0.362
0.052	0.001	0.902	0.045
0.860	0.050	0.001	0.089
0.982	0.001	0.016	0.001
0.769	0.028	0.133	0.070
0.118	0.474	0.346	0.062
0.116	0.285	0.169	0.430
>CCGAAACT	20-CCGAAACT	8.569520	-0.071585	0	T:87.0(1.19%),B:121.9(1.46%),P:1e0	Tpos:195.0,Tstd:105.3,Bpos:491.2,Bstd:427.5,StrandBias:0.3,Multiplicity:1.00
0.114	0.583	0.137	0.166
0.001	0.501	0.277	0.221
0.001	0.001	0.997	0.001
0.952	0.018	0.001	0.029
0.997	0.001	0.001	0.001
0.997	0.001	0.001	0.001
0.018	0.583	0.398	0.001
0.130	0.136	0.001	0.733
>ACTTCCYC	21-ACTTCCYC	9.333339	-0.068248	0	T:661.0(9.02%),B:813.8(9.72%),P:1e0	Tpos:211.3,Tstd:104.1,Bpos:512.5,Bstd:418.7,StrandBias:-0.1,Multiplicity:1.05
0.753	0.001	0.245	0.001
0.001	0.725	0.194	0.080
0.001	0.001	0.001	0.997
0.001	0.001	0.001	0.997
0.001	0.812	0.001	0.186
0.001	0.997	0.001	0.001
0.001	0.487	0.091	0.421
0.001	0.933	0.065	0.001
>TGAAAGCG	22-TGAAAGCG	8.706834	-0.013455	0	T:55.0(0.75%),B:90.6(1.08%),P:1e0	Tpos:230.4,Tstd:125.7,Bpos:571.0,Bstd:531.2,StrandBias:0.0,Multiplicity:1.00
0.078	0.086	0.116	0.720
0.054	0.045	0.816	0.085
0.848	0.041	0.059	0.052
0.817	0.091	0.076	0.016
0.903	0.038	0.044	0.015
0.146	0.143	0.664	0.047
0.111	0.564	0.122	0.203
0.091	0.099	0.670	0.140
>DTTCDGAN	23-DTTCDGAN	6.504455	-0.000001	0	T:251.0(3.42%),B:416.9(4.98%),P:1e0	Tpos:202.6,Tstd:133.0,Bpos:479.5,Bstd:294.4,StrandBias:0.4,Multiplicity:1.02
0.280	0.001	0.338	0.382
0.001	0.202	0.143	0.654
0.001	0.001	0.001	0.997
0.001	0.997	0.001	0.001
0.351	0.148	0.261	0.240
0.001	0.278	0.720	0.001
0.574	0.001	0.128	0.297
0.282	0.221	0.215	0.283
>TGTGAAAA	24-TGTGAAAA	6.602960	-0.000000	0	T:2347.0(32.02%),B:3579.9(42.75%),P:1e0	Tpos:207.5,Tstd:115.8,Bpos:499.7,Bstd:316.7,StrandBias:0.1,Multiplicity:1.24
0.057	0.009	0.038	0.896
0.001	0.067	0.931	0.001
0.103	0.001	0.001	0.895
0.001	0.001	0.965	0.033
0.946	0.020	0.001	0.033
0.881	0.053	0.065	0.001
0.966	0.032	0.001	0.001
0.556	0.209	0.148	0.087
>KCAGTTTC	25-KCAGTTTC	6.971482	-0.000000	0	T:1858.0(25.35%),B:2905.3(34.69%),P:1e0	Tpos:206.9,Tstd:110.3,Bpos:509.4,Bstd:400.3,StrandBias:-0.1,Multiplicity:1.16
0.075	0.220	0.301	0.404
0.080	0.640	0.001	0.279
0.545	0.001	0.312	0.142
0.001	0.303	0.502	0.194
0.001	0.001	0.001	0.997
0.001	0.001	0.001	0.997
0.028	0.192	0.144	0.636
0.001	0.941	0.057	0.001
