>NNDATGASTCAT	1-NNDATGASTCAT	8.016529	-846.989722	0	T:2273.0(31.01%),B:538.8(6.43%),P:1e-367	Tpos:205.0,Tstd:56.3,Bpos:496.0,Bstd:291.4,StrandBias:0.0,Multiplicity:1.11
0.277	0.201	0.286	0.236
0.306	0.189	0.214	0.291
0.280	0.115	0.269	0.336
0.422	0.243	0.195	0.140
0.016	0.001	0.001	0.982
0.016	0.038	0.722	0.224
0.984	0.002	0.004	0.010
0.065	0.450	0.408	0.077
0.039	0.001	0.012	0.948
0.194	0.747	0.040	0.019
0.928	0.007	0.001	0.064
0.165	0.190	0.181	0.464
>RTGACGTCAYCN	2-RTGACGTCAYCN	9.658450	-204.907664	0	T:455.0(6.21%),B:62.8(0.75%),P:1e-88	Tpos:205.0,Tstd:51.7,Bpos:515.3,Bstd:407.7,StrandBias:0.0,Multiplicity:1.07
0.386	0.161	0.425	0.028
0.032	0.012	0.016	0.940
0.004	0.040	0.908	0.048
0.948	0.004	0.040	0.008
0.036	0.746	0.087	0.131
0.090	0.091	0.748	0.071
0.008	0.044	0.008	0.940
0.016	0.932	0.044	0.008
0.916	0.016	0.044	0.024
0.016	0.463	0.151	0.370
0.123	0.532	0.182	0.163
0.220	0.246	0.341	0.193
>TSAWANTGAAAS	3-TSAWANTGAAAS	9.826423	-162.716195	0	T:677.0(9.24%),B:225.5(2.69%),P:1e-70	Tpos:201.5,Tstd:65.3,Bpos:496.9,Bstd:283.1,StrandBias:-0.1,Multiplicity:1.06
0.135	0.038	0.109	0.718
0.170	0.452	0.349	0.030
0.997	0.001	0.001	0.001
0.424	0.024	0.122	0.430
0.545	0.050	0.050	0.355
0.301	0.327	0.193	0.179
0.136	0.056	0.042	0.766
0.001	0.001	0.997	0.001
0.997	0.001	0.001	0.001
0.761	0.001	0.237	0.001
0.888	0.001	0.001	0.110
0.172	0.429	0.339	0.061
>VTGABTCAYTTY	4-VTGABTCAYTTY	10.151745	-142.009739	0	T:264.0(3.60%),B:22.6(0.27%),P:1e-61	Tpos:201.5,Tstd:88.5,Bpos:564.2,Bstd:190.0,StrandBias:-0.1,Multiplicity:1.00
0.356	0.372	0.251	0.021
0.285	0.001	0.001	0.713
0.082	0.185	0.526	0.207
0.670	0.001	0.001	0.328
0.074	0.231	0.334	0.361
0.001	0.001	0.001	0.997
0.189	0.804	0.006	0.001
0.997	0.001	0.001	0.001
0.001	0.374	0.211	0.414
0.305	0.001	0.001	0.693
0.001	0.001	0.198	0.800
0.056	0.405	0.170	0.368
>YAGTCATTTCWR	5-YAGTCATTTCWR	10.338158	-86.554903	0	T:339.0(4.63%),B:105.0(1.25%),P:1e-37	Tpos:213.9,Tstd:66.6,Bpos:518.7,Bstd:309.7,StrandBias:-0.2,Multiplicity:1.01
0.189	0.229	0.211	0.371
0.860	0.057	0.023	0.060
0.198	0.275	0.469	0.057
0.027	0.039	0.018	0.916
0.055	0.883	0.031	0.031
0.992	0.006	0.001	0.001
0.032	0.052	0.018	0.898
0.190	0.060	0.021	0.729
0.113	0.058	0.035	0.794
0.046	0.826	0.079	0.049
0.400	0.128	0.018	0.454
0.307	0.177	0.359	0.157
>NDSTGASTCASN	6-NDSTGASTCASN	8.489140	-81.037416	0	T:547.0(7.46%),B:258.6(3.09%),P:1e-35	Tpos:199.8,Tstd:67.0,Bpos:444.7,Bstd:337.1,StrandBias:0.0,Multiplicity:1.01
0.232	0.225	0.257	0.285
0.226	0.133	0.308	0.334
0.045	0.347	0.397	0.211
0.056	0.025	0.049	0.870
0.048	0.070	0.818	0.064
0.832	0.052	0.055	0.061
0.041	0.471	0.385	0.104
0.067	0.056	0.103	0.774
0.029	0.864	0.044	0.063
0.794	0.045	0.102	0.059
0.231	0.342	0.387	0.040
0.313	0.308	0.205	0.174
>NAGGAASTGAAA	7-NAGGAASTGAAA	10.349250	-78.582811	0	T:567.0(7.74%),B:278.8(3.33%),P:1e-34	Tpos:207.2,Tstd:87.3,Bpos:509.7,Bstd:285.9,StrandBias:-0.2,Multiplicity:1.03
0.271	0.229	0.301	0.199
0.562	0.017	0.301	0.120
0.260	0.001	0.723	0.016
0.209	0.028	0.762	0.001
0.995	0.001	0.001	0.003
0.931	0.001	0.001	0.067
0.129	0.354	0.495	0.021
0.041	0.042	0.001	0.916
0.001	0.001	0.997	0.001
0.774	0.017	0.208	0.001
0.580	0.171	0.231	0.018
0.820	0.034	0.001	0.145
>AGTCATTCTGAG	8-AGTCATTCTGAG	10.248743	-61.534101	0	T:300.0(4.09%),B:113.9(1.36%),P:1e-26	Tpos:211.5,Tstd:87.9,Bpos:477.5,Bstd:313.8,StrandBias:0.0,Multiplicity:1.01
0.792	0.001	0.034	0.173
0.013	0.098	0.773	0.116
0.001	0.001	0.035	0.963
0.113	0.858	0.019	0.010
0.896	0.001	0.001	0.102
0.001	0.056	0.039	0.904
0.148	0.038	0.037	0.777
0.057	0.533	0.143	0.267
0.277	0.012	0.001	0.710
0.013	0.163	0.764	0.060
0.826	0.001	0.111	0.062
0.298	0.044	0.546	0.112
>TGACTCAAATCA	9-TGACTCAAATCA	9.459648	-52.408069	0	T:168.0(2.29%),B:42.0(0.50%),P:1e-22	Tpos:214.7,Tstd:59.5,Bpos:574.5,Bstd:335.3,StrandBias:0.5,Multiplicity:1.01
0.086	0.035	0.058	0.821
0.084	0.082	0.731	0.103
0.765	0.091	0.063	0.081
0.089	0.718	0.098	0.095
0.082	0.072	0.049	0.797
0.098	0.719	0.106	0.077
0.846	0.057	0.030	0.067
0.715	0.094	0.101	0.090
0.758	0.085	0.081	0.076
0.121	0.114	0.099	0.666
0.080	0.711	0.112	0.097
0.752	0.081	0.053	0.114
>CACTTCCTCTTT	10-CACTTCCTCTTT	10.628629	-50.813994	0	T:293.0(4.00%),B:125.7(1.50%),P:1e-22	Tpos:213.3,Tstd:97.8,Bpos:512.1,Bstd:273.8,StrandBias:-0.1,Multiplicity:1.01
0.134	0.524	0.173	0.169
0.798	0.015	0.129	0.058
0.008	0.647	0.174	0.171
0.031	0.010	0.001	0.958
0.001	0.001	0.006	0.992
0.001	0.737	0.019	0.243
0.052	0.863	0.001	0.084
0.112	0.195	0.117	0.576
0.015	0.512	0.249	0.224
0.124	0.081	0.001	0.794
0.014	0.085	0.043	0.858
0.022	0.293	0.036	0.649
>GTGGTACGGCCC	11-GTGGTACGGCCC	10.477057	-46.495570	0	T:73.0(1.00%),B:3.7(0.04%),P:1e-20	Tpos:207.6,Tstd:93.3,Bpos:595.7,Bstd:262.0,StrandBias:0.5,Multiplicity:1.08
0.077	0.028	0.797	0.098
0.028	0.042	0.042	0.888
0.014	0.007	0.951	0.028
0.035	0.021	0.895	0.049
0.059	0.053	0.077	0.811
0.721	0.084	0.098	0.097
0.018	0.884	0.049	0.049
0.181	0.097	0.666	0.056
0.042	0.042	0.832	0.084
0.028	0.805	0.049	0.118
0.014	0.930	0.028	0.028
0.056	0.822	0.059	0.063
>GAAACTGAAACT	12-GAAACTGAAACT	9.684466	-35.677407	0	T:234.0(3.19%),B:109.8(1.31%),P:1e-15	Tpos:198.0,Tstd:91.7,Bpos:492.4,Bstd:277.9,StrandBias:-0.1,Multiplicity:1.02
0.127	0.089	0.705	0.079
0.749	0.073	0.106	0.072
0.790	0.076	0.068	0.066
0.776	0.060	0.076	0.088
0.109	0.655	0.145	0.091
0.121	0.076	0.071	0.732
0.093	0.074	0.773	0.060
0.796	0.066	0.080	0.058
0.785	0.065	0.086	0.064
0.816	0.057	0.065	0.062
0.091	0.697	0.115	0.097
0.097	0.126	0.048	0.729
>ASTTTCWSTTTT	13-ASTTTCWSTTTT	10.189482	-15.824457	0	T:409.0(5.58%),B:321.5(3.84%),P:1e-6	Tpos:205.1,Tstd:107.8,Bpos:506.3,Bstd:304.5,StrandBias:-0.2,Multiplicity:1.03
0.631	0.001	0.367	0.001
0.001	0.476	0.410	0.113
0.001	0.001	0.001	0.997
0.001	0.001	0.001	0.997
0.002	0.379	0.061	0.558
0.001	0.997	0.001	0.001
0.361	0.231	0.001	0.407
0.156	0.399	0.256	0.189
0.299	0.214	0.001	0.486
0.001	0.001	0.053	0.945
0.001	0.380	0.001	0.618
0.001	0.406	0.001	0.592
>AGAGAACTGAAA	14-AGAGAACTGAAA	9.177602	-12.575474	0	T:29.0(0.40%),B:5.2(0.06%),P:1e-5	Tpos:231.7,Tstd:83.3,Bpos:628.5,Bstd:178.1,StrandBias:0.2,Multiplicity:1.04
0.545	0.036	0.169	0.250
0.149	0.164	0.545	0.142
0.616	0.050	0.160	0.174
0.188	0.135	0.535	0.142
0.629	0.163	0.106	0.102
0.603	0.076	0.156	0.165
0.178	0.540	0.154	0.128
0.209	0.082	0.084	0.625
0.126	0.140	0.627	0.107
0.580	0.142	0.149	0.129
0.569	0.129	0.182	0.120
0.485	0.174	0.173	0.167
>GTTTCACTTCTG	15-GTTTCACTTCTG	10.097798	-12.275331	0	T:89.0(1.21%),B:46.6(0.56%),P:1e-5	Tpos:208.5,Tstd:93.9,Bpos:537.4,Bstd:299.0,StrandBias:-0.2,Multiplicity:1.03
0.124	0.150	0.548	0.178
0.133	0.139	0.009	0.719
0.067	0.136	0.133	0.664
0.088	0.117	0.033	0.762
0.100	0.749	0.113	0.038
0.668	0.127	0.043	0.162
0.112	0.590	0.139	0.159
0.148	0.137	0.012	0.703
0.100	0.022	0.136	0.742
0.085	0.600	0.112	0.203
0.159	0.121	0.031	0.689
0.133	0.143	0.557	0.167
>GCGCATGCGCAG	16-GCGCATGCGCAG	10.141339	-11.808841	0	T:248.0(3.38%),B:187.4(2.24%),P:1e-5	Tpos:219.4,Tstd:114.8,Bpos:481.6,Bstd:624.3,StrandBias:0.0,Multiplicity:1.16
0.078	0.018	0.890	0.014
0.055	0.860	0.041	0.044
0.037	0.022	0.916	0.025
0.022	0.893	0.078	0.007
0.665	0.173	0.112	0.050
0.044	0.074	0.189	0.693
0.004	0.060	0.925	0.011
0.018	0.926	0.027	0.029
0.041	0.036	0.877	0.046
0.011	0.918	0.039	0.032
0.693	0.121	0.108	0.078
0.052	0.153	0.743	0.052
>GGGRHTTYCCCH	17-GGGRHTTYCCCH	10.670139	-11.196217	0	T:34.0(0.46%),B:9.6(0.12%),P:1e-4	Tpos:195.1,Tstd:93.9,Bpos:515.3,Bstd:253.9,StrandBias:0.6,Multiplicity:1.21
0.074	0.037	0.633	0.256
0.001	0.001	0.961	0.037
0.071	0.143	0.600	0.186
0.491	0.093	0.389	0.027
0.254	0.339	0.182	0.225
0.175	0.082	0.002	0.741
0.001	0.031	0.123	0.845
0.001	0.455	0.024	0.520
0.001	0.997	0.001	0.001
0.021	0.880	0.001	0.098
0.182	0.642	0.001	0.175
0.273	0.347	0.104	0.275
>CRCTTCCKGYBB	18-CRCTTCCKGYBB	9.566883	-9.475320	0	T:247.0(3.37%),B:197.4(2.36%),P:1e-4	Tpos:209.3,Tstd:100.0,Bpos:483.2,Bstd:318.8,StrandBias:-0.4,Multiplicity:1.05
0.197	0.403	0.211	0.189
0.440	0.216	0.338	0.007
0.001	0.880	0.001	0.118
0.001	0.001	0.001	0.997
0.001	0.001	0.001	0.997
0.001	0.997	0.001	0.001
0.001	0.997	0.001	0.001
0.001	0.092	0.397	0.510
0.003	0.391	0.603	0.003
0.157	0.330	0.167	0.346
0.100	0.321	0.290	0.288
0.148	0.357	0.245	0.250
>SCGGAAGCGACN	19-SCGGAAGCGACN	8.543036	-8.900819	0	T:19.0(0.26%),B:3.4(0.04%),P:1e-3	Tpos:209.1,Tstd:80.8,Bpos:407.9,Bstd:291.2,StrandBias:2.1,Multiplicity:1.00
0.190	0.365	0.263	0.182
0.135	0.605	0.144	0.116
0.134	0.108	0.641	0.117
0.108	0.116	0.698	0.078
0.608	0.160	0.141	0.091
0.638	0.112	0.160	0.090
0.111	0.116	0.699	0.074
0.120	0.614	0.134	0.132
0.120	0.155	0.623	0.102
0.553	0.164	0.173	0.110
0.118	0.631	0.155	0.096
0.219	0.239	0.325	0.217
>VSGGGGCGGANN	20-VSGGGGCGGANN	7.047848	-8.888732	0	T:98.0(1.34%),B:62.8(0.75%),P:1e-3	Tpos:202.7,Tstd:121.3,Bpos:606.4,Bstd:765.2,StrandBias:0.1,Multiplicity:1.06
0.362	0.218	0.238	0.183
0.185	0.373	0.243	0.200
0.113	0.195	0.572	0.120
0.148	0.173	0.527	0.152
0.126	0.187	0.513	0.174
0.191	0.130	0.508	0.171
0.077	0.753	0.055	0.115
0.093	0.142	0.687	0.078
0.156	0.111	0.526	0.207
0.620	0.164	0.082	0.134
0.254	0.264	0.248	0.233
0.238	0.312	0.235	0.215
>NCGGAAATGACN	21-NCGGAAATGACN	11.409253	-8.537980	0	T:14.0(0.19%),B:1.2(0.01%),P:1e-3	Tpos:215.6,Tstd:70.4,Bpos:696.5,Bstd:206.2,StrandBias:-0.3,Multiplicity:1.00
0.263	0.245	0.296	0.195
0.100	0.718	0.107	0.075
0.152	0.046	0.688	0.114
0.075	0.032	0.868	0.025
0.876	0.061	0.043	0.020
0.847	0.047	0.081	0.025
0.783	0.071	0.122	0.024
0.056	0.040	0.067	0.837
0.056	0.064	0.829	0.051
0.778	0.071	0.102	0.049
0.089	0.738	0.098	0.075
0.252	0.210	0.221	0.317
>GGGGCGGGGCCD	22-GGGGCGGGGCCD	11.706248	-8.255825	0	T:148.0(2.02%),B:109.4(1.31%),P:1e-3	Tpos:205.1,Tstd:118.5,Bpos:373.3,Bstd:427.9,StrandBias:0.3,Multiplicity:1.09
0.295	0.001	0.703	0.001
0.287	0.053	0.659	0.001
0.001	0.001	0.997	0.001
0.001	0.001	0.997	0.001
0.001	0.997	0.001	0.001
0.001	0.001	0.997	0.001
0.001	0.001	0.748	0.250
0.314	0.001	0.684	0.001
0.187	0.215	0.502	0.096
0.182	0.573	0.001	0.244
0.203	0.475	0.001	0.321
0.253	0.181	0.340	0.226
>VGCCCCGCCTTS	23-VGCCCCGCCTTS	11.419984	-6.553089	0	T:69.0(0.94%),B:44.8(0.54%),P:1e-2	Tpos:217.3,Tstd:123.5,Bpos:588.8,Bstd:293.1,StrandBias:-0.3,Multiplicity:1.01
0.263	0.245	0.347	0.145
0.036	0.038	0.891	0.035
0.017	0.923	0.026	0.034
0.029	0.896	0.023	0.052
0.017	0.886	0.065	0.032
0.028	0.916	0.022	0.034
0.034	0.013	0.926	0.027
0.013	0.951	0.017	0.019
0.010	0.962	0.013	0.015
0.019	0.141	0.010	0.830
0.029	0.094	0.058	0.819
0.091	0.362	0.353	0.194
>CVGCCCCGCCCC	24-CVGCCCCGCCCC	12.440289	-3.434918	0	T:62.0(0.85%),B:49.9(0.60%),P:1e-1	Tpos:245.8,Tstd:116.6,Bpos:683.7,Bstd:624.2,StrandBias:-0.0,Multiplicity:1.08
0.194	0.400	0.225	0.181
0.224	0.290	0.358	0.128
0.125	0.001	0.678	0.196
0.004	0.677	0.126	0.193
0.041	0.757	0.001	0.201
0.065	0.910	0.006	0.019
0.008	0.990	0.001	0.001
0.093	0.001	0.905	0.001
0.001	0.997	0.001	0.001
0.001	0.997	0.001	0.001
0.029	0.709	0.001	0.261
0.159	0.527	0.090	0.224
>CGCCCCCTGGBG	25-CGCCCCCTGGBG	12.583919	-3.252740	0	T:29.0(0.40%),B:19.8(0.24%),P:1e-1	Tpos:243.1,Tstd:82.3,Bpos:413.1,Bstd:272.5,StrandBias:0.5,Multiplicity:1.10
0.001	0.639	0.083	0.277
0.001	0.001	0.959	0.039
0.001	0.702	0.175	0.122
0.049	0.861	0.001	0.089
0.150	0.659	0.190	0.001
0.001	0.692	0.001	0.306
0.001	0.943	0.001	0.055
0.176	0.001	0.001	0.822
0.132	0.001	0.760	0.107
0.001	0.315	0.683	0.001
0.152	0.268	0.307	0.272
0.043	0.001	0.955	0.001
