>ATGASTCATH	1-ATGASTCATH	7.576855	-836.572857	0	T:2936.0(40.06%),B:1013.5(12.10%),P:1e-363	Tpos:204.1,Tstd:60.7,Bpos:500.7,Bstd:305.5,StrandBias:0.0,Multiplicity:1.16
0.517	0.198	0.178	0.107
0.001	0.001	0.001	0.997
0.001	0.001	0.864	0.134
0.997	0.001	0.001	0.001
0.046	0.513	0.390	0.051
0.001	0.001	0.001	0.997
0.123	0.875	0.001	0.001
0.997	0.001	0.001	0.001
0.101	0.172	0.196	0.531
0.298	0.356	0.124	0.221
>TGASTCANHN	2-TGASTCANHN	6.668334	-700.093400	0	T:2779.0(37.92%),B:1051.0(12.55%),P:1e-304	Tpos:211.1,Tstd:80.2,Bpos:477.3,Bstd:428.6,StrandBias:0.2,Multiplicity:1.04
0.001	0.085	0.066	0.848
0.025	0.117	0.526	0.332
0.771	0.069	0.058	0.102
0.134	0.338	0.423	0.104
0.107	0.072	0.066	0.755
0.289	0.582	0.079	0.050
0.812	0.054	0.067	0.067
0.190	0.240	0.279	0.291
0.360	0.266	0.033	0.341
0.296	0.261	0.166	0.277
>GRTGACGTCA	3-GRTGACGTCA	8.736431	-212.057747	0	T:430.0(5.87%),B:47.1(0.56%),P:1e-92	Tpos:205.3,Tstd:48.1,Bpos:484.9,Bstd:435.5,StrandBias:-0.0,Multiplicity:1.06
0.265	0.112	0.566	0.057
0.382	0.156	0.421	0.041
0.026	0.092	0.041	0.841
0.002	0.083	0.674	0.241
0.851	0.001	0.100	0.048
0.010	0.879	0.040	0.071
0.087	0.080	0.798	0.035
0.035	0.142	0.036	0.787
0.222	0.658	0.105	0.015
0.792	0.001	0.124	0.083
>ATGACGTCAC	4-ATGACGTCAC	8.364526	-148.233622	0	T:624.0(8.51%),B:209.8(2.51%),P:1e-64	Tpos:203.6,Tstd:73.1,Bpos:521.0,Bstd:339.7,StrandBias:0.0,Multiplicity:1.04
0.719	0.112	0.122	0.047
0.052	0.033	0.031	0.884
0.045	0.039	0.837	0.079
0.839	0.025	0.069	0.067
0.048	0.707	0.079	0.166
0.102	0.109	0.686	0.103
0.044	0.042	0.028	0.886
0.060	0.833	0.081	0.026
0.866	0.052	0.047	0.035
0.040	0.744	0.090	0.126
>BASTCATWTB	5-BASTCATWTB	7.383868	-145.551654	0	T:432.0(5.89%),B:97.1(1.16%),P:1e-63	Tpos:213.5,Tstd:55.1,Bpos:495.4,Bstd:275.7,StrandBias:-0.0,Multiplicity:1.02
0.138	0.253	0.315	0.293
0.613	0.119	0.001	0.267
0.083	0.376	0.457	0.084
0.107	0.001	0.010	0.882
0.068	0.841	0.079	0.012
0.909	0.004	0.004	0.083
0.167	0.197	0.197	0.439
0.346	0.147	0.080	0.428
0.278	0.140	0.096	0.487
0.121	0.375	0.244	0.260
>AGTTTCAGTT	6-AGTTTCAGTT	8.175715	-77.792784	0	T:625.0(8.53%),B:325.0(3.88%),P:1e-33	Tpos:207.1,Tstd:86.1,Bpos:489.4,Bstd:297.0,StrandBias:-0.0,Multiplicity:1.04
0.534	0.130	0.215	0.121
0.087	0.286	0.536	0.091
0.072	0.024	0.012	0.892
0.027	0.126	0.103	0.744
0.065	0.085	0.086	0.764
0.034	0.879	0.022	0.065
0.649	0.079	0.154	0.118
0.091	0.275	0.471	0.163
0.144	0.075	0.035	0.746
0.163	0.130	0.104	0.603
>GTTTCABTTY	7-GTTTCABTTY	9.495872	-62.890137	0	T:362.0(4.94%),B:154.8(1.85%),P:1e-27	Tpos:221.9,Tstd:86.9,Bpos:524.5,Bstd:255.8,StrandBias:-0.3,Multiplicity:1.00
0.027	0.236	0.535	0.202
0.137	0.033	0.001	0.829
0.033	0.162	0.127	0.678
0.097	0.052	0.028	0.823
0.005	0.993	0.001	0.001
0.840	0.014	0.066	0.080
0.067	0.309	0.355	0.269
0.279	0.017	0.001	0.703
0.182	0.036	0.062	0.720
0.002	0.527	0.078	0.393
>BTCAWAATGA	8-BTCAWAATGA	9.486157	-51.321597	0	T:415.0(5.66%),B:216.8(2.59%),P:1e-22	Tpos:207.7,Tstd:78.5,Bpos:523.0,Bstd:301.3,StrandBias:-0.2,Multiplicity:1.03
0.001	0.305	0.339	0.356
0.001	0.001	0.022	0.976
0.072	0.697	0.200	0.031
0.844	0.001	0.011	0.144
0.415	0.054	0.243	0.288
0.746	0.001	0.001	0.252
0.626	0.150	0.149	0.075
0.001	0.083	0.001	0.915
0.001	0.056	0.798	0.145
0.866	0.070	0.001	0.063
>AGTCATAWYD	9-AGTCATAWYD	7.886245	-42.324007	0	T:372.0(5.08%),B:202.9(2.42%),P:1e-18	Tpos:206.3,Tstd:80.3,Bpos:518.4,Bstd:273.0,StrandBias:0.1,Multiplicity:1.02
0.997	0.001	0.001	0.001
0.001	0.324	0.597	0.078
0.001	0.001	0.001	0.997
0.100	0.898	0.001	0.001
0.997	0.001	0.001	0.001
0.238	0.157	0.205	0.400
0.505	0.266	0.001	0.228
0.278	0.174	0.175	0.373
0.107	0.365	0.190	0.338
0.286	0.097	0.356	0.261
>WKTCAYTTYC	10-WKTCAYTTYC	7.868445	-41.895233	0	T:1349.0(18.41%),B:1111.7(13.27%),P:1e-18	Tpos:207.5,Tstd:95.0,Bpos:492.0,Bstd:295.6,StrandBias:0.0,Multiplicity:1.12
0.424	0.090	0.060	0.426
0.109	0.164	0.397	0.330
0.059	0.109	0.061	0.771
0.043	0.955	0.001	0.001
0.787	0.001	0.177	0.035
0.001	0.292	0.277	0.430
0.036	0.001	0.001	0.962
0.053	0.001	0.001	0.945
0.094	0.441	0.112	0.352
0.108	0.557	0.162	0.173
>RGTCACGTSA	11-RGTCACGTSA	7.803892	-31.361528	0	T:274.0(3.74%),B:149.9(1.79%),P:1e-13	Tpos:201.9,Tstd:121.4,Bpos:499.7,Bstd:347.8,StrandBias:-0.2,Multiplicity:1.05
0.318	0.163	0.409	0.110
0.006	0.229	0.757	0.008
0.001	0.357	0.044	0.598
0.001	0.660	0.338	0.001
0.851	0.001	0.147	0.001
0.002	0.741	0.001	0.256
0.196	0.019	0.628	0.157
0.001	0.349	0.071	0.579
0.140	0.379	0.472	0.009
0.491	0.262	0.203	0.043
>CCGGAAGTGV	12-CCGGAAGTGV	8.496481	-26.590464	0	T:466.0(6.36%),B:329.6(3.94%),P:1e-11	Tpos:210.2,Tstd:108.6,Bpos:495.3,Bstd:393.9,StrandBias:-0.0,Multiplicity:1.08
0.192	0.534	0.256	0.018
0.192	0.786	0.001	0.021
0.001	0.001	0.902	0.096
0.049	0.001	0.931	0.019
0.898	0.079	0.001	0.022
0.872	0.001	0.057	0.070
0.339	0.001	0.659	0.001
0.231	0.203	0.020	0.546
0.170	0.001	0.647	0.182
0.339	0.234	0.334	0.093
>RSTTCCKSYB	13-RSTTCCKSYB	6.276871	-19.095616	0	T:510.0(6.96%),B:402.1(4.80%),P:1e-8	Tpos:212.0,Tstd:105.9,Bpos:507.3,Bstd:289.5,StrandBias:-0.1,Multiplicity:1.04
0.464	0.073	0.398	0.065
0.001	0.428	0.352	0.219
0.121	0.001	0.001	0.877
0.001	0.001	0.054	0.944
0.092	0.511	0.053	0.344
0.122	0.639	0.002	0.237
0.118	0.225	0.392	0.266
0.148	0.361	0.329	0.162
0.205	0.256	0.172	0.368
0.194	0.208	0.252	0.347
>AGTCATWTYD	14-AGTCATWTYD	8.507708	-16.561666	0	T:138.0(1.88%),B:75.4(0.90%),P:1e-7	Tpos:223.5,Tstd:76.2,Bpos:360.5,Bstd:239.3,StrandBias:0.4,Multiplicity:1.00
0.625	0.214	0.035	0.126
0.056	0.298	0.549	0.097
0.001	0.001	0.001	0.997
0.001	0.997	0.001	0.001
0.997	0.001	0.001	0.001
0.157	0.290	0.001	0.552
0.449	0.144	0.001	0.406
0.220	0.119	0.187	0.474
0.103	0.354	0.187	0.356
0.334	0.001	0.407	0.258
>VVTTCTGAAA	15-VVTTCTGAAA	8.297633	-15.131220	0	T:98.0(1.34%),B:47.1(0.56%),P:1e-6	Tpos:210.6,Tstd:106.4,Bpos:469.6,Bstd:266.5,StrandBias:-0.1,Multiplicity:1.00
0.308	0.366	0.324	0.001
0.346	0.271	0.201	0.183
0.001	0.415	0.001	0.583
0.262	0.037	0.001	0.700
0.122	0.405	0.250	0.223
0.333	0.001	0.061	0.605
0.018	0.001	0.980	0.001
0.852	0.073	0.001	0.074
0.586	0.157	0.256	0.001
0.698	0.014	0.001	0.287
>GGAAAGYMCC	16-GGAAAGYMCC	8.613173	-14.358311	0	T:173.0(2.36%),B:110.9(1.32%),P:1e-6	Tpos:209.0,Tstd:104.9,Bpos:520.0,Bstd:235.6,StrandBias:0.1,Multiplicity:1.04
0.201	0.131	0.481	0.188
0.219	0.039	0.730	0.012
0.698	0.038	0.263	0.001
0.980	0.009	0.004	0.007
0.908	0.001	0.001	0.090
0.234	0.230	0.400	0.136
0.001	0.492	0.096	0.410
0.333	0.447	0.142	0.078
0.248	0.698	0.053	0.001
0.050	0.804	0.051	0.095
>HAGTTTCASW	17-HAGTTTCASW	8.090923	-14.084782	0	T:139.0(1.90%),B:82.5(0.99%),P:1e-6	Tpos:189.2,Tstd:85.7,Bpos:549.3,Bstd:263.9,StrandBias:-0.2,Multiplicity:1.00
0.319	0.357	0.059	0.266
0.456	0.034	0.272	0.237
0.017	0.316	0.498	0.170
0.060	0.058	0.034	0.848
0.038	0.142	0.168	0.652
0.050	0.028	0.021	0.901
0.045	0.767	0.149	0.039
0.649	0.049	0.044	0.258
0.145	0.324	0.372	0.159
0.341	0.108	0.073	0.478
>NNBTGTGGTT	18-NNBTGTGGTT	8.646780	-12.339979	0	T:423.0(5.77%),B:353.2(4.22%),P:1e-5	Tpos:209.1,Tstd:106.5,Bpos:516.9,Bstd:316.4,StrandBias:0.2,Multiplicity:1.04
0.254	0.204	0.339	0.202
0.226	0.296	0.237	0.241
0.147	0.301	0.211	0.341
0.001	0.001	0.209	0.789
0.001	0.095	0.803	0.101
0.001	0.001	0.010	0.988
0.103	0.001	0.895	0.001
0.001	0.001	0.997	0.001
0.001	0.170	0.087	0.742
0.008	0.185	0.049	0.758
>TCTGTGGTTW	19-TCTGTGGTTW	9.460444	-11.167647	0	T:190.0(2.59%),B:136.4(1.63%),P:1e-4	Tpos:193.8,Tstd:94.5,Bpos:488.7,Bstd:277.7,StrandBias:0.4,Multiplicity:1.01
0.205	0.226	0.154	0.415
0.233	0.478	0.046	0.243
0.255	0.001	0.032	0.712
0.001	0.001	0.997	0.001
0.243	0.001	0.001	0.755
0.014	0.001	0.984	0.001
0.001	0.025	0.955	0.019
0.001	0.037	0.001	0.961
0.110	0.103	0.001	0.786
0.386	0.175	0.141	0.298
>CGCATGCGCA	20-CGCATGCGCA	9.925114	-11.058388	0	T:154.0(2.10%),B:104.2(1.24%),P:1e-4	Tpos:202.4,Tstd:111.3,Bpos:515.4,Bstd:414.1,StrandBias:0.1,Multiplicity:1.12
0.107	0.813	0.010	0.070
0.096	0.001	0.869	0.034
0.057	0.797	0.145	0.001
0.669	0.168	0.096	0.067
0.076	0.046	0.145	0.733
0.008	0.142	0.849	0.001
0.001	0.962	0.036	0.001
0.001	0.001	0.922	0.076
0.034	0.768	0.060	0.138
0.617	0.125	0.163	0.095
>GGACTTTCCC	21-GGACTTTCCC	7.877120	-9.098043	0	T:116.0(1.58%),B:77.8(0.93%),P:1e-3	Tpos:223.5,Tstd:103.4,Bpos:514.4,Bstd:319.7,StrandBias:0.3,Multiplicity:1.01
0.055	0.162	0.583	0.200
0.136	0.189	0.458	0.216
0.612	0.071	0.256	0.061
0.247	0.444	0.165	0.145
0.116	0.138	0.071	0.675
0.047	0.086	0.177	0.690
0.057	0.277	0.072	0.594
0.065	0.751	0.085	0.099
0.194	0.577	0.074	0.155
0.052	0.691	0.149	0.108
>CTTCCCCTTT	22-CTTCCCCTTT	10.467735	-4.411093	0	T:237.0(3.23%),B:219.1(2.62%),P:1e-1	Tpos:202.0,Tstd:108.2,Bpos:500.2,Bstd:273.1,StrandBias:-0.2,Multiplicity:1.01
0.060	0.824	0.074	0.042
0.017	0.037	0.008	0.938
0.011	0.015	0.025	0.949
0.001	0.923	0.025	0.051
0.001	0.993	0.005	0.001
0.039	0.859	0.008	0.094
0.001	0.895	0.029	0.075
0.096	0.068	0.016	0.820
0.008	0.016	0.011	0.965
0.022	0.034	0.031	0.913
>CASTTYCNBH	23-CASTTYCNBH	6.293454	-0.829611	0	T:31.0(0.42%),B:33.2(0.40%),P:1e0	Tpos:159.6,Tstd:91.7,Bpos:472.1,Bstd:249.2,StrandBias:-0.2,Multiplicity:1.00
0.223	0.388	0.183	0.206
0.519	0.135	0.263	0.083
0.001	0.459	0.351	0.190
0.176	0.065	0.019	0.740
0.008	0.001	0.076	0.915
0.109	0.361	0.165	0.365
0.021	0.704	0.038	0.237
0.238	0.196	0.264	0.301
0.152	0.314	0.323	0.211
0.275	0.244	0.152	0.330
>GCCCCGCCCC	24-GCCCCGCCCC	9.924032	-0.070186	0	T:714.0(9.74%),B:876.0(10.46%),P:1e0	Tpos:217.9,Tstd:118.6,Bpos:524.6,Bstd:764.9,StrandBias:-0.2,Multiplicity:1.42
0.178	0.001	0.548	0.273
0.023	0.571	0.156	0.250
0.001	0.881	0.001	0.117
0.141	0.857	0.001	0.001
0.001	0.997	0.001	0.001
0.001	0.167	0.831	0.001
0.001	0.997	0.001	0.001
0.001	0.997	0.001	0.001
0.001	0.997	0.001	0.001
0.309	0.497	0.001	0.192
>GGCGGGGCGG	25-GGCGGGGCGG	13.013256	-0.004267	0	T:144.0(1.96%),B:216.1(2.58%),P:1e0	Tpos:206.6,Tstd:134.6,Bpos:559.8,Bstd:410.2,StrandBias:0.1,Multiplicity:1.00
0.076	0.001	0.922	0.001
0.001	0.001	0.997	0.001
0.001	0.997	0.001	0.001
0.001	0.001	0.997	0.001
0.001	0.001	0.997	0.001
0.001	0.001	0.997	0.001
0.001	0.001	0.997	0.001
0.001	0.997	0.001	0.001
0.001	0.001	0.997	0.001
0.085	0.317	0.475	0.123
