>ATGASTCATH	1-ATGASTCATH	7.576855	-836.572857	0	T:2936.0(40.06%),B:1013.5(12.10%),P:1e-363	Tpos:204.1,Tstd:60.7,Bpos:500.7,Bstd:305.5,StrandBias:0.0,Multiplicity:1.16
0.517	0.198	0.178	0.107
0.001	0.001	0.001	0.997
0.001	0.001	0.864	0.134
0.997	0.001	0.001	0.001
0.046	0.513	0.390	0.051
0.001	0.001	0.001	0.997
0.123	0.875	0.001	0.001
0.997	0.001	0.001	0.001
0.101	0.172	0.196	0.531
0.298	0.356	0.124	0.221
>TGASTCANHN	2-TGASTCANHN	6.668334	-700.093400	0	T:2779.0(37.92%),B:1051.0(12.55%),P:1e-304	Tpos:211.1,Tstd:80.2,Bpos:477.3,Bstd:428.6,StrandBias:0.2,Multiplicity:1.04
0.001	0.085	0.066	0.848
0.025	0.117	0.526	0.332
0.771	0.069	0.058	0.102
0.134	0.338	0.423	0.104
0.107	0.072	0.066	0.755
0.289	0.582	0.079	0.050
0.812	0.054	0.067	0.067
0.190	0.240	0.279	0.291
0.360	0.266	0.033	0.341
0.296	0.261	0.166	0.277
>GRTGACGTCA	3-GRTGACGTCA	8.736431	-212.057747	0	T:430.0(5.87%),B:47.1(0.56%),P:1e-92	Tpos:205.3,Tstd:48.1,Bpos:484.9,Bstd:435.5,StrandBias:-0.0,Multiplicity:1.06
0.265	0.112	0.566	0.057
0.382	0.156	0.421	0.041
0.026	0.092	0.041	0.841
0.002	0.083	0.674	0.241
0.851	0.001	0.100	0.048
0.010	0.879	0.040	0.071
0.087	0.080	0.798	0.035
0.035	0.142	0.036	0.787
0.222	0.658	0.105	0.015
0.792	0.001	0.124	0.083
>ATGACGTCAC	4-ATGACGTCAC	8.364526	-148.233622	0	T:624.0(8.51%),B:209.8(2.51%),P:1e-64	Tpos:203.6,Tstd:73.1,Bpos:521.0,Bstd:339.7,StrandBias:0.0,Multiplicity:1.04
0.719	0.112	0.122	0.047
0.052	0.033	0.031	0.884
0.045	0.039	0.837	0.079
0.839	0.025	0.069	0.067
0.048	0.707	0.079	0.166
0.102	0.109	0.686	0.103
0.044	0.042	0.028	0.886
0.060	0.833	0.081	0.026
0.866	0.052	0.047	0.035
0.040	0.744	0.090	0.126
>BASTCATWTB	5-BASTCATWTB	7.383868	-145.551654	0	T:432.0(5.89%),B:97.1(1.16%),P:1e-63	Tpos:213.5,Tstd:55.1,Bpos:495.4,Bstd:275.7,StrandBias:-0.0,Multiplicity:1.02
0.138	0.253	0.315	0.293
0.613	0.119	0.001	0.267
0.083	0.376	0.457	0.084
0.107	0.001	0.010	0.882
0.068	0.841	0.079	0.012
0.909	0.004	0.004	0.083
0.167	0.197	0.197	0.439
0.346	0.147	0.080	0.428
0.278	0.140	0.096	0.487
0.121	0.375	0.244	0.260
>AGTTTCAGTT	6-AGTTTCAGTT	8.175715	-77.792784	0	T:625.0(8.53%),B:325.0(3.88%),P:1e-33	Tpos:207.1,Tstd:86.1,Bpos:489.4,Bstd:297.0,StrandBias:-0.0,Multiplicity:1.04
0.534	0.130	0.215	0.121
0.087	0.286	0.536	0.091
0.072	0.024	0.012	0.892
0.027	0.126	0.103	0.744
0.065	0.085	0.086	0.764
0.034	0.879	0.022	0.065
0.649	0.079	0.154	0.118
0.091	0.275	0.471	0.163
0.144	0.075	0.035	0.746
0.163	0.130	0.104	0.603
>GTTTCABTTY	7-GTTTCABTTY	9.495872	-62.890137	0	T:362.0(4.94%),B:154.8(1.85%),P:1e-27	Tpos:221.9,Tstd:86.9,Bpos:524.5,Bstd:255.8,StrandBias:-0.3,Multiplicity:1.00
0.027	0.236	0.535	0.202
0.137	0.033	0.001	0.829
0.033	0.162	0.127	0.678
0.097	0.052	0.028	0.823
0.005	0.993	0.001	0.001
0.840	0.014	0.066	0.080
0.067	0.309	0.355	0.269
0.279	0.017	0.001	0.703
0.182	0.036	0.062	0.720
0.002	0.527	0.078	0.393
>BTCAWAATGA	8-BTCAWAATGA	9.486157	-51.321597	0	T:415.0(5.66%),B:216.8(2.59%),P:1e-22	Tpos:207.7,Tstd:78.5,Bpos:523.0,Bstd:301.3,StrandBias:-0.2,Multiplicity:1.03
0.001	0.305	0.339	0.356
0.001	0.001	0.022	0.976
0.072	0.697	0.200	0.031
0.844	0.001	0.011	0.144
0.415	0.054	0.243	0.288
0.746	0.001	0.001	0.252
0.626	0.150	0.149	0.075
0.001	0.083	0.001	0.915
0.001	0.056	0.798	0.145
0.866	0.070	0.001	0.063
>AGTCATAWYD	9-AGTCATAWYD	7.886245	-42.324007	0	T:372.0(5.08%),B:202.9(2.42%),P:1e-18	Tpos:206.3,Tstd:80.3,Bpos:518.4,Bstd:273.0,StrandBias:0.1,Multiplicity:1.02
0.997	0.001	0.001	0.001
0.001	0.324	0.597	0.078
0.001	0.001	0.001	0.997
0.100	0.898	0.001	0.001
0.997	0.001	0.001	0.001
0.238	0.157	0.205	0.400
0.505	0.266	0.001	0.228
0.278	0.174	0.175	0.373
0.107	0.365	0.190	0.338
0.286	0.097	0.356	0.261
>WKTCAYTTYC	10-WKTCAYTTYC	7.868445	-41.895233	0	T:1349.0(18.41%),B:1111.7(13.27%),P:1e-18	Tpos:207.5,Tstd:95.0,Bpos:492.0,Bstd:295.6,StrandBias:0.0,Multiplicity:1.12
0.424	0.090	0.060	0.426
0.109	0.164	0.397	0.330
0.059	0.109	0.061	0.771
0.043	0.955	0.001	0.001
0.787	0.001	0.177	0.035
0.001	0.292	0.277	0.430
0.036	0.001	0.001	0.962
0.053	0.001	0.001	0.945
0.094	0.441	0.112	0.352
0.108	0.557	0.162	0.173
>RGTCACGTSA	11-RGTCACGTSA	7.803892	-31.361528	0	T:274.0(3.74%),B:149.9(1.79%),P:1e-13	Tpos:201.9,Tstd:121.4,Bpos:499.7,Bstd:347.8,StrandBias:-0.2,Multiplicity:1.05
0.318	0.163	0.409	0.110
0.006	0.229	0.757	0.008
0.001	0.357	0.044	0.598
0.001	0.660	0.338	0.001
0.851	0.001	0.147	0.001
0.002	0.741	0.001	0.256
0.196	0.019	0.628	0.157
0.001	0.349	0.071	0.579
0.140	0.379	0.472	0.009
0.491	0.262	0.203	0.043
>CCGGAAGTGV	12-CCGGAAGTGV	8.496481	-26.590464	0	T:466.0(6.36%),B:329.6(3.94%),P:1e-11	Tpos:210.2,Tstd:108.6,Bpos:495.3,Bstd:393.9,StrandBias:-0.0,Multiplicity:1.08
0.192	0.534	0.256	0.018
0.192	0.786	0.001	0.021
0.001	0.001	0.902	0.096
0.049	0.001	0.931	0.019
0.898	0.079	0.001	0.022
0.872	0.001	0.057	0.070
0.339	0.001	0.659	0.001
0.231	0.203	0.020	0.546
0.170	0.001	0.647	0.182
0.339	0.234	0.334	0.093
>RSTTCCKSYB	13-RSTTCCKSYB	6.276871	-19.095616	0	T:510.0(6.96%),B:402.1(4.80%),P:1e-8	Tpos:212.0,Tstd:105.9,Bpos:507.3,Bstd:289.5,StrandBias:-0.1,Multiplicity:1.04
0.464	0.073	0.398	0.065
0.001	0.428	0.352	0.219
0.121	0.001	0.001	0.877
0.001	0.001	0.054	0.944
0.092	0.511	0.053	0.344
0.122	0.639	0.002	0.237
0.118	0.225	0.392	0.266
0.148	0.361	0.329	0.162
0.205	0.256	0.172	0.368
0.194	0.208	0.252	0.347
>AGTCATWTYD	14-AGTCATWTYD	8.507708	-16.561666	0	T:138.0(1.88%),B:75.4(0.90%),P:1e-7	Tpos:223.5,Tstd:76.2,Bpos:360.5,Bstd:239.3,StrandBias:0.4,Multiplicity:1.00
0.625	0.214	0.035	0.126
0.056	0.298	0.549	0.097
0.001	0.001	0.001	0.997
0.001	0.997	0.001	0.001
0.997	0.001	0.001	0.001
0.157	0.290	0.001	0.552
0.449	0.144	0.001	0.406
0.220	0.119	0.187	0.474
0.103	0.354	0.187	0.356
0.334	0.001	0.407	0.258
>VVTTCTGAAA	15-VVTTCTGAAA	8.297633	-15.131220	0	T:98.0(1.34%),B:47.1(0.56%),P:1e-6	Tpos:210.6,Tstd:106.4,Bpos:469.6,Bstd:266.5,StrandBias:-0.1,Multiplicity:1.00
0.308	0.366	0.324	0.001
0.346	0.271	0.201	0.183
0.001	0.415	0.001	0.583
0.262	0.037	0.001	0.700
0.122	0.405	0.250	0.223
0.333	0.001	0.061	0.605
0.018	0.001	0.980	0.001
0.852	0.073	0.001	0.074
0.586	0.157	0.256	0.001
0.698	0.014	0.001	0.287
>GGAAAGYMCC	16-GGAAAGYMCC	8.613173	-14.358311	0	T:173.0(2.36%),B:110.9(1.32%),P:1e-6	Tpos:209.0,Tstd:104.9,Bpos:520.0,Bstd:235.6,StrandBias:0.1,Multiplicity:1.04
0.201	0.131	0.481	0.188
0.219	0.039	0.730	0.012
0.698	0.038	0.263	0.001
0.980	0.009	0.004	0.007
0.908	0.001	0.001	0.090
0.234	0.230	0.400	0.136
0.001	0.492	0.096	0.410
0.333	0.447	0.142	0.078
0.248	0.698	0.053	0.001
0.050	0.804	0.051	0.095
>HAGTTTCASW	17-HAGTTTCASW	8.090923	-14.084782	0	T:139.0(1.90%),B:82.5(0.99%),P:1e-6	Tpos:189.2,Tstd:85.7,Bpos:549.3,Bstd:263.9,StrandBias:-0.2,Multiplicity:1.00
0.319	0.357	0.059	0.266
0.456	0.034	0.272	0.237
0.017	0.316	0.498	0.170
0.060	0.058	0.034	0.848
0.038	0.142	0.168	0.652
0.050	0.028	0.021	0.901
0.045	0.767	0.149	0.039
0.649	0.049	0.044	0.258
0.145	0.324	0.372	0.159
0.341	0.108	0.073	0.478
>NNBTGTGGTT	18-NNBTGTGGTT	8.646780	-12.339979	0	T:423.0(5.77%),B:353.2(4.22%),P:1e-5	Tpos:209.1,Tstd:106.5,Bpos:516.9,Bstd:316.4,StrandBias:0.2,Multiplicity:1.04
0.254	0.204	0.339	0.202
0.226	0.296	0.237	0.241
0.147	0.301	0.211	0.341
0.001	0.001	0.209	0.789
0.001	0.095	0.803	0.101
0.001	0.001	0.010	0.988
0.103	0.001	0.895	0.001
0.001	0.001	0.997	0.001
0.001	0.170	0.087	0.742
0.008	0.185	0.049	0.758
>TCTGTGGTTW	19-TCTGTGGTTW	9.460444	-11.167647	0	T:190.0(2.59%),B:136.4(1.63%),P:1e-4	Tpos:193.8,Tstd:94.5,Bpos:488.7,Bstd:277.7,StrandBias:0.4,Multiplicity:1.01
0.205	0.226	0.154	0.415
0.233	0.478	0.046	0.243
0.255	0.001	0.032	0.712
0.001	0.001	0.997	0.001
0.243	0.001	0.001	0.755
0.014	0.001	0.984	0.001
0.001	0.025	0.955	0.019
0.001	0.037	0.001	0.961
0.110	0.103	0.001	0.786
0.386	0.175	0.141	0.298
>CGCATGCGCA	20-CGCATGCGCA	9.925114	-11.058388	0	T:154.0(2.10%),B:104.2(1.24%),P:1e-4	Tpos:202.4,Tstd:111.3,Bpos:515.4,Bstd:414.1,StrandBias:0.1,Multiplicity:1.12
0.107	0.813	0.010	0.070
0.096	0.001	0.869	0.034
0.057	0.797	0.145	0.001
0.669	0.168	0.096	0.067
0.076	0.046	0.145	0.733
0.008	0.142	0.849	0.001
0.001	0.962	0.036	0.001
0.001	0.001	0.922	0.076
0.034	0.768	0.060	0.138
0.617	0.125	0.163	0.095
>GGACTTTCCC	21-GGACTTTCCC	7.877120	-9.098043	0	T:116.0(1.58%),B:77.8(0.93%),P:1e-3	Tpos:223.5,Tstd:103.4,Bpos:514.4,Bstd:319.7,StrandBias:0.3,Multiplicity:1.01
0.055	0.162	0.583	0.200
0.136	0.189	0.458	0.216
0.612	0.071	0.256	0.061
0.247	0.444	0.165	0.145
0.116	0.138	0.071	0.675
0.047	0.086	0.177	0.690
0.057	0.277	0.072	0.594
0.065	0.751	0.085	0.099
0.194	0.577	0.074	0.155
0.052	0.691	0.149	0.108
>CTTCCCCTTT	22-CTTCCCCTTT	10.467735	-4.411093	0	T:237.0(3.23%),B:219.1(2.62%),P:1e-1	Tpos:202.0,Tstd:108.2,Bpos:500.2,Bstd:273.1,StrandBias:-0.2,Multiplicity:1.01
0.060	0.824	0.074	0.042
0.017	0.037	0.008	0.938
0.011	0.015	0.025	0.949
0.001	0.923	0.025	0.051
0.001	0.993	0.005	0.001
0.039	0.859	0.008	0.094
0.001	0.895	0.029	0.075
0.096	0.068	0.016	0.820
0.008	0.016	0.011	0.965
0.022	0.034	0.031	0.913
>CASTTYCNBH	23-CASTTYCNBH	6.293454	-0.829611	0	T:31.0(0.42%),B:33.2(0.40%),P:1e0	Tpos:159.6,Tstd:91.7,Bpos:472.1,Bstd:249.2,StrandBias:-0.2,Multiplicity:1.00
0.223	0.388	0.183	0.206
0.519	0.135	0.263	0.083
0.001	0.459	0.351	0.190
0.176	0.065	0.019	0.740
0.008	0.001	0.076	0.915
0.109	0.361	0.165	0.365
0.021	0.704	0.038	0.237
0.238	0.196	0.264	0.301
0.152	0.314	0.323	0.211
0.275	0.244	0.152	0.330
>GCCCCGCCCC	24-GCCCCGCCCC	9.924032	-0.070186	0	T:714.0(9.74%),B:876.0(10.46%),P:1e0	Tpos:217.9,Tstd:118.6,Bpos:524.6,Bstd:764.9,StrandBias:-0.2,Multiplicity:1.42
0.178	0.001	0.548	0.273
0.023	0.571	0.156	0.250
0.001	0.881	0.001	0.117
0.141	0.857	0.001	0.001
0.001	0.997	0.001	0.001
0.001	0.167	0.831	0.001
0.001	0.997	0.001	0.001
0.001	0.997	0.001	0.001
0.001	0.997	0.001	0.001
0.309	0.497	0.001	0.192
>GGCGGGGCGG	25-GGCGGGGCGG	13.013256	-0.004267	0	T:144.0(1.96%),B:216.1(2.58%),P:1e0	Tpos:206.6,Tstd:134.6,Bpos:559.8,Bstd:410.2,StrandBias:0.1,Multiplicity:1.00
0.076	0.001	0.922	0.001
0.001	0.001	0.997	0.001
0.001	0.997	0.001	0.001
0.001	0.001	0.997	0.001
0.001	0.001	0.997	0.001
0.001	0.001	0.997	0.001
0.001	0.001	0.997	0.001
0.001	0.997	0.001	0.001
0.001	0.001	0.997	0.001
0.085	0.317	0.475	0.123
>NNDATGASTCAT	1-NNDATGASTCAT	8.016529	-846.989722	0	T:2273.0(31.01%),B:538.8(6.43%),P:1e-367	Tpos:205.0,Tstd:56.3,Bpos:496.0,Bstd:291.4,StrandBias:0.0,Multiplicity:1.11
0.277	0.201	0.286	0.236
0.306	0.189	0.214	0.291
0.280	0.115	0.269	0.336
0.422	0.243	0.195	0.140
0.016	0.001	0.001	0.982
0.016	0.038	0.722	0.224
0.984	0.002	0.004	0.010
0.065	0.450	0.408	0.077
0.039	0.001	0.012	0.948
0.194	0.747	0.040	0.019
0.928	0.007	0.001	0.064
0.165	0.190	0.181	0.464
>RTGACGTCAYCN	2-RTGACGTCAYCN	9.658450	-204.907664	0	T:455.0(6.21%),B:62.8(0.75%),P:1e-88	Tpos:205.0,Tstd:51.7,Bpos:515.3,Bstd:407.7,StrandBias:0.0,Multiplicity:1.07
0.386	0.161	0.425	0.028
0.032	0.012	0.016	0.940
0.004	0.040	0.908	0.048
0.948	0.004	0.040	0.008
0.036	0.746	0.087	0.131
0.090	0.091	0.748	0.071
0.008	0.044	0.008	0.940
0.016	0.932	0.044	0.008
0.916	0.016	0.044	0.024
0.016	0.463	0.151	0.370
0.123	0.532	0.182	0.163
0.220	0.246	0.341	0.193
>TSAWANTGAAAS	3-TSAWANTGAAAS	9.826423	-162.716195	0	T:677.0(9.24%),B:225.5(2.69%),P:1e-70	Tpos:201.5,Tstd:65.3,Bpos:496.9,Bstd:283.1,StrandBias:-0.1,Multiplicity:1.06
0.135	0.038	0.109	0.718
0.170	0.452	0.349	0.030
0.997	0.001	0.001	0.001
0.424	0.024	0.122	0.430
0.545	0.050	0.050	0.355
0.301	0.327	0.193	0.179
0.136	0.056	0.042	0.766
0.001	0.001	0.997	0.001
0.997	0.001	0.001	0.001
0.761	0.001	0.237	0.001
0.888	0.001	0.001	0.110
0.172	0.429	0.339	0.061
>VTGABTCAYTTY	4-VTGABTCAYTTY	10.151745	-142.009739	0	T:264.0(3.60%),B:22.6(0.27%),P:1e-61	Tpos:201.5,Tstd:88.5,Bpos:564.2,Bstd:190.0,StrandBias:-0.1,Multiplicity:1.00
0.356	0.372	0.251	0.021
0.285	0.001	0.001	0.713
0.082	0.185	0.526	0.207
0.670	0.001	0.001	0.328
0.074	0.231	0.334	0.361
0.001	0.001	0.001	0.997
0.189	0.804	0.006	0.001
0.997	0.001	0.001	0.001
0.001	0.374	0.211	0.414
0.305	0.001	0.001	0.693
0.001	0.001	0.198	0.800
0.056	0.405	0.170	0.368
>YAGTCATTTCWR	5-YAGTCATTTCWR	10.338158	-86.554903	0	T:339.0(4.63%),B:105.0(1.25%),P:1e-37	Tpos:213.9,Tstd:66.6,Bpos:518.7,Bstd:309.7,StrandBias:-0.2,Multiplicity:1.01
0.189	0.229	0.211	0.371
0.860	0.057	0.023	0.060
0.198	0.275	0.469	0.057
0.027	0.039	0.018	0.916
0.055	0.883	0.031	0.031
0.992	0.006	0.001	0.001
0.032	0.052	0.018	0.898
0.190	0.060	0.021	0.729
0.113	0.058	0.035	0.794
0.046	0.826	0.079	0.049
0.400	0.128	0.018	0.454
0.307	0.177	0.359	0.157
>NDSTGASTCASN	6-NDSTGASTCASN	8.489140	-81.037416	0	T:547.0(7.46%),B:258.6(3.09%),P:1e-35	Tpos:199.8,Tstd:67.0,Bpos:444.7,Bstd:337.1,StrandBias:0.0,Multiplicity:1.01
0.232	0.225	0.257	0.285
0.226	0.133	0.308	0.334
0.045	0.347	0.397	0.211
0.056	0.025	0.049	0.870
0.048	0.070	0.818	0.064
0.832	0.052	0.055	0.061
0.041	0.471	0.385	0.104
0.067	0.056	0.103	0.774
0.029	0.864	0.044	0.063
0.794	0.045	0.102	0.059
0.231	0.342	0.387	0.040
0.313	0.308	0.205	0.174
>NAGGAASTGAAA	7-NAGGAASTGAAA	10.349250	-78.582811	0	T:567.0(7.74%),B:278.8(3.33%),P:1e-34	Tpos:207.2,Tstd:87.3,Bpos:509.7,Bstd:285.9,StrandBias:-0.2,Multiplicity:1.03
0.271	0.229	0.301	0.199
0.562	0.017	0.301	0.120
0.260	0.001	0.723	0.016
0.209	0.028	0.762	0.001
0.995	0.001	0.001	0.003
0.931	0.001	0.001	0.067
0.129	0.354	0.495	0.021
0.041	0.042	0.001	0.916
0.001	0.001	0.997	0.001
0.774	0.017	0.208	0.001
0.580	0.171	0.231	0.018
0.820	0.034	0.001	0.145
>AGTCATTCTGAG	8-AGTCATTCTGAG	10.248743	-61.534101	0	T:300.0(4.09%),B:113.9(1.36%),P:1e-26	Tpos:211.5,Tstd:87.9,Bpos:477.5,Bstd:313.8,StrandBias:0.0,Multiplicity:1.01
0.792	0.001	0.034	0.173
0.013	0.098	0.773	0.116
0.001	0.001	0.035	0.963
0.113	0.858	0.019	0.010
0.896	0.001	0.001	0.102
0.001	0.056	0.039	0.904
0.148	0.038	0.037	0.777
0.057	0.533	0.143	0.267
0.277	0.012	0.001	0.710
0.013	0.163	0.764	0.060
0.826	0.001	0.111	0.062
0.298	0.044	0.546	0.112
>TGACTCAAATCA	9-TGACTCAAATCA	9.459648	-52.408069	0	T:168.0(2.29%),B:42.0(0.50%),P:1e-22	Tpos:214.7,Tstd:59.5,Bpos:574.5,Bstd:335.3,StrandBias:0.5,Multiplicity:1.01
0.086	0.035	0.058	0.821
0.084	0.082	0.731	0.103
0.765	0.091	0.063	0.081
0.089	0.718	0.098	0.095
0.082	0.072	0.049	0.797
0.098	0.719	0.106	0.077
0.846	0.057	0.030	0.067
0.715	0.094	0.101	0.090
0.758	0.085	0.081	0.076
0.121	0.114	0.099	0.666
0.080	0.711	0.112	0.097
0.752	0.081	0.053	0.114
>CACTTCCTCTTT	10-CACTTCCTCTTT	10.628629	-50.813994	0	T:293.0(4.00%),B:125.7(1.50%),P:1e-22	Tpos:213.3,Tstd:97.8,Bpos:512.1,Bstd:273.8,StrandBias:-0.1,Multiplicity:1.01
0.134	0.524	0.173	0.169
0.798	0.015	0.129	0.058
0.008	0.647	0.174	0.171
0.031	0.010	0.001	0.958
0.001	0.001	0.006	0.992
0.001	0.737	0.019	0.243
0.052	0.863	0.001	0.084
0.112	0.195	0.117	0.576
0.015	0.512	0.249	0.224
0.124	0.081	0.001	0.794
0.014	0.085	0.043	0.858
0.022	0.293	0.036	0.649
>GTGGTACGGCCC	11-GTGGTACGGCCC	10.477057	-46.495570	0	T:73.0(1.00%),B:3.7(0.04%),P:1e-20	Tpos:207.6,Tstd:93.3,Bpos:595.7,Bstd:262.0,StrandBias:0.5,Multiplicity:1.08
0.077	0.028	0.797	0.098
0.028	0.042	0.042	0.888
0.014	0.007	0.951	0.028
0.035	0.021	0.895	0.049
0.059	0.053	0.077	0.811
0.721	0.084	0.098	0.097
0.018	0.884	0.049	0.049
0.181	0.097	0.666	0.056
0.042	0.042	0.832	0.084
0.028	0.805	0.049	0.118
0.014	0.930	0.028	0.028
0.056	0.822	0.059	0.063
>GAAACTGAAACT	12-GAAACTGAAACT	9.684466	-35.677407	0	T:234.0(3.19%),B:109.8(1.31%),P:1e-15	Tpos:198.0,Tstd:91.7,Bpos:492.4,Bstd:277.9,StrandBias:-0.1,Multiplicity:1.02
0.127	0.089	0.705	0.079
0.749	0.073	0.106	0.072
0.790	0.076	0.068	0.066
0.776	0.060	0.076	0.088
0.109	0.655	0.145	0.091
0.121	0.076	0.071	0.732
0.093	0.074	0.773	0.060
0.796	0.066	0.080	0.058
0.785	0.065	0.086	0.064
0.816	0.057	0.065	0.062
0.091	0.697	0.115	0.097
0.097	0.126	0.048	0.729
>ASTTTCWSTTTT	13-ASTTTCWSTTTT	10.189482	-15.824457	0	T:409.0(5.58%),B:321.5(3.84%),P:1e-6	Tpos:205.1,Tstd:107.8,Bpos:506.3,Bstd:304.5,StrandBias:-0.2,Multiplicity:1.03
0.631	0.001	0.367	0.001
0.001	0.476	0.410	0.113
0.001	0.001	0.001	0.997
0.001	0.001	0.001	0.997
0.002	0.379	0.061	0.558
0.001	0.997	0.001	0.001
0.361	0.231	0.001	0.407
0.156	0.399	0.256	0.189
0.299	0.214	0.001	0.486
0.001	0.001	0.053	0.945
0.001	0.380	0.001	0.618
0.001	0.406	0.001	0.592
>AGAGAACTGAAA	14-AGAGAACTGAAA	9.177602	-12.575474	0	T:29.0(0.40%),B:5.2(0.06%),P:1e-5	Tpos:231.7,Tstd:83.3,Bpos:628.5,Bstd:178.1,StrandBias:0.2,Multiplicity:1.04
0.545	0.036	0.169	0.250
0.149	0.164	0.545	0.142
0.616	0.050	0.160	0.174
0.188	0.135	0.535	0.142
0.629	0.163	0.106	0.102
0.603	0.076	0.156	0.165
0.178	0.540	0.154	0.128
0.209	0.082	0.084	0.625
0.126	0.140	0.627	0.107
0.580	0.142	0.149	0.129
0.569	0.129	0.182	0.120
0.485	0.174	0.173	0.167
>GTTTCACTTCTG	15-GTTTCACTTCTG	10.097798	-12.275331	0	T:89.0(1.21%),B:46.6(0.56%),P:1e-5	Tpos:208.5,Tstd:93.9,Bpos:537.4,Bstd:299.0,StrandBias:-0.2,Multiplicity:1.03
0.124	0.150	0.548	0.178
0.133	0.139	0.009	0.719
0.067	0.136	0.133	0.664
0.088	0.117	0.033	0.762
0.100	0.749	0.113	0.038
0.668	0.127	0.043	0.162
0.112	0.590	0.139	0.159
0.148	0.137	0.012	0.703
0.100	0.022	0.136	0.742
0.085	0.600	0.112	0.203
0.159	0.121	0.031	0.689
0.133	0.143	0.557	0.167
>GCGCATGCGCAG	16-GCGCATGCGCAG	10.141339	-11.808841	0	T:248.0(3.38%),B:187.4(2.24%),P:1e-5	Tpos:219.4,Tstd:114.8,Bpos:481.6,Bstd:624.3,StrandBias:0.0,Multiplicity:1.16
0.078	0.018	0.890	0.014
0.055	0.860	0.041	0.044
0.037	0.022	0.916	0.025
0.022	0.893	0.078	0.007
0.665	0.173	0.112	0.050
0.044	0.074	0.189	0.693
0.004	0.060	0.925	0.011
0.018	0.926	0.027	0.029
0.041	0.036	0.877	0.046
0.011	0.918	0.039	0.032
0.693	0.121	0.108	0.078
0.052	0.153	0.743	0.052
>GGGRHTTYCCCH	17-GGGRHTTYCCCH	10.670139	-11.196217	0	T:34.0(0.46%),B:9.6(0.12%),P:1e-4	Tpos:195.1,Tstd:93.9,Bpos:515.3,Bstd:253.9,StrandBias:0.6,Multiplicity:1.21
0.074	0.037	0.633	0.256
0.001	0.001	0.961	0.037
0.071	0.143	0.600	0.186
0.491	0.093	0.389	0.027
0.254	0.339	0.182	0.225
0.175	0.082	0.002	0.741
0.001	0.031	0.123	0.845
0.001	0.455	0.024	0.520
0.001	0.997	0.001	0.001
0.021	0.880	0.001	0.098
0.182	0.642	0.001	0.175
0.273	0.347	0.104	0.275
>CRCTTCCKGYBB	18-CRCTTCCKGYBB	9.566883	-9.475320	0	T:247.0(3.37%),B:197.4(2.36%),P:1e-4	Tpos:209.3,Tstd:100.0,Bpos:483.2,Bstd:318.8,StrandBias:-0.4,Multiplicity:1.05
0.197	0.403	0.211	0.189
0.440	0.216	0.338	0.007
0.001	0.880	0.001	0.118
0.001	0.001	0.001	0.997
0.001	0.001	0.001	0.997
0.001	0.997	0.001	0.001
0.001	0.997	0.001	0.001
0.001	0.092	0.397	0.510
0.003	0.391	0.603	0.003
0.157	0.330	0.167	0.346
0.100	0.321	0.290	0.288
0.148	0.357	0.245	0.250
>SCGGAAGCGACN	19-SCGGAAGCGACN	8.543036	-8.900819	0	T:19.0(0.26%),B:3.4(0.04%),P:1e-3	Tpos:209.1,Tstd:80.8,Bpos:407.9,Bstd:291.2,StrandBias:2.1,Multiplicity:1.00
0.190	0.365	0.263	0.182
0.135	0.605	0.144	0.116
0.134	0.108	0.641	0.117
0.108	0.116	0.698	0.078
0.608	0.160	0.141	0.091
0.638	0.112	0.160	0.090
0.111	0.116	0.699	0.074
0.120	0.614	0.134	0.132
0.120	0.155	0.623	0.102
0.553	0.164	0.173	0.110
0.118	0.631	0.155	0.096
0.219	0.239	0.325	0.217
>VSGGGGCGGANN	20-VSGGGGCGGANN	7.047848	-8.888732	0	T:98.0(1.34%),B:62.8(0.75%),P:1e-3	Tpos:202.7,Tstd:121.3,Bpos:606.4,Bstd:765.2,StrandBias:0.1,Multiplicity:1.06
0.362	0.218	0.238	0.183
0.185	0.373	0.243	0.200
0.113	0.195	0.572	0.120
0.148	0.173	0.527	0.152
0.126	0.187	0.513	0.174
0.191	0.130	0.508	0.171
0.077	0.753	0.055	0.115
0.093	0.142	0.687	0.078
0.156	0.111	0.526	0.207
0.620	0.164	0.082	0.134
0.254	0.264	0.248	0.233
0.238	0.312	0.235	0.215
>NCGGAAATGACN	21-NCGGAAATGACN	11.409253	-8.537980	0	T:14.0(0.19%),B:1.2(0.01%),P:1e-3	Tpos:215.6,Tstd:70.4,Bpos:696.5,Bstd:206.2,StrandBias:-0.3,Multiplicity:1.00
0.263	0.245	0.296	0.195
0.100	0.718	0.107	0.075
0.152	0.046	0.688	0.114
0.075	0.032	0.868	0.025
0.876	0.061	0.043	0.020
0.847	0.047	0.081	0.025
0.783	0.071	0.122	0.024
0.056	0.040	0.067	0.837
0.056	0.064	0.829	0.051
0.778	0.071	0.102	0.049
0.089	0.738	0.098	0.075
0.252	0.210	0.221	0.317
>GGGGCGGGGCCD	22-GGGGCGGGGCCD	11.706248	-8.255825	0	T:148.0(2.02%),B:109.4(1.31%),P:1e-3	Tpos:205.1,Tstd:118.5,Bpos:373.3,Bstd:427.9,StrandBias:0.3,Multiplicity:1.09
0.295	0.001	0.703	0.001
0.287	0.053	0.659	0.001
0.001	0.001	0.997	0.001
0.001	0.001	0.997	0.001
0.001	0.997	0.001	0.001
0.001	0.001	0.997	0.001
0.001	0.001	0.748	0.250
0.314	0.001	0.684	0.001
0.187	0.215	0.502	0.096
0.182	0.573	0.001	0.244
0.203	0.475	0.001	0.321
0.253	0.181	0.340	0.226
>VGCCCCGCCTTS	23-VGCCCCGCCTTS	11.419984	-6.553089	0	T:69.0(0.94%),B:44.8(0.54%),P:1e-2	Tpos:217.3,Tstd:123.5,Bpos:588.8,Bstd:293.1,StrandBias:-0.3,Multiplicity:1.01
0.263	0.245	0.347	0.145
0.036	0.038	0.891	0.035
0.017	0.923	0.026	0.034
0.029	0.896	0.023	0.052
0.017	0.886	0.065	0.032
0.028	0.916	0.022	0.034
0.034	0.013	0.926	0.027
0.013	0.951	0.017	0.019
0.010	0.962	0.013	0.015
0.019	0.141	0.010	0.830
0.029	0.094	0.058	0.819
0.091	0.362	0.353	0.194
>CVGCCCCGCCCC	24-CVGCCCCGCCCC	12.440289	-3.434918	0	T:62.0(0.85%),B:49.9(0.60%),P:1e-1	Tpos:245.8,Tstd:116.6,Bpos:683.7,Bstd:624.2,StrandBias:-0.0,Multiplicity:1.08
0.194	0.400	0.225	0.181
0.224	0.290	0.358	0.128
0.125	0.001	0.678	0.196
0.004	0.677	0.126	0.193
0.041	0.757	0.001	0.201
0.065	0.910	0.006	0.019
0.008	0.990	0.001	0.001
0.093	0.001	0.905	0.001
0.001	0.997	0.001	0.001
0.001	0.997	0.001	0.001
0.029	0.709	0.001	0.261
0.159	0.527	0.090	0.224
>CGCCCCCTGGBG	25-CGCCCCCTGGBG	12.583919	-3.252740	0	T:29.0(0.40%),B:19.8(0.24%),P:1e-1	Tpos:243.1,Tstd:82.3,Bpos:413.1,Bstd:272.5,StrandBias:0.5,Multiplicity:1.10
0.001	0.639	0.083	0.277
0.001	0.001	0.959	0.039
0.001	0.702	0.175	0.122
0.049	0.861	0.001	0.089
0.150	0.659	0.190	0.001
0.001	0.692	0.001	0.306
0.001	0.943	0.001	0.055
0.176	0.001	0.001	0.822
0.132	0.001	0.760	0.107
0.001	0.315	0.683	0.001
0.152	0.268	0.307	0.272
0.043	0.001	0.955	0.001
>TGAGTCAT	1-TGAGTCAT	8.422496	-762.183303	0	T:2210.0(30.15%),B:574.1(6.85%),P:1e-331	Tpos:205.2,Tstd:58.4,Bpos:505.4,Bstd:307.9,StrandBias:0.0,Multiplicity:1.11
0.001	0.001	0.001	0.997
0.001	0.001	0.945	0.053
0.992	0.006	0.001	0.001
0.028	0.291	0.654	0.027
0.001	0.001	0.001	0.997
0.030	0.968	0.001	0.001
0.997	0.001	0.001	0.001
0.045	0.118	0.097	0.740
>ATGANTCA	2-ATGANTCA	7.978345	-611.761188	0	T:2667.0(36.39%),B:1075.3(12.84%),P:1e-265	Tpos:205.3,Tstd:85.7,Bpos:517.2,Bstd:344.0,StrandBias:-0.0,Multiplicity:1.07
0.597	0.096	0.213	0.094
0.001	0.001	0.001	0.997
0.001	0.001	0.691	0.307
0.997	0.001	0.001	0.001
0.231	0.217	0.307	0.245
0.001	0.001	0.001	0.997
0.001	0.997	0.001	0.001
0.997	0.001	0.001	0.001
>TTACTCAT	3-TTACTCAT	8.189249	-479.031230	0	T:2893.0(39.47%),B:1465.9(17.50%),P:1e-208	Tpos:204.4,Tstd:80.4,Bpos:484.4,Bstd:316.5,StrandBias:-0.0,Multiplicity:1.13
0.001	0.011	0.001	0.987
0.001	0.001	0.407	0.591
0.997	0.001	0.001	0.001
0.164	0.608	0.227	0.001
0.001	0.001	0.001	0.997
0.012	0.983	0.004	0.001
0.997	0.001	0.001	0.001
0.231	0.001	0.281	0.487
>TGACGTAA	4-TGACGTAA	7.117862	-189.139705	0	T:574.0(7.83%),B:134.1(1.60%),P:1e-82	Tpos:205.3,Tstd:77.9,Bpos:511.0,Bstd:334.8,StrandBias:0.2,Multiplicity:1.05
0.033	0.070	0.041	0.856
0.049	0.092	0.836	0.023
0.797	0.044	0.064	0.095
0.042	0.839	0.066	0.053
0.112	0.037	0.712	0.139
0.099	0.130	0.111	0.660
0.645	0.145	0.120	0.090
0.659	0.115	0.148	0.078
>GTGACGTC	5-GTGACGTC	9.656063	-141.133819	0	T:448.0(6.11%),B:110.5(1.32%),P:1e-61	Tpos:205.3,Tstd:51.7,Bpos:483.7,Bstd:401.2,StrandBias:-0.1,Multiplicity:1.08
0.295	0.108	0.581	0.016
0.010	0.001	0.001	0.988
0.006	0.014	0.969	0.011
0.997	0.001	0.001	0.001
0.014	0.971	0.001	0.014
0.015	0.022	0.941	0.022
0.008	0.013	0.001	0.978
0.026	0.947	0.019	0.008
>ATATGACT	6-ATATGACT	7.396016	-88.460680	0	T:1270.0(17.33%),B:853.5(10.19%),P:1e-38	Tpos:202.5,Tstd:95.5,Bpos:491.2,Bstd:437.0,StrandBias:-0.1,Multiplicity:1.04
0.604	0.091	0.129	0.176
0.233	0.155	0.081	0.531
0.586	0.139	0.145	0.130
0.027	0.055	0.038	0.880
0.029	0.070	0.871	0.030
0.937	0.019	0.035	0.009
0.035	0.749	0.153	0.063
0.089	0.026	0.041	0.844
>AACTGAAA	7-AACTGAAA	9.054326	-28.233462	0	T:1173.0(16.00%),B:1009.4(12.05%),P:1e-12	Tpos:208.8,Tstd:97.3,Bpos:477.3,Bstd:294.4,StrandBias:-0.1,Multiplicity:1.05
0.884	0.033	0.057	0.026
0.911	0.037	0.001	0.051
0.070	0.679	0.225	0.026
0.001	0.078	0.019	0.902
0.001	0.001	0.997	0.001
0.974	0.013	0.001	0.012
0.864	0.013	0.122	0.001
0.952	0.046	0.001	0.001
>WSTCATTT	8-WSTCATTT	7.737348	-13.339222	0	T:908.0(12.39%),B:840.9(10.04%),P:1e-5	Tpos:204.9,Tstd:97.2,Bpos:494.1,Bstd:301.0,StrandBias:-0.1,Multiplicity:1.07
0.465	0.001	0.039	0.496
0.001	0.299	0.445	0.255
0.001	0.044	0.025	0.930
0.033	0.827	0.139	0.001
0.906	0.001	0.092	0.001
0.019	0.274	0.216	0.490
0.221	0.001	0.002	0.776
0.280	0.001	0.081	0.638
>AAATGAGT	9-AAATGAGT	8.359353	-13.227921	0	T:497.0(6.78%),B:421.5(5.03%),P:1e-5	Tpos:214.7,Tstd:104.0,Bpos:494.7,Bstd:300.6,StrandBias:-0.0,Multiplicity:1.02
0.833	0.054	0.001	0.112
0.674	0.018	0.065	0.243
0.617	0.173	0.209	0.001
0.001	0.041	0.054	0.904
0.055	0.047	0.897	0.001
0.893	0.050	0.001	0.056
0.109	0.305	0.585	0.001
0.229	0.242	0.085	0.444
>TAACCRCV	10-TAACCRCV	6.751974	-7.716361	0	T:223.0(3.04%),B:183.6(2.19%),P:1e-3	Tpos:205.7,Tstd:94.4,Bpos:518.3,Bstd:322.7,StrandBias:-0.1,Multiplicity:1.01
0.230	0.205	0.094	0.472
0.742	0.001	0.114	0.143
0.572	0.168	0.259	0.001
0.009	0.781	0.035	0.175
0.091	0.583	0.167	0.159
0.464	0.022	0.391	0.124
0.029	0.874	0.073	0.024
0.353	0.246	0.217	0.185
>CTGTGGTT	11-CTGTGGTT	10.302292	-6.361675	0	T:394.0(5.38%),B:365.3(4.36%),P:1e-2	Tpos:197.0,Tstd:99.6,Bpos:534.0,Bstd:305.0,StrandBias:0.2,Multiplicity:1.03
0.083	0.751	0.057	0.109
0.082	0.034	0.010	0.874
0.001	0.027	0.939	0.033
0.078	0.017	0.030	0.875
0.023	0.007	0.969	0.001
0.001	0.001	0.997	0.001
0.001	0.077	0.025	0.897
0.025	0.001	0.001	0.973
>ASTGAAAG	12-ASTGAAAG	8.206165	-6.147086	0	T:971.0(13.25%),B:982.9(11.74%),P:1e-2	Tpos:205.8,Tstd:94.5,Bpos:508.0,Bstd:324.2,StrandBias:0.0,Multiplicity:1.10
0.723	0.014	0.001	0.262
0.196	0.352	0.346	0.106
0.088	0.088	0.019	0.805
0.001	0.001	0.997	0.001
0.997	0.001	0.001	0.001
0.956	0.001	0.042	0.001
0.997	0.001	0.001	0.001
0.102	0.288	0.496	0.114
>GTTTCCGA	13-GTTTCCGA	8.654705	-3.920731	0	T:47.0(0.64%),B:33.4(0.40%),P:1e-1	Tpos:189.4,Tstd:91.5,Bpos:419.3,Bstd:436.5,StrandBias:0.3,Multiplicity:1.00
0.092	0.115	0.767	0.026
0.057	0.164	0.096	0.683
0.022	0.036	0.031	0.911
0.086	0.052	0.053	0.809
0.048	0.900	0.022	0.030
0.123	0.630	0.110	0.137
0.088	0.075	0.803	0.034
0.498	0.150	0.220	0.132
>ASCGGAAG	14-ASCGGAAG	8.028796	-2.702047	0	T:259.0(3.53%),B:259.3(3.10%),P:1e-1	Tpos:211.1,Tstd:110.9,Bpos:509.5,Bstd:405.3,StrandBias:-0.4,Multiplicity:1.07
0.475	0.080	0.225	0.220
0.045	0.342	0.479	0.134
0.001	0.997	0.001	0.001
0.001	0.001	0.997	0.001
0.339	0.001	0.659	0.001
0.997	0.001	0.001	0.001
0.997	0.001	0.001	0.001
0.184	0.316	0.477	0.024
>CGGAAVTG	15-CGGAAVTG	7.023305	-2.441247	0	T:557.0(7.60%),B:588.7(7.03%),P:1e-1	Tpos:209.5,Tstd:111.6,Bpos:505.1,Bstd:577.4,StrandBias:0.1,Multiplicity:1.14
0.063	0.809	0.088	0.040
0.104	0.001	0.794	0.101
0.096	0.001	0.872	0.031
0.984	0.001	0.001	0.014
0.990	0.001	0.001	0.008
0.350	0.393	0.256	0.001
0.069	0.341	0.078	0.512
0.156	0.137	0.649	0.058
>GTGGTTAV	16-GTGGTTAV	8.397358	-2.258089	0	T:109.0(1.49%),B:105.0(1.25%),P:1e0	Tpos:206.8,Tstd:101.2,Bpos:493.8,Bstd:255.7,StrandBias:0.5,Multiplicity:1.03
0.001	0.001	0.997	0.001
0.074	0.103	0.001	0.822
0.226	0.001	0.772	0.001
0.001	0.034	0.964	0.001
0.001	0.001	0.001	0.997
0.291	0.081	0.001	0.627
0.485	0.153	0.186	0.177
0.241	0.366	0.234	0.159
>CRGTTTCW	17-CRGTTTCW	7.897730	-0.434721	0	T:390.0(5.32%),B:456.5(5.45%),P:1e0	Tpos:194.1,Tstd:87.4,Bpos:525.3,Bstd:256.6,StrandBias:0.1,Multiplicity:1.01
0.219	0.577	0.001	0.203
0.409	0.126	0.349	0.116
0.001	0.307	0.642	0.050
0.051	0.001	0.001	0.947
0.001	0.105	0.151	0.743
0.055	0.001	0.054	0.890
0.001	0.977	0.001	0.021
0.443	0.187	0.064	0.306
>NCTTCCGN	18-NCTTCCGN	5.147240	-0.128467	0	T:503.0(6.86%),B:614.1(7.33%),P:1e0	Tpos:210.6,Tstd:118.2,Bpos:529.4,Bstd:402.4,StrandBias:0.0,Multiplicity:1.07
0.264	0.228	0.329	0.180
0.127	0.491	0.182	0.199
0.105	0.129	0.106	0.660
0.139	0.154	0.095	0.612
0.111	0.563	0.161	0.165
0.127	0.587	0.138	0.148
0.131	0.149	0.585	0.135
0.275	0.278	0.208	0.239
>CKGAAASY	19-CKGAAASY	7.420663	-0.093370	0	T:54.0(0.74%),B:77.8(0.93%),P:1e0	Tpos:197.8,Tstd:141.1,Bpos:578.4,Bstd:702.7,StrandBias:-0.3,Multiplicity:1.00
0.188	0.539	0.132	0.141
0.140	0.101	0.396	0.362
0.052	0.001	0.902	0.045
0.860	0.050	0.001	0.089
0.982	0.001	0.016	0.001
0.769	0.028	0.133	0.070
0.118	0.474	0.346	0.062
0.116	0.285	0.169	0.430
>CCGAAACT	20-CCGAAACT	8.569520	-0.071585	0	T:87.0(1.19%),B:121.9(1.46%),P:1e0	Tpos:195.0,Tstd:105.3,Bpos:491.2,Bstd:427.5,StrandBias:0.3,Multiplicity:1.00
0.114	0.583	0.137	0.166
0.001	0.501	0.277	0.221
0.001	0.001	0.997	0.001
0.952	0.018	0.001	0.029
0.997	0.001	0.001	0.001
0.997	0.001	0.001	0.001
0.018	0.583	0.398	0.001
0.130	0.136	0.001	0.733
>ACTTCCYC	21-ACTTCCYC	9.333339	-0.068248	0	T:661.0(9.02%),B:813.8(9.72%),P:1e0	Tpos:211.3,Tstd:104.1,Bpos:512.5,Bstd:418.7,StrandBias:-0.1,Multiplicity:1.05
0.753	0.001	0.245	0.001
0.001	0.725	0.194	0.080
0.001	0.001	0.001	0.997
0.001	0.001	0.001	0.997
0.001	0.812	0.001	0.186
0.001	0.997	0.001	0.001
0.001	0.487	0.091	0.421
0.001	0.933	0.065	0.001
>TGAAAGCG	22-TGAAAGCG	8.706834	-0.013455	0	T:55.0(0.75%),B:90.6(1.08%),P:1e0	Tpos:230.4,Tstd:125.7,Bpos:571.0,Bstd:531.2,StrandBias:0.0,Multiplicity:1.00
0.078	0.086	0.116	0.720
0.054	0.045	0.816	0.085
0.848	0.041	0.059	0.052
0.817	0.091	0.076	0.016
0.903	0.038	0.044	0.015
0.146	0.143	0.664	0.047
0.111	0.564	0.122	0.203
0.091	0.099	0.670	0.140
>DTTCDGAN	23-DTTCDGAN	6.504455	-0.000001	0	T:251.0(3.42%),B:416.9(4.98%),P:1e0	Tpos:202.6,Tstd:133.0,Bpos:479.5,Bstd:294.4,StrandBias:0.4,Multiplicity:1.02
0.280	0.001	0.338	0.382
0.001	0.202	0.143	0.654
0.001	0.001	0.001	0.997
0.001	0.997	0.001	0.001
0.351	0.148	0.261	0.240
0.001	0.278	0.720	0.001
0.574	0.001	0.128	0.297
0.282	0.221	0.215	0.283
>TGTGAAAA	24-TGTGAAAA	6.602960	-0.000000	0	T:2347.0(32.02%),B:3579.9(42.75%),P:1e0	Tpos:207.5,Tstd:115.8,Bpos:499.7,Bstd:316.7,StrandBias:0.1,Multiplicity:1.24
0.057	0.009	0.038	0.896
0.001	0.067	0.931	0.001
0.103	0.001	0.001	0.895
0.001	0.001	0.965	0.033
0.946	0.020	0.001	0.033
0.881	0.053	0.065	0.001
0.966	0.032	0.001	0.001
0.556	0.209	0.148	0.087
>KCAGTTTC	25-KCAGTTTC	6.971482	-0.000000	0	T:1858.0(25.35%),B:2905.3(34.69%),P:1e0	Tpos:206.9,Tstd:110.3,Bpos:509.4,Bstd:400.3,StrandBias:-0.1,Multiplicity:1.16
0.075	0.220	0.301	0.404
0.080	0.640	0.001	0.279
0.545	0.001	0.312	0.142
0.001	0.303	0.502	0.194
0.001	0.001	0.001	0.997
0.001	0.001	0.001	0.997
0.028	0.192	0.144	0.636
0.001	0.941	0.057	0.001
