>CCACYAGGGGGC	1-CCACYAGGGGGC	8.978220	-3554.347724	0	T:11911.0(37.40%),B:1668.6(7.43%),P:1e-1543	Tpos:200.3,Tstd:42.9,Bpos:503.0,Bstd:687.9,StrandBias:-0.0,Multiplicity:1.05
0.107	0.748	0.076	0.069
0.001	0.997	0.001	0.001
0.615	0.080	0.140	0.165
0.063	0.591	0.306	0.040
0.133	0.383	0.065	0.419
0.805	0.001	0.061	0.133
0.001	0.001	0.997	0.001
0.405	0.001	0.593	0.001
0.066	0.031	0.538	0.365
0.001	0.001	0.997	0.001
0.038	0.006	0.844	0.112
0.172	0.677	0.039	0.112
>CYCTAGGGGGCG	2-CYCTAGGGGGCG	7.599408	-910.222959	0	T:2593.0(8.14%),B:184.5(0.82%),P:1e-395	Tpos:204.3,Tstd:70.0,Bpos:562.1,Bstd:444.4,StrandBias:-0.1,Multiplicity:1.01
0.001	0.997	0.001	0.001
0.154	0.320	0.163	0.363
0.001	0.997	0.001	0.001
0.001	0.001	0.001	0.997
0.997	0.001	0.001	0.001
0.001	0.001	0.997	0.001
0.250	0.001	0.748	0.001
0.001	0.001	0.913	0.085
0.001	0.001	0.997	0.001
0.001	0.001	0.997	0.001
0.241	0.605	0.001	0.153
0.258	0.001	0.740	0.001
>CCCCCTRGTGGC	3-CCCCCTRGTGGC	10.875102	-864.899699	0	T:2399.0(7.53%),B:157.4(0.70%),P:1e-375	Tpos:207.5,Tstd:62.8,Bpos:396.3,Bstd:453.7,StrandBias:0.4,Multiplicity:1.00
0.067	0.540	0.252	0.141
0.001	0.979	0.005	0.015
0.230	0.591	0.009	0.170
0.001	0.687	0.001	0.311
0.001	0.997	0.001	0.001
0.022	0.326	0.001	0.651
0.403	0.005	0.397	0.196
0.004	0.278	0.708	0.010
0.161	0.239	0.001	0.599
0.001	0.001	0.997	0.001
0.001	0.047	0.941	0.011
0.099	0.622	0.015	0.264
>GGGAAWTGTAGT	4-GGGAAWTGTAGT	11.229690	-668.782043	0	T:1694.0(5.32%),B:80.7(0.36%),P:1e-290	Tpos:201.7,Tstd:50.1,Bpos:521.0,Bstd:450.9,StrandBias:0.0,Multiplicity:1.11
0.025	0.009	0.951	0.015
0.018	0.012	0.960	0.010
0.039	0.012	0.927	0.022
0.875	0.019	0.052	0.054
0.511	0.112	0.306	0.071
0.397	0.088	0.096	0.419
0.015	0.125	0.037	0.823
0.015	0.018	0.959	0.008
0.040	0.073	0.065	0.822
0.874	0.014	0.090	0.022
0.018	0.011	0.961	0.010
0.019	0.021	0.037	0.923
>AGGGGGCGCTGT	5-AGGGGGCGCTGT	11.000819	-419.122906	0	T:1553.0(4.88%),B:184.5(0.82%),P:1e-182	Tpos:199.3,Tstd:56.2,Bpos:429.6,Bstd:512.4,StrandBias:0.1,Multiplicity:1.02
0.698	0.039	0.149	0.114
0.008	0.001	0.990	0.001
0.314	0.001	0.677	0.008
0.083	0.042	0.645	0.230
0.001	0.001	0.996	0.002
0.016	0.001	0.959	0.024
0.180	0.668	0.023	0.129
0.122	0.001	0.876	0.001
0.001	0.931	0.067	0.001
0.042	0.194	0.005	0.759
0.197	0.244	0.555	0.004
0.054	0.286	0.179	0.482
>GCCAGGGGGCGC	6-GCCAGGGGGCGC	10.892467	-248.731938	0	T:1354.0(4.25%),B:261.6(1.16%),P:1e-108	Tpos:206.0,Tstd:81.2,Bpos:405.6,Bstd:528.7,StrandBias:-0.0,Multiplicity:1.02
0.045	0.133	0.750	0.072
0.086	0.705	0.189	0.020
0.012	0.780	0.093	0.115
0.839	0.034	0.059	0.068
0.023	0.032	0.931	0.014
0.096	0.014	0.867	0.023
0.023	0.069	0.680	0.228
0.032	0.047	0.872	0.049
0.022	0.043	0.897	0.038
0.087	0.901	0.001	0.011
0.018	0.001	0.980	0.001
0.009	0.989	0.001	0.001
>GCTCCCTCTAGT	7-GCTCCCTCTAGT	11.289045	-215.735423	0	T:668.0(2.10%),B:55.9(0.25%),P:1e-93	Tpos:198.2,Tstd:58.4,Bpos:625.9,Bstd:393.4,StrandBias:-0.0,Multiplicity:1.00
0.037	0.105	0.752	0.106
0.009	0.928	0.028	0.035
0.101	0.061	0.226	0.612
0.007	0.912	0.052	0.029
0.015	0.921	0.009	0.055
0.085	0.817	0.009	0.089
0.012	0.230	0.013	0.745
0.012	0.934	0.031	0.023
0.035	0.156	0.017	0.792
0.537	0.052	0.263	0.148
0.023	0.221	0.734	0.022
0.123	0.301	0.081	0.495
>GCTGTCCRTGGT	8-GCTGTCCRTGGT	10.751217	-203.560117	0	T:734.0(2.30%),B:82.6(0.37%),P:1e-88	Tpos:201.6,Tstd:37.3,Bpos:477.3,Bstd:421.2,StrandBias:0.1,Multiplicity:1.04
0.148	0.184	0.467	0.202
0.024	0.931	0.017	0.028
0.018	0.036	0.018	0.928
0.114	0.239	0.591	0.056
0.111	0.060	0.111	0.718
0.013	0.925	0.027	0.035
0.026	0.770	0.023	0.181
0.374	0.107	0.388	0.131
0.271	0.203	0.089	0.437
0.036	0.018	0.915	0.031
0.018	0.036	0.928	0.018
0.085	0.018	0.031	0.866
>CCCCTAGTGGCC	9-CCCCTAGTGGCC	12.449347	-169.095978	0	T:485.0(1.52%),B:33.0(0.15%),P:1e-73	Tpos:201.9,Tstd:39.1,Bpos:619.7,Bstd:251.6,StrandBias:0.3,Multiplicity:1.00
0.008	0.932	0.003	0.057
0.083	0.803	0.026	0.088
0.093	0.733	0.001	0.173
0.001	0.997	0.001	0.001
0.017	0.119	0.067	0.797
0.665	0.044	0.167	0.124
0.012	0.050	0.930	0.008
0.120	0.103	0.083	0.694
0.001	0.001	0.997	0.001
0.038	0.034	0.892	0.036
0.083	0.720	0.054	0.143
0.096	0.734	0.083	0.087
>TCAGCACCATGG	10-TCAGCACCATGG	13.571413	-88.554859	0	T:267.0(0.84%),B:21.2(0.09%),P:1e-38	Tpos:196.1,Tstd:40.5,Bpos:507.0,Bstd:311.5,StrandBias:-0.1,Multiplicity:1.02
0.001	0.081	0.001	0.917
0.001	0.997	0.001	0.001
0.989	0.001	0.009	0.001
0.001	0.017	0.981	0.001
0.036	0.798	0.094	0.072
0.997	0.001	0.001	0.001
0.001	0.997	0.001	0.001
0.061	0.918	0.020	0.001
0.509	0.209	0.189	0.093
0.221	0.217	0.134	0.428
0.083	0.001	0.896	0.020
0.062	0.018	0.902	0.018
>TCCCAGAATGCC	11-TCCCAGAATGCC	12.868766	-72.745904	0	T:297.0(0.93%),B:41.3(0.18%),P:1e-31	Tpos:191.2,Tstd:67.8,Bpos:547.6,Bstd:419.6,StrandBias:-0.4,Multiplicity:1.05
0.030	0.019	0.015	0.936
0.005	0.977	0.001	0.017
0.029	0.950	0.006	0.015
0.010	0.987	0.001	0.002
0.993	0.001	0.005	0.001
0.001	0.097	0.888	0.014
0.771	0.152	0.060	0.017
0.926	0.001	0.059	0.014
0.001	0.005	0.065	0.929
0.001	0.091	0.844	0.064
0.010	0.988	0.001	0.001
0.108	0.868	0.006	0.018
>GTGTGAATTCTC	12-GTGTGAATTCTC	12.783916	-48.072601	0	T:113.0(0.35%),B:4.2(0.02%),P:1e-20	Tpos:215.7,Tstd:120.9,Bpos:724.1,Bstd:209.1,StrandBias:0.3,Multiplicity:1.31
0.006	0.001	0.992	0.001
0.018	0.001	0.001	0.980
0.262	0.001	0.730	0.007
0.007	0.001	0.001	0.991
0.001	0.001	0.996	0.002
0.873	0.045	0.060	0.022
0.816	0.028	0.155	0.001
0.007	0.025	0.013	0.955
0.007	0.031	0.001	0.961
0.015	0.953	0.007	0.025
0.001	0.006	0.001	0.992
0.013	0.952	0.001	0.034
>GGTCTGTGTAAG	13-GGTCTGTGTAAG	12.213786	-47.527380	0	T:107.0(0.34%),B:3.5(0.02%),P:1e-20	Tpos:195.1,Tstd:57.5,Bpos:634.3,Bstd:132.6,StrandBias:-0.1,Multiplicity:1.00
0.019	0.001	0.961	0.019
0.019	0.009	0.971	0.001
0.001	0.037	0.001	0.961
0.001	0.997	0.001	0.001
0.010	0.001	0.009	0.980
0.047	0.019	0.868	0.066
0.009	0.038	0.009	0.944
0.009	0.001	0.981	0.009
0.016	0.001	0.001	0.982
0.989	0.001	0.001	0.009
0.934	0.001	0.009	0.056
0.019	0.019	0.961	0.001
>CCCTTGCAGCTA	14-CCCTTGCAGCTA	11.251242	-46.437761	0	T:313.0(0.98%),B:74.7(0.33%),P:1e-20	Tpos:201.5,Tstd:63.1,Bpos:505.7,Bstd:372.8,StrandBias:0.2,Multiplicity:1.00
0.001	0.874	0.004	0.121
0.001	0.864	0.025	0.110
0.001	0.815	0.001	0.183
0.066	0.001	0.001	0.932
0.038	0.017	0.043	0.902
0.001	0.001	0.997	0.001
0.060	0.778	0.058	0.104
0.804	0.001	0.034	0.161
0.132	0.012	0.834	0.022
0.049	0.600	0.079	0.272
0.103	0.026	0.001	0.870
0.539	0.113	0.224	0.124
>TRGTCACRTGAC	15-TRGTCACRTGAC	10.988151	-42.398196	0	T:203.0(0.64%),B:35.7(0.16%),P:1e-18	Tpos:203.1,Tstd:78.1,Bpos:477.0,Bstd:291.7,StrandBias:-0.2,Multiplicity:1.01
0.167	0.248	0.173	0.412
0.348	0.091	0.464	0.097
0.182	0.071	0.734	0.013
0.007	0.373	0.080	0.540
0.001	0.989	0.009	0.001
0.997	0.001	0.001	0.001
0.001	0.640	0.068	0.291
0.436	0.032	0.531	0.001
0.001	0.001	0.001	0.997
0.001	0.001	0.997	0.001
0.565	0.035	0.398	0.002
0.016	0.589	0.182	0.213
>SCSCACTTCCGG	16-SCSCACTTCCGG	11.860678	-41.695507	0	T:170.0(0.53%),B:24.9(0.11%),P:1e-18	Tpos:211.0,Tstd:91.2,Bpos:352.4,Bstd:232.6,StrandBias:0.1,Multiplicity:1.01
0.223	0.369	0.380	0.028
0.178	0.454	0.291	0.077
0.081	0.368	0.470	0.082
0.001	0.814	0.176	0.009
0.687	0.001	0.311	0.001
0.001	0.995	0.001	0.003
0.004	0.004	0.004	0.988
0.001	0.207	0.004	0.788
0.003	0.995	0.001	0.001
0.001	0.995	0.001	0.003
0.004	0.063	0.929	0.004
0.001	0.249	0.737	0.013
>GCGCATGCGCAG	17-GCGCATGCGCAG	10.877414	-35.952360	0	T:638.0(2.00%),B:252.8(1.13%),P:1e-15	Tpos:204.4,Tstd:100.0,Bpos:544.6,Bstd:678.0,StrandBias:0.2,Multiplicity:1.12
0.050	0.030	0.902	0.018
0.047	0.877	0.056	0.020
0.038	0.027	0.899	0.036
0.021	0.924	0.043	0.012
0.689	0.171	0.097	0.043
0.052	0.080	0.208	0.660
0.017	0.037	0.929	0.017
0.026	0.914	0.022	0.038
0.022	0.055	0.868	0.055
0.017	0.918	0.033	0.032
0.749	0.102	0.102	0.047
0.077	0.172	0.674	0.077
>GAATGTGGGAAA	18-GAATGTGGGAAA	12.589492	-33.305296	0	T:116.0(0.36%),B:13.9(0.06%),P:1e-14	Tpos:200.3,Tstd:122.2,Bpos:526.1,Bstd:225.1,StrandBias:-0.2,Multiplicity:1.60
0.001	0.274	0.724	0.001
0.925	0.073	0.001	0.001
0.572	0.001	0.199	0.228
0.001	0.013	0.001	0.985
0.066	0.001	0.707	0.226
0.053	0.112	0.001	0.834
0.076	0.001	0.885	0.038
0.135	0.054	0.802	0.009
0.292	0.072	0.582	0.054
0.809	0.082	0.108	0.001
0.900	0.001	0.098	0.001
0.521	0.146	0.332	0.001
>CCACHBGGTGGC	19-CCACHBGGTGGC	11.380209	-21.577382	0	T:46.0(0.14%),B:2.0(0.01%),P:1e-9	Tpos:199.9,Tstd:41.4,Bpos:202.0,Bstd:0.0,StrandBias:0.6,Multiplicity:1.00
0.005	0.898	0.067	0.030
0.005	0.993	0.001	0.001
0.520	0.089	0.229	0.162
0.011	0.758	0.217	0.014
0.277	0.342	0.185	0.196
0.184	0.343	0.261	0.212
0.178	0.061	0.607	0.154
0.045	0.116	0.838	0.001
0.256	0.141	0.154	0.449
0.001	0.001	0.997	0.001
0.007	0.140	0.789	0.064
0.073	0.870	0.040	0.017
>CHTCCCATTGGC	20-CHTCCCATTGGC	12.235205	-21.337432	0	T:109.0(0.34%),B:21.6(0.10%),P:1e-9	Tpos:198.6,Tstd:69.9,Bpos:470.2,Bstd:332.1,StrandBias:-0.2,Multiplicity:1.00
0.043	0.794	0.007	0.156
0.366	0.312	0.033	0.289
0.098	0.055	0.161	0.686
0.002	0.658	0.010	0.330
0.022	0.727	0.001	0.250
0.014	0.806	0.043	0.137
0.789	0.001	0.004	0.206
0.001	0.160	0.049	0.790
0.001	0.009	0.012	0.978
0.006	0.001	0.988	0.005
0.004	0.131	0.676	0.189
0.006	0.782	0.002	0.210
>ACCCTATGAATG	21-ACCCTATGAATG	12.775098	-20.922802	0	T:100.0(0.31%),B:18.2(0.08%),P:1e-9	Tpos:225.4,Tstd:126.7,Bpos:383.1,Bstd:341.1,StrandBias:-0.7,Multiplicity:1.82
0.787	0.008	0.197	0.008
0.001	0.997	0.001	0.001
0.001	0.997	0.001	0.001
0.187	0.601	0.001	0.211
0.001	0.001	0.001	0.997
0.806	0.001	0.019	0.174
0.001	0.252	0.030	0.717
0.334	0.053	0.612	0.001
0.863	0.076	0.023	0.038
0.772	0.001	0.144	0.083
0.001	0.001	0.001	0.997
0.001	0.001	0.997	0.001
>TCTCTCCAGTAT	22-TCTCTCCAGTAT	13.920031	-18.470934	0	T:80.0(0.25%),B:13.1(0.06%),P:1e-8	Tpos:199.6,Tstd:121.0,Bpos:464.0,Bstd:95.4,StrandBias:0.1,Multiplicity:1.94
0.001	0.001	0.009	0.989
0.001	0.864	0.010	0.125
0.001	0.009	0.001	0.989
0.001	0.964	0.010	0.025
0.062	0.031	0.005	0.902
0.001	0.997	0.001	0.001
0.004	0.994	0.001	0.001
0.927	0.005	0.020	0.048
0.001	0.017	0.973	0.009
0.025	0.001	0.001	0.973
0.731	0.039	0.229	0.001
0.001	0.019	0.001	0.979
>TGGGAAAGCCTT	23-TGGGAAAGCCTT	9.366319	-14.913714	0	T:68.0(0.21%),B:12.5(0.06%),P:1e-6	Tpos:207.9,Tstd:112.4,Bpos:497.8,Bstd:458.7,StrandBias:0.3,Multiplicity:1.48
0.207	0.125	0.208	0.460
0.146	0.054	0.658	0.142
0.174	0.050	0.645	0.131
0.167	0.141	0.612	0.080
0.626	0.131	0.171	0.072
0.637	0.134	0.173	0.056
0.606	0.070	0.180	0.144
0.131	0.129	0.616	0.124
0.139	0.537	0.183	0.141
0.142	0.596	0.101	0.161
0.150	0.191	0.095	0.564
0.141	0.197	0.217	0.445
>GGGGCGGGGCTA	24-GGGGCGGGGCTA	13.155657	-1.120587	0	T:112.0(0.35%),B:73.6(0.33%),P:1e0	Tpos:208.9,Tstd:126.6,Bpos:415.7,Bstd:919.7,StrandBias:-0.0,Multiplicity:1.07
0.054	0.038	0.834	0.074
0.061	0.034	0.876	0.029
0.047	0.041	0.890	0.022
0.035	0.034	0.904	0.027
0.051	0.885	0.029	0.035
0.050	0.057	0.852	0.041
0.036	0.030	0.876	0.058
0.107	0.040	0.818	0.035
0.086	0.032	0.862	0.020
0.038	0.875	0.039	0.048
0.068	0.175	0.162	0.595
0.735	0.108	0.039	0.118
>CBTCCTAACGBS	25-CBTCCTAACGBS	10.597030	-0.533957	0	T:1.0(0.00%),B:0.0(0.00%),P:1e0	Tpos:298.0,Tstd:0.0,Bpos:0.0,Bstd:0.0,StrandBias:10.0,Multiplicity:1.00
0.136	0.415	0.250	0.199
0.154	0.316	0.300	0.230
0.095	0.087	0.081	0.737
0.086	0.787	0.063	0.064
0.040	0.611	0.300	0.049
0.062	0.057	0.288	0.593
0.850	0.032	0.033	0.085
0.743	0.090	0.078	0.089
0.002	0.989	0.001	0.008
0.001	0.001	0.997	0.001
0.190	0.344	0.264	0.202
0.174	0.265	0.404	0.156
