>CACTAGGGGG	1-CACTAGGGGG	8.630788	-1985.725330	0	T:9193.0(28.87%),B:1772.8(7.89%),P:1e-862	Tpos:200.8,Tstd:48.7,Bpos:494.4,Bstd:648.1,StrandBias:-0.0,Multiplicity:1.05
0.019	0.963	0.009	0.009
0.717	0.045	0.132	0.106
0.034	0.763	0.178	0.025
0.103	0.354	0.034	0.509
0.948	0.011	0.028	0.013
0.010	0.011	0.977	0.002
0.356	0.011	0.612	0.021
0.045	0.018	0.639	0.298
0.006	0.019	0.963	0.012
0.021	0.031	0.910	0.038
>CMCCTRGYGG	2-CMCCTRGYGG	8.211916	-799.820204	0	T:3309.0(10.39%),B:482.4(2.15%),P:1e-347	Tpos:205.7,Tstd:70.1,Bpos:500.7,Bstd:591.0,StrandBias:-0.0,Multiplicity:1.01
0.021	0.883	0.005	0.091
0.314	0.364	0.115	0.207
0.031	0.565	0.062	0.342
0.001	0.922	0.001	0.076
0.122	0.129	0.091	0.658
0.376	0.089	0.350	0.185
0.088	0.300	0.512	0.100
0.153	0.306	0.096	0.444
0.014	0.001	0.941	0.044
0.063	0.125	0.667	0.145
>YAGRGGGCGC	3-YAGRGGGCGC	10.186438	-792.241477	0	T:2808.0(8.82%),B:319.3(1.42%),P:1e-344	Tpos:203.0,Tstd:62.6,Bpos:513.1,Bstd:767.7,StrandBias:-0.1,Multiplicity:1.02
0.083	0.447	0.064	0.406
0.961	0.005	0.009	0.025
0.023	0.001	0.975	0.001
0.517	0.001	0.472	0.010
0.037	0.044	0.651	0.268
0.028	0.034	0.937	0.001
0.052	0.005	0.883	0.060
0.053	0.879	0.008	0.060
0.142	0.007	0.841	0.010
0.005	0.860	0.106	0.029
>CCACHAGGTG	4-CCACHAGGTG	8.981272	-718.257026	0	T:3147.0(9.88%),B:492.5(2.19%),P:1e-311	Tpos:199.0,Tstd:66.2,Bpos:619.1,Bstd:387.6,StrandBias:-0.1,Multiplicity:1.00
0.064	0.867	0.047	0.022
0.041	0.888	0.037	0.034
0.576	0.067	0.195	0.162
0.090	0.684	0.167	0.059
0.258	0.361	0.048	0.333
0.734	0.090	0.068	0.108
0.080	0.026	0.869	0.025
0.251	0.040	0.639	0.070
0.104	0.125	0.235	0.536
0.063	0.027	0.875	0.035
>CCACYAGRGG	5-CCACYAGRGG	9.280141	-644.079336	0	T:2452.0(7.70%),B:310.7(1.38%),P:1e-279	Tpos:209.8,Tstd:63.6,Bpos:476.0,Bstd:473.8,StrandBias:-0.0,Multiplicity:1.01
0.136	0.862	0.001	0.001
0.001	0.997	0.001	0.001
0.545	0.001	0.269	0.185
0.157	0.503	0.254	0.086
0.177	0.353	0.088	0.383
0.680	0.115	0.168	0.037
0.001	0.001	0.997	0.001
0.401	0.001	0.548	0.050
0.146	0.109	0.462	0.283
0.001	0.001	0.979	0.019
>AGRKGGCGCT	6-AGRKGGCGCT	10.330757	-475.984039	0	T:1615.0(5.07%),B:164.3(0.73%),P:1e-206	Tpos:198.8,Tstd:48.6,Bpos:456.9,Bstd:483.3,StrandBias:0.2,Multiplicity:1.01
0.864	0.001	0.089	0.046
0.070	0.001	0.928	0.001
0.490	0.001	0.508	0.001
0.161	0.107	0.422	0.310
0.001	0.001	0.990	0.008
0.071	0.001	0.722	0.206
0.001	0.973	0.001	0.025
0.238	0.001	0.760	0.001
0.083	0.681	0.209	0.027
0.104	0.132	0.097	0.667
>ACTAGAGGGC	7-ACTAGAGGGC	9.168809	-399.484754	0	T:1406.0(4.42%),B:152.9(0.68%),P:1e-173	Tpos:200.2,Tstd:92.4,Bpos:510.0,Bstd:461.3,StrandBias:-0.1,Multiplicity:1.00
0.600	0.128	0.143	0.129
0.060	0.654	0.205	0.081
0.162	0.242	0.155	0.441
0.795	0.035	0.114	0.056
0.090	0.032	0.857	0.021
0.635	0.053	0.259	0.053
0.063	0.018	0.738	0.181
0.128	0.076	0.764	0.032
0.064	0.039	0.820	0.077
0.197	0.752	0.011	0.040
>GGAAATGTAG	8-GGAAATGTAG	10.621029	-318.688513	0	T:1319.0(4.14%),B:184.7(0.82%),P:1e-138	Tpos:200.0,Tstd:54.6,Bpos:537.3,Bstd:423.2,StrandBias:0.1,Multiplicity:1.07
0.001	0.001	0.997	0.001
0.001	0.001	0.997	0.001
0.979	0.001	0.009	0.011
0.758	0.056	0.146	0.040
0.543	0.024	0.055	0.378
0.001	0.012	0.001	0.986
0.001	0.004	0.994	0.001
0.001	0.009	0.001	0.989
0.997	0.001	0.001	0.001
0.001	0.001	0.997	0.001
>CCDSHAGRNG	9-CCDSHAGRNG	7.237665	-315.956886	0	T:1225.0(3.85%),B:155.4(0.69%),P:1e-137	Tpos:200.7,Tstd:51.0,Bpos:504.9,Bstd:456.3,StrandBias:-0.1,Multiplicity:1.00
0.103	0.673	0.173	0.051
0.026	0.969	0.004	0.001
0.354	0.096	0.305	0.245
0.196	0.386	0.300	0.117
0.218	0.317	0.164	0.301
0.542	0.107	0.225	0.126
0.070	0.001	0.928	0.001
0.385	0.029	0.497	0.088
0.220	0.233	0.281	0.266
0.180	0.002	0.704	0.114
>GGGGGCGCTA	10-GGGGGCGCTA	8.402772	-164.234620	0	T:1852.0(5.82%),B:600.0(2.67%),P:1e-71	Tpos:201.5,Tstd:78.0,Bpos:518.3,Bstd:1003.6,StrandBias:0.1,Multiplicity:1.03
0.079	0.066	0.781	0.074
0.224	0.065	0.673	0.038
0.156	0.180	0.478	0.186
0.089	0.125	0.748	0.038
0.035	0.046	0.862	0.057
0.172	0.767	0.025	0.036
0.160	0.007	0.791	0.042
0.045	0.725	0.167	0.063
0.078	0.195	0.063	0.664
0.523	0.160	0.231	0.086
>AGAGGGCGSN	11-AGAGGGCGSN	7.456750	-103.458494	0	T:1445.0(4.54%),B:516.3(2.30%),P:1e-44	Tpos:208.5,Tstd:104.1,Bpos:528.2,Bstd:695.7,StrandBias:0.1,Multiplicity:1.02
0.675	0.110	0.129	0.086
0.228	0.049	0.706	0.017
0.493	0.151	0.228	0.128
0.184	0.150	0.549	0.117
0.172	0.261	0.511	0.056
0.034	0.015	0.883	0.068
0.176	0.727	0.064	0.033
0.219	0.084	0.556	0.141
0.177	0.328	0.419	0.077
0.180	0.249	0.328	0.243
>ACCACGGACA	12-ACCACGGACA	11.091425	-74.982601	0	T:395.0(1.24%),B:74.7(0.33%),P:1e-32	Tpos:199.9,Tstd:39.4,Bpos:491.0,Bstd:447.8,StrandBias:-0.2,Multiplicity:1.02
0.992	0.001	0.001	0.006
0.001	0.973	0.025	0.001
0.010	0.966	0.019	0.005
0.797	0.001	0.127	0.075
0.074	0.562	0.041	0.323
0.001	0.001	0.997	0.001
0.001	0.001	0.997	0.001
0.997	0.001	0.001	0.001
0.005	0.974	0.015	0.006
0.974	0.021	0.004	0.001
>ACAGCGCCNC	13-ACAGCGCCNC	7.823268	-51.994355	0	T:569.0(1.79%),B:182.3(0.81%),P:1e-22	Tpos:210.8,Tstd:75.8,Bpos:525.9,Bstd:749.5,StrandBias:0.0,Multiplicity:1.00
0.625	0.033	0.233	0.109
0.182	0.507	0.264	0.047
0.526	0.189	0.146	0.139
0.066	0.153	0.713	0.068
0.017	0.792	0.073	0.118
0.075	0.044	0.691	0.190
0.101	0.636	0.160	0.103
0.125	0.576	0.222	0.077
0.260	0.266	0.310	0.165
0.113	0.606	0.120	0.161
>NTTTCCCVGC	14-NTTTCCCVGC	7.926682	-24.621467	0	T:615.0(1.93%),B:272.2(1.21%),P:1e-10	Tpos:199.2,Tstd:92.7,Bpos:500.9,Bstd:462.9,StrandBias:0.2,Multiplicity:1.01
0.302	0.303	0.181	0.215
0.177	0.059	0.179	0.585
0.014	0.066	0.001	0.919
0.051	0.229	0.050	0.670
0.059	0.626	0.124	0.191
0.102	0.639	0.148	0.111
0.096	0.675	0.066	0.163
0.344	0.214	0.254	0.189
0.125	0.162	0.650	0.063
0.205	0.543	0.193	0.059
>CGCATGCGCA	15-CGCATGCGCA	10.281877	-23.754707	0	T:526.0(1.65%),B:225.2(1.00%),P:1e-10	Tpos:203.1,Tstd:97.7,Bpos:518.6,Bstd:630.4,StrandBias:0.0,Multiplicity:1.11
0.108	0.862	0.029	0.001
0.077	0.015	0.903	0.005
0.055	0.883	0.050	0.012
0.584	0.319	0.054	0.043
0.035	0.054	0.142	0.769
0.016	0.017	0.911	0.056
0.027	0.939	0.001	0.033
0.001	0.001	0.982	0.016
0.044	0.771	0.042	0.143
0.543	0.052	0.255	0.150
>SDCTTCCGGT	16-SDCTTCCGGT	9.063808	-19.276060	0	T:490.0(1.54%),B:219.9(0.98%),P:1e-8	Tpos:196.1,Tstd:93.8,Bpos:477.9,Bstd:624.1,StrandBias:0.2,Multiplicity:1.07
0.152	0.400	0.260	0.188
0.320	0.141	0.338	0.201
0.001	0.643	0.063	0.293
0.001	0.004	0.001	0.994
0.003	0.001	0.002	0.994
0.001	0.997	0.001	0.001
0.001	0.819	0.001	0.179
0.001	0.015	0.977	0.007
0.001	0.256	0.557	0.186
0.057	0.292	0.166	0.485
>CCCAGAATGC	17-CCCAGAATGC	8.777192	-16.681340	0	T:343.0(1.08%),B:145.3(0.65%),P:1e-7	Tpos:210.4,Tstd:69.9,Bpos:531.0,Bstd:426.8,StrandBias:0.1,Multiplicity:1.06
0.067	0.590	0.180	0.163
0.100	0.768	0.043	0.089
0.148	0.725	0.035	0.092
0.788	0.054	0.117	0.041
0.019	0.249	0.504	0.228
0.545	0.175	0.185	0.095
0.934	0.007	0.013	0.046
0.206	0.026	0.225	0.543
0.085	0.190	0.540	0.185
0.032	0.702	0.209	0.057
>CTTCCGGCGG	18-CTTCCGGCGG	9.121993	-13.061691	0	T:321.0(1.01%),B:144.2(0.64%),P:1e-5	Tpos:197.5,Tstd:98.8,Bpos:515.6,Bstd:487.8,StrandBias:0.1,Multiplicity:1.01
0.060	0.561	0.108	0.271
0.009	0.027	0.063	0.901
0.046	0.048	0.162	0.744
0.001	0.837	0.093	0.069
0.036	0.785	0.001	0.178
0.095	0.057	0.750	0.098
0.001	0.217	0.744	0.038
0.001	0.849	0.065	0.085
0.243	0.084	0.419	0.255
0.001	0.232	0.589	0.178
>GCGCTTGCGC	19-GCGCTTGCGC	11.468312	-3.340780	0	T:78.0(0.24%),B:39.0(0.17%),P:1e-1	Tpos:225.9,Tstd:114.4,Bpos:474.2,Bstd:475.5,StrandBias:0.2,Multiplicity:1.00
0.073	0.043	0.842	0.042
0.065	0.818	0.054	0.063
0.064	0.085	0.778	0.073
0.057	0.824	0.072	0.047
0.114	0.202	0.001	0.683
0.054	0.104	0.072	0.770
0.028	0.118	0.779	0.075
0.055	0.802	0.065	0.078
0.055	0.110	0.780	0.055
0.076	0.806	0.048	0.070
>MGGVYTTTCC	20-MGGVYTTTCC	8.564803	-1.280430	0	T:95.0(0.30%),B:60.4(0.27%),P:1e0	Tpos:199.7,Tstd:135.2,Bpos:553.2,Bstd:380.8,StrandBias:0.6,Multiplicity:1.05
0.430	0.286	0.192	0.092
0.419	0.001	0.579	0.001
0.003	0.413	0.580	0.004
0.231	0.358	0.268	0.143
0.204	0.304	0.108	0.384
0.003	0.068	0.001	0.928
0.001	0.004	0.001	0.994
0.002	0.331	0.084	0.583
0.003	0.657	0.165	0.175
0.159	0.713	0.002	0.126
>CCTGCAGGGG	21-CCTGCAGGGG	10.277525	-1.045043	0	T:384.0(1.21%),B:262.1(1.17%),P:1e0	Tpos:193.9,Tstd:68.7,Bpos:541.2,Bstd:564.4,StrandBias:0.0,Multiplicity:1.01
0.112	0.696	0.100	0.092
0.078	0.768	0.073	0.081
0.119	0.105	0.095	0.681
0.103	0.135	0.665	0.097
0.121	0.689	0.088	0.102
0.730	0.088	0.082	0.100
0.105	0.066	0.770	0.059
0.117	0.127	0.668	0.088
0.100	0.132	0.637	0.131
0.126	0.097	0.695	0.082
>NGRRMGCYGY	22-NGRRMGCYGY	6.726895	-0.253527	0	T:212.0(0.67%),B:161.2(0.72%),P:1e0	Tpos:197.9,Tstd:82.7,Bpos:522.2,Bstd:465.8,StrandBias:-0.1,Multiplicity:1.01
0.326	0.236	0.257	0.181
0.293	0.040	0.628	0.039
0.291	0.217	0.423	0.068
0.276	0.193	0.383	0.148
0.420	0.310	0.102	0.168
0.340	0.026	0.606	0.028
0.029	0.894	0.046	0.031
0.260	0.266	0.058	0.416
0.034	0.224	0.544	0.198
0.089	0.466	0.123	0.322
>AAGGCGGCGC	23-AAGGCGGCGC	8.927062	-0.080526	0	T:841.0(2.64%),B:638.5(2.84%),P:1e0	Tpos:206.5,Tstd:96.8,Bpos:461.7,Bstd:722.4,StrandBias:-0.0,Multiplicity:1.04
0.804	0.111	0.001	0.084
0.614	0.087	0.238	0.061
0.110	0.060	0.819	0.011
0.090	0.009	0.845	0.056
0.125	0.706	0.103	0.066
0.178	0.062	0.696	0.064
0.001	0.167	0.772	0.060
0.071	0.842	0.086	0.001
0.065	0.059	0.818	0.058
0.106	0.788	0.079	0.027
>AAGGCTTTBC	24-AAGGCTTTBC	9.872028	-0.052319	0	T:103.0(0.32%),B:92.0(0.41%),P:1e0	Tpos:203.1,Tstd:110.2,Bpos:472.7,Bstd:501.4,StrandBias:-0.4,Multiplicity:1.31
0.604	0.167	0.188	0.041
0.630	0.071	0.293	0.006
0.156	0.213	0.513	0.118
0.028	0.340	0.604	0.028
0.014	0.796	0.085	0.105
0.017	0.024	0.041	0.918
0.048	0.020	0.058	0.874
0.063	0.157	0.070	0.710
0.013	0.377	0.358	0.253
0.044	0.917	0.023	0.016
>CNCCTGBWGG	25-CNCCTGBWGG	7.383804	-0.000004	0	T:121.0(0.38%),B:146.9(0.65%),P:1e0	Tpos:200.9,Tstd:93.2,Bpos:484.6,Bstd:684.7,StrandBias:0.4,Multiplicity:1.00
0.209	0.485	0.037	0.269
0.283	0.205	0.304	0.208
0.174	0.529	0.001	0.296
0.001	0.755	0.001	0.243
0.250	0.149	0.200	0.401
0.255	0.001	0.454	0.290
0.001	0.373	0.352	0.275
0.504	0.057	0.001	0.438
0.001	0.001	0.997	0.001
0.214	0.021	0.764	0.001
>CCACYAGGGGGC	1-CCACYAGGGGGC	8.978220	-3554.347724	0	T:11911.0(37.40%),B:1668.6(7.43%),P:1e-1543	Tpos:200.3,Tstd:42.9,Bpos:503.0,Bstd:687.9,StrandBias:-0.0,Multiplicity:1.05
0.107	0.748	0.076	0.069
0.001	0.997	0.001	0.001
0.615	0.080	0.140	0.165
0.063	0.591	0.306	0.040
0.133	0.383	0.065	0.419
0.805	0.001	0.061	0.133
0.001	0.001	0.997	0.001
0.405	0.001	0.593	0.001
0.066	0.031	0.538	0.365
0.001	0.001	0.997	0.001
0.038	0.006	0.844	0.112
0.172	0.677	0.039	0.112
>CYCTAGGGGGCG	2-CYCTAGGGGGCG	7.599408	-910.222959	0	T:2593.0(8.14%),B:184.5(0.82%),P:1e-395	Tpos:204.3,Tstd:70.0,Bpos:562.1,Bstd:444.4,StrandBias:-0.1,Multiplicity:1.01
0.001	0.997	0.001	0.001
0.154	0.320	0.163	0.363
0.001	0.997	0.001	0.001
0.001	0.001	0.001	0.997
0.997	0.001	0.001	0.001
0.001	0.001	0.997	0.001
0.250	0.001	0.748	0.001
0.001	0.001	0.913	0.085
0.001	0.001	0.997	0.001
0.001	0.001	0.997	0.001
0.241	0.605	0.001	0.153
0.258	0.001	0.740	0.001
>CCCCCTRGTGGC	3-CCCCCTRGTGGC	10.875102	-864.899699	0	T:2399.0(7.53%),B:157.4(0.70%),P:1e-375	Tpos:207.5,Tstd:62.8,Bpos:396.3,Bstd:453.7,StrandBias:0.4,Multiplicity:1.00
0.067	0.540	0.252	0.141
0.001	0.979	0.005	0.015
0.230	0.591	0.009	0.170
0.001	0.687	0.001	0.311
0.001	0.997	0.001	0.001
0.022	0.326	0.001	0.651
0.403	0.005	0.397	0.196
0.004	0.278	0.708	0.010
0.161	0.239	0.001	0.599
0.001	0.001	0.997	0.001
0.001	0.047	0.941	0.011
0.099	0.622	0.015	0.264
>GGGAAWTGTAGT	4-GGGAAWTGTAGT	11.229690	-668.782043	0	T:1694.0(5.32%),B:80.7(0.36%),P:1e-290	Tpos:201.7,Tstd:50.1,Bpos:521.0,Bstd:450.9,StrandBias:0.0,Multiplicity:1.11
0.025	0.009	0.951	0.015
0.018	0.012	0.960	0.010
0.039	0.012	0.927	0.022
0.875	0.019	0.052	0.054
0.511	0.112	0.306	0.071
0.397	0.088	0.096	0.419
0.015	0.125	0.037	0.823
0.015	0.018	0.959	0.008
0.040	0.073	0.065	0.822
0.874	0.014	0.090	0.022
0.018	0.011	0.961	0.010
0.019	0.021	0.037	0.923
>AGGGGGCGCTGT	5-AGGGGGCGCTGT	11.000819	-419.122906	0	T:1553.0(4.88%),B:184.5(0.82%),P:1e-182	Tpos:199.3,Tstd:56.2,Bpos:429.6,Bstd:512.4,StrandBias:0.1,Multiplicity:1.02
0.698	0.039	0.149	0.114
0.008	0.001	0.990	0.001
0.314	0.001	0.677	0.008
0.083	0.042	0.645	0.230
0.001	0.001	0.996	0.002
0.016	0.001	0.959	0.024
0.180	0.668	0.023	0.129
0.122	0.001	0.876	0.001
0.001	0.931	0.067	0.001
0.042	0.194	0.005	0.759
0.197	0.244	0.555	0.004
0.054	0.286	0.179	0.482
>GCCAGGGGGCGC	6-GCCAGGGGGCGC	10.892467	-248.731938	0	T:1354.0(4.25%),B:261.6(1.16%),P:1e-108	Tpos:206.0,Tstd:81.2,Bpos:405.6,Bstd:528.7,StrandBias:-0.0,Multiplicity:1.02
0.045	0.133	0.750	0.072
0.086	0.705	0.189	0.020
0.012	0.780	0.093	0.115
0.839	0.034	0.059	0.068
0.023	0.032	0.931	0.014
0.096	0.014	0.867	0.023
0.023	0.069	0.680	0.228
0.032	0.047	0.872	0.049
0.022	0.043	0.897	0.038
0.087	0.901	0.001	0.011
0.018	0.001	0.980	0.001
0.009	0.989	0.001	0.001
>GCTCCCTCTAGT	7-GCTCCCTCTAGT	11.289045	-215.735423	0	T:668.0(2.10%),B:55.9(0.25%),P:1e-93	Tpos:198.2,Tstd:58.4,Bpos:625.9,Bstd:393.4,StrandBias:-0.0,Multiplicity:1.00
0.037	0.105	0.752	0.106
0.009	0.928	0.028	0.035
0.101	0.061	0.226	0.612
0.007	0.912	0.052	0.029
0.015	0.921	0.009	0.055
0.085	0.817	0.009	0.089
0.012	0.230	0.013	0.745
0.012	0.934	0.031	0.023
0.035	0.156	0.017	0.792
0.537	0.052	0.263	0.148
0.023	0.221	0.734	0.022
0.123	0.301	0.081	0.495
>GCTGTCCRTGGT	8-GCTGTCCRTGGT	10.751217	-203.560117	0	T:734.0(2.30%),B:82.6(0.37%),P:1e-88	Tpos:201.6,Tstd:37.3,Bpos:477.3,Bstd:421.2,StrandBias:0.1,Multiplicity:1.04
0.148	0.184	0.467	0.202
0.024	0.931	0.017	0.028
0.018	0.036	0.018	0.928
0.114	0.239	0.591	0.056
0.111	0.060	0.111	0.718
0.013	0.925	0.027	0.035
0.026	0.770	0.023	0.181
0.374	0.107	0.388	0.131
0.271	0.203	0.089	0.437
0.036	0.018	0.915	0.031
0.018	0.036	0.928	0.018
0.085	0.018	0.031	0.866
>CCCCTAGTGGCC	9-CCCCTAGTGGCC	12.449347	-169.095978	0	T:485.0(1.52%),B:33.0(0.15%),P:1e-73	Tpos:201.9,Tstd:39.1,Bpos:619.7,Bstd:251.6,StrandBias:0.3,Multiplicity:1.00
0.008	0.932	0.003	0.057
0.083	0.803	0.026	0.088
0.093	0.733	0.001	0.173
0.001	0.997	0.001	0.001
0.017	0.119	0.067	0.797
0.665	0.044	0.167	0.124
0.012	0.050	0.930	0.008
0.120	0.103	0.083	0.694
0.001	0.001	0.997	0.001
0.038	0.034	0.892	0.036
0.083	0.720	0.054	0.143
0.096	0.734	0.083	0.087
>TCAGCACCATGG	10-TCAGCACCATGG	13.571413	-88.554859	0	T:267.0(0.84%),B:21.2(0.09%),P:1e-38	Tpos:196.1,Tstd:40.5,Bpos:507.0,Bstd:311.5,StrandBias:-0.1,Multiplicity:1.02
0.001	0.081	0.001	0.917
0.001	0.997	0.001	0.001
0.989	0.001	0.009	0.001
0.001	0.017	0.981	0.001
0.036	0.798	0.094	0.072
0.997	0.001	0.001	0.001
0.001	0.997	0.001	0.001
0.061	0.918	0.020	0.001
0.509	0.209	0.189	0.093
0.221	0.217	0.134	0.428
0.083	0.001	0.896	0.020
0.062	0.018	0.902	0.018
>TCCCAGAATGCC	11-TCCCAGAATGCC	12.868766	-72.745904	0	T:297.0(0.93%),B:41.3(0.18%),P:1e-31	Tpos:191.2,Tstd:67.8,Bpos:547.6,Bstd:419.6,StrandBias:-0.4,Multiplicity:1.05
0.030	0.019	0.015	0.936
0.005	0.977	0.001	0.017
0.029	0.950	0.006	0.015
0.010	0.987	0.001	0.002
0.993	0.001	0.005	0.001
0.001	0.097	0.888	0.014
0.771	0.152	0.060	0.017
0.926	0.001	0.059	0.014
0.001	0.005	0.065	0.929
0.001	0.091	0.844	0.064
0.010	0.988	0.001	0.001
0.108	0.868	0.006	0.018
>GTGTGAATTCTC	12-GTGTGAATTCTC	12.783916	-48.072601	0	T:113.0(0.35%),B:4.2(0.02%),P:1e-20	Tpos:215.7,Tstd:120.9,Bpos:724.1,Bstd:209.1,StrandBias:0.3,Multiplicity:1.31
0.006	0.001	0.992	0.001
0.018	0.001	0.001	0.980
0.262	0.001	0.730	0.007
0.007	0.001	0.001	0.991
0.001	0.001	0.996	0.002
0.873	0.045	0.060	0.022
0.816	0.028	0.155	0.001
0.007	0.025	0.013	0.955
0.007	0.031	0.001	0.961
0.015	0.953	0.007	0.025
0.001	0.006	0.001	0.992
0.013	0.952	0.001	0.034
>GGTCTGTGTAAG	13-GGTCTGTGTAAG	12.213786	-47.527380	0	T:107.0(0.34%),B:3.5(0.02%),P:1e-20	Tpos:195.1,Tstd:57.5,Bpos:634.3,Bstd:132.6,StrandBias:-0.1,Multiplicity:1.00
0.019	0.001	0.961	0.019
0.019	0.009	0.971	0.001
0.001	0.037	0.001	0.961
0.001	0.997	0.001	0.001
0.010	0.001	0.009	0.980
0.047	0.019	0.868	0.066
0.009	0.038	0.009	0.944
0.009	0.001	0.981	0.009
0.016	0.001	0.001	0.982
0.989	0.001	0.001	0.009
0.934	0.001	0.009	0.056
0.019	0.019	0.961	0.001
>CCCTTGCAGCTA	14-CCCTTGCAGCTA	11.251242	-46.437761	0	T:313.0(0.98%),B:74.7(0.33%),P:1e-20	Tpos:201.5,Tstd:63.1,Bpos:505.7,Bstd:372.8,StrandBias:0.2,Multiplicity:1.00
0.001	0.874	0.004	0.121
0.001	0.864	0.025	0.110
0.001	0.815	0.001	0.183
0.066	0.001	0.001	0.932
0.038	0.017	0.043	0.902
0.001	0.001	0.997	0.001
0.060	0.778	0.058	0.104
0.804	0.001	0.034	0.161
0.132	0.012	0.834	0.022
0.049	0.600	0.079	0.272
0.103	0.026	0.001	0.870
0.539	0.113	0.224	0.124
>TRGTCACRTGAC	15-TRGTCACRTGAC	10.988151	-42.398196	0	T:203.0(0.64%),B:35.7(0.16%),P:1e-18	Tpos:203.1,Tstd:78.1,Bpos:477.0,Bstd:291.7,StrandBias:-0.2,Multiplicity:1.01
0.167	0.248	0.173	0.412
0.348	0.091	0.464	0.097
0.182	0.071	0.734	0.013
0.007	0.373	0.080	0.540
0.001	0.989	0.009	0.001
0.997	0.001	0.001	0.001
0.001	0.640	0.068	0.291
0.436	0.032	0.531	0.001
0.001	0.001	0.001	0.997
0.001	0.001	0.997	0.001
0.565	0.035	0.398	0.002
0.016	0.589	0.182	0.213
>SCSCACTTCCGG	16-SCSCACTTCCGG	11.860678	-41.695507	0	T:170.0(0.53%),B:24.9(0.11%),P:1e-18	Tpos:211.0,Tstd:91.2,Bpos:352.4,Bstd:232.6,StrandBias:0.1,Multiplicity:1.01
0.223	0.369	0.380	0.028
0.178	0.454	0.291	0.077
0.081	0.368	0.470	0.082
0.001	0.814	0.176	0.009
0.687	0.001	0.311	0.001
0.001	0.995	0.001	0.003
0.004	0.004	0.004	0.988
0.001	0.207	0.004	0.788
0.003	0.995	0.001	0.001
0.001	0.995	0.001	0.003
0.004	0.063	0.929	0.004
0.001	0.249	0.737	0.013
>GCGCATGCGCAG	17-GCGCATGCGCAG	10.877414	-35.952360	0	T:638.0(2.00%),B:252.8(1.13%),P:1e-15	Tpos:204.4,Tstd:100.0,Bpos:544.6,Bstd:678.0,StrandBias:0.2,Multiplicity:1.12
0.050	0.030	0.902	0.018
0.047	0.877	0.056	0.020
0.038	0.027	0.899	0.036
0.021	0.924	0.043	0.012
0.689	0.171	0.097	0.043
0.052	0.080	0.208	0.660
0.017	0.037	0.929	0.017
0.026	0.914	0.022	0.038
0.022	0.055	0.868	0.055
0.017	0.918	0.033	0.032
0.749	0.102	0.102	0.047
0.077	0.172	0.674	0.077
>GAATGTGGGAAA	18-GAATGTGGGAAA	12.589492	-33.305296	0	T:116.0(0.36%),B:13.9(0.06%),P:1e-14	Tpos:200.3,Tstd:122.2,Bpos:526.1,Bstd:225.1,StrandBias:-0.2,Multiplicity:1.60
0.001	0.274	0.724	0.001
0.925	0.073	0.001	0.001
0.572	0.001	0.199	0.228
0.001	0.013	0.001	0.985
0.066	0.001	0.707	0.226
0.053	0.112	0.001	0.834
0.076	0.001	0.885	0.038
0.135	0.054	0.802	0.009
0.292	0.072	0.582	0.054
0.809	0.082	0.108	0.001
0.900	0.001	0.098	0.001
0.521	0.146	0.332	0.001
>CCACHBGGTGGC	19-CCACHBGGTGGC	11.380209	-21.577382	0	T:46.0(0.14%),B:2.0(0.01%),P:1e-9	Tpos:199.9,Tstd:41.4,Bpos:202.0,Bstd:0.0,StrandBias:0.6,Multiplicity:1.00
0.005	0.898	0.067	0.030
0.005	0.993	0.001	0.001
0.520	0.089	0.229	0.162
0.011	0.758	0.217	0.014
0.277	0.342	0.185	0.196
0.184	0.343	0.261	0.212
0.178	0.061	0.607	0.154
0.045	0.116	0.838	0.001
0.256	0.141	0.154	0.449
0.001	0.001	0.997	0.001
0.007	0.140	0.789	0.064
0.073	0.870	0.040	0.017
>CHTCCCATTGGC	20-CHTCCCATTGGC	12.235205	-21.337432	0	T:109.0(0.34%),B:21.6(0.10%),P:1e-9	Tpos:198.6,Tstd:69.9,Bpos:470.2,Bstd:332.1,StrandBias:-0.2,Multiplicity:1.00
0.043	0.794	0.007	0.156
0.366	0.312	0.033	0.289
0.098	0.055	0.161	0.686
0.002	0.658	0.010	0.330
0.022	0.727	0.001	0.250
0.014	0.806	0.043	0.137
0.789	0.001	0.004	0.206
0.001	0.160	0.049	0.790
0.001	0.009	0.012	0.978
0.006	0.001	0.988	0.005
0.004	0.131	0.676	0.189
0.006	0.782	0.002	0.210
>ACCCTATGAATG	21-ACCCTATGAATG	12.775098	-20.922802	0	T:100.0(0.31%),B:18.2(0.08%),P:1e-9	Tpos:225.4,Tstd:126.7,Bpos:383.1,Bstd:341.1,StrandBias:-0.7,Multiplicity:1.82
0.787	0.008	0.197	0.008
0.001	0.997	0.001	0.001
0.001	0.997	0.001	0.001
0.187	0.601	0.001	0.211
0.001	0.001	0.001	0.997
0.806	0.001	0.019	0.174
0.001	0.252	0.030	0.717
0.334	0.053	0.612	0.001
0.863	0.076	0.023	0.038
0.772	0.001	0.144	0.083
0.001	0.001	0.001	0.997
0.001	0.001	0.997	0.001
>TCTCTCCAGTAT	22-TCTCTCCAGTAT	13.920031	-18.470934	0	T:80.0(0.25%),B:13.1(0.06%),P:1e-8	Tpos:199.6,Tstd:121.0,Bpos:464.0,Bstd:95.4,StrandBias:0.1,Multiplicity:1.94
0.001	0.001	0.009	0.989
0.001	0.864	0.010	0.125
0.001	0.009	0.001	0.989
0.001	0.964	0.010	0.025
0.062	0.031	0.005	0.902
0.001	0.997	0.001	0.001
0.004	0.994	0.001	0.001
0.927	0.005	0.020	0.048
0.001	0.017	0.973	0.009
0.025	0.001	0.001	0.973
0.731	0.039	0.229	0.001
0.001	0.019	0.001	0.979
>TGGGAAAGCCTT	23-TGGGAAAGCCTT	9.366319	-14.913714	0	T:68.0(0.21%),B:12.5(0.06%),P:1e-6	Tpos:207.9,Tstd:112.4,Bpos:497.8,Bstd:458.7,StrandBias:0.3,Multiplicity:1.48
0.207	0.125	0.208	0.460
0.146	0.054	0.658	0.142
0.174	0.050	0.645	0.131
0.167	0.141	0.612	0.080
0.626	0.131	0.171	0.072
0.637	0.134	0.173	0.056
0.606	0.070	0.180	0.144
0.131	0.129	0.616	0.124
0.139	0.537	0.183	0.141
0.142	0.596	0.101	0.161
0.150	0.191	0.095	0.564
0.141	0.197	0.217	0.445
>GGGGCGGGGCTA	24-GGGGCGGGGCTA	13.155657	-1.120587	0	T:112.0(0.35%),B:73.6(0.33%),P:1e0	Tpos:208.9,Tstd:126.6,Bpos:415.7,Bstd:919.7,StrandBias:-0.0,Multiplicity:1.07
0.054	0.038	0.834	0.074
0.061	0.034	0.876	0.029
0.047	0.041	0.890	0.022
0.035	0.034	0.904	0.027
0.051	0.885	0.029	0.035
0.050	0.057	0.852	0.041
0.036	0.030	0.876	0.058
0.107	0.040	0.818	0.035
0.086	0.032	0.862	0.020
0.038	0.875	0.039	0.048
0.068	0.175	0.162	0.595
0.735	0.108	0.039	0.118
>CBTCCTAACGBS	25-CBTCCTAACGBS	10.597030	-0.533957	0	T:1.0(0.00%),B:0.0(0.00%),P:1e0	Tpos:298.0,Tstd:0.0,Bpos:0.0,Bstd:0.0,StrandBias:10.0,Multiplicity:1.00
0.136	0.415	0.250	0.199
0.154	0.316	0.300	0.230
0.095	0.087	0.081	0.737
0.086	0.787	0.063	0.064
0.040	0.611	0.300	0.049
0.062	0.057	0.288	0.593
0.850	0.032	0.033	0.085
0.743	0.090	0.078	0.089
0.002	0.989	0.001	0.008
0.001	0.001	0.997	0.001
0.190	0.344	0.264	0.202
0.174	0.265	0.404	0.156
>AGGTGGCG	1-AGGTGGCG	8.091928	-189.941669	0	T:10386.0(32.61%),B:5616.9(24.99%),P:1e-82	Tpos:202.6,Tstd:78.9,Bpos:499.3,Bstd:677.9,StrandBias:-0.0,Multiplicity:1.13
0.997	0.001	0.001	0.001
0.001	0.001	0.997	0.001
0.230	0.001	0.768	0.001
0.001	0.001	0.328	0.670
0.001	0.001	0.997	0.001
0.001	0.001	0.997	0.001
0.001	0.997	0.001	0.001
0.327	0.001	0.671	0.001
>TAGGGGGC	2-TAGGGGGC	8.228219	-168.681944	0	T:2484.0(7.80%),B:912.4(4.06%),P:1e-73	Tpos:200.1,Tstd:65.9,Bpos:502.8,Bstd:495.1,StrandBias:0.0,Multiplicity:1.03
0.060	0.244	0.068	0.628
0.977	0.001	0.001	0.021
0.027	0.039	0.925	0.009
0.240	0.039	0.550	0.171
0.003	0.018	0.719	0.260
0.001	0.158	0.813	0.028
0.049	0.103	0.811	0.037
0.053	0.885	0.023	0.039
>CCCYCTAG	3-CCCYCTAG	8.240864	-140.896154	0	T:2555.0(8.02%),B:1015.2(4.52%),P:1e-61	Tpos:202.7,Tstd:88.7,Bpos:519.3,Bstd:614.1,StrandBias:-0.0,Multiplicity:1.02
0.189	0.616	0.155	0.040
0.001	0.803	0.139	0.057
0.144	0.768	0.030	0.058
0.019	0.358	0.168	0.456
0.001	0.747	0.001	0.251
0.001	0.039	0.001	0.959
0.806	0.033	0.087	0.074
0.132	0.081	0.737	0.050
>GCCACTAG	4-GCCACTAG	10.185421	-74.668209	0	T:1116.0(3.50%),B:410.4(1.83%),P:1e-32	Tpos:199.1,Tstd:56.4,Bpos:547.8,Bstd:462.7,StrandBias:0.0,Multiplicity:1.01
0.164	0.025	0.761	0.050
0.019	0.941	0.026	0.014
0.001	0.997	0.001	0.001
0.921	0.022	0.025	0.032
0.021	0.917	0.052	0.010
0.099	0.216	0.010	0.675
0.997	0.001	0.001	0.001
0.001	0.001	0.997	0.001
>ACTACATT	5-ACTACATT	10.921537	-57.298882	0	T:1046.0(3.28%),B:415.1(1.85%),P:1e-24	Tpos:201.7,Tstd:66.5,Bpos:453.2,Bstd:294.7,StrandBias:0.0,Multiplicity:1.02
0.997	0.001	0.001	0.001
0.001	0.997	0.001	0.001
0.001	0.001	0.001	0.997
0.997	0.001	0.001	0.001
0.001	0.997	0.001	0.001
0.962	0.001	0.036	0.001
0.104	0.001	0.001	0.894
0.001	0.001	0.001	0.997
>CGGAAGCG	6-CGGAAGCG	8.775352	-0.028810	0	T:434.0(1.36%),B:350.0(1.56%),P:1e0	Tpos:203.4,Tstd:96.7,Bpos:475.9,Bstd:795.0,StrandBias:-0.1,Multiplicity:1.05
0.108	0.708	0.072	0.112
0.032	0.080	0.831	0.057
0.108	0.166	0.679	0.047
0.787	0.100	0.030	0.083
0.716	0.078	0.111	0.095
0.143	0.044	0.756	0.057
0.053	0.779	0.053	0.115
0.073	0.121	0.745	0.061
>SCGCTTTY	7-SCGCTTTY	5.661894	-0.000087	0	T:313.0(0.98%),B:298.4(1.33%),P:1e0	Tpos:189.7,Tstd:112.1,Bpos:427.1,Bstd:465.3,StrandBias:0.0,Multiplicity:1.02
0.135	0.262	0.378	0.225
0.140	0.476	0.209	0.175
0.051	0.298	0.650	0.001
0.049	0.707	0.152	0.092
0.095	0.195	0.224	0.486
0.136	0.262	0.120	0.483
0.110	0.152	0.108	0.630
0.164	0.359	0.200	0.277
>AGAGCGCK	8-AGAGCGCK	7.772059	-0.000009	0	T:438.0(1.38%),B:413.6(1.84%),P:1e0	Tpos:206.5,Tstd:104.4,Bpos:584.7,Bstd:990.9,StrandBias:-0.0,Multiplicity:1.03
0.895	0.001	0.044	0.060
0.339	0.101	0.497	0.062
0.548	0.168	0.103	0.181
0.116	0.161	0.611	0.112
0.064	0.749	0.186	0.001
0.001	0.001	0.941	0.057
0.001	0.869	0.129	0.001
0.125	0.224	0.397	0.254
>YCCTTTCC	9-YCCTTTCC	6.007975	-0.000000	0	T:15080.0(47.35%),B:15538.7(69.15%),P:1e0	Tpos:202.5,Tstd:116.4,Bpos:507.5,Bstd:526.3,StrandBias:-0.0,Multiplicity:1.14
0.135	0.396	0.185	0.285
0.042	0.573	0.310	0.075
0.070	0.743	0.171	0.016
0.064	0.279	0.001	0.656
0.001	0.001	0.001	0.997
0.001	0.290	0.026	0.683
0.033	0.563	0.195	0.209
0.101	0.781	0.116	0.002
>TTTCCCTB	10-TTTCCCTB	5.334802	-0.000000	0	T:12279.0(38.56%),B:13591.8(60.48%),P:1e0	Tpos:203.1,Tstd:119.1,Bpos:497.6,Bstd:506.1,StrandBias:0.0,Multiplicity:1.18
0.001	0.001	0.001	0.997
0.001	0.001	0.001	0.997
0.001	0.153	0.001	0.845
0.001	0.997	0.001	0.001
0.001	0.997	0.001	0.001
0.001	0.945	0.053	0.001
0.001	0.211	0.037	0.751
0.144	0.339	0.271	0.246
>GGGAGGAG	11-GGGAGGAG	3.793235	-0.000000	0	T:11381.0(35.74%),B:13723.1(61.07%),P:1e0	Tpos:205.4,Tstd:118.9,Bpos:518.5,Bstd:558.2,StrandBias:0.1,Multiplicity:1.11
0.001	0.001	0.997	0.001
0.001	0.001	0.997	0.001
0.001	0.001	0.997	0.001
0.946	0.001	0.052	0.001
0.180	0.001	0.818	0.001
0.001	0.001	0.997	0.001
0.997	0.001	0.001	0.001
0.271	0.001	0.727	0.001
>AARGGGGH	12-AARGGGGH	8.667576	-0.000000	0	T:4604.0(14.46%),B:5825.6(25.92%),P:1e0	Tpos:207.2,Tstd:113.8,Bpos:507.9,Bstd:537.9,StrandBias:-0.1,Multiplicity:1.02
0.997	0.001	0.001	0.001
0.997	0.001	0.001	0.001
0.566	0.001	0.432	0.001
0.001	0.001	0.997	0.001
0.001	0.001	0.997	0.001
0.001	0.001	0.997	0.001
0.001	0.001	0.997	0.001
0.350	0.311	0.131	0.209
>TTCCCYTT	13-TTCCCYTT	6.103563	-0.000000	0	T:12147.0(38.14%),B:13642.6(60.71%),P:1e0	Tpos:202.4,Tstd:115.4,Bpos:508.2,Bstd:477.3,StrandBias:0.1,Multiplicity:1.10
0.044	0.175	0.034	0.747
0.070	0.224	0.159	0.547
0.019	0.781	0.087	0.113
0.001	0.905	0.093	0.001
0.001	0.894	0.045	0.060
0.073	0.365	0.091	0.471
0.266	0.193	0.084	0.457
0.057	0.185	0.300	0.458
>GRRGGGRG	14-GRRGGGRG	5.901200	-0.000000	0	T:20555.0(64.55%),B:18785.8(83.60%),P:1e0	Tpos:202.3,Tstd:116.7,Bpos:509.3,Bstd:675.4,StrandBias:0.1,Multiplicity:1.16
0.168	0.196	0.635	0.001
0.542	0.001	0.456	0.001
0.561	0.001	0.437	0.001
0.123	0.001	0.875	0.001
0.253	0.001	0.745	0.001
0.184	0.001	0.814	0.001
0.432	0.001	0.566	0.001
0.178	0.235	0.462	0.126
>CTTTCCCA	15-CTTTCCCA	6.295875	-0.000000	0	T:11986.0(37.64%),B:12631.2(56.21%),P:1e0	Tpos:202.8,Tstd:116.7,Bpos:511.3,Bstd:488.8,StrandBias:-0.0,Multiplicity:1.20
0.085	0.848	0.022	0.045
0.019	0.030	0.009	0.942
0.001	0.023	0.001	0.975
0.008	0.021	0.001	0.970
0.001	0.941	0.028	0.030
0.012	0.963	0.008	0.017
0.021	0.965	0.005	0.009
0.531	0.161	0.156	0.152
>CCYCCCCT	16-CCYCCCCT	5.951958	-0.000000	0	T:19225.0(60.37%),B:17939.5(79.83%),P:1e0	Tpos:201.5,Tstd:118.8,Bpos:504.7,Bstd:686.2,StrandBias:0.0,Multiplicity:1.24
0.004	0.782	0.001	0.213
0.001	0.913	0.001	0.085
0.001	0.479	0.001	0.519
0.001	0.595	0.001	0.403
0.001	0.899	0.001	0.099
0.001	0.997	0.001	0.001
0.001	0.997	0.001	0.001
0.001	0.293	0.001	0.705
>CCSCTTTC	17-CCSCTTTC	6.774978	-0.000000	0	T:7976.0(25.05%),B:9501.0(42.28%),P:1e0	Tpos:202.0,Tstd:116.0,Bpos:508.9,Bstd:528.6,StrandBias:-0.0,Multiplicity:1.11
0.171	0.468	0.157	0.204
0.150	0.613	0.114	0.123
0.020	0.495	0.484	0.001
0.001	0.795	0.067	0.137
0.001	0.215	0.001	0.783
0.001	0.001	0.001	0.997
0.009	0.116	0.001	0.874
0.021	0.725	0.037	0.217
>GGGAAAGC	18-GGGAAAGC	6.616931	-0.000000	0	T:8942.0(28.08%),B:10308.2(45.87%),P:1e0	Tpos:201.4,Tstd:114.2,Bpos:506.9,Bstd:556.7,StrandBias:-0.0,Multiplicity:1.22
0.101	0.113	0.658	0.128
0.102	0.107	0.711	0.080
0.115	0.114	0.720	0.051
0.771	0.080	0.100	0.049
0.760	0.119	0.088	0.033
0.829	0.054	0.052	0.065
0.083	0.070	0.770	0.077
0.053	0.782	0.109	0.056
>CCCTCCYY	19-CCCTCCYY	9.420302	-0.000000	0	T:1374.0(4.31%),B:2145.8(9.55%),P:1e0	Tpos:204.7,Tstd:120.0,Bpos:527.5,Bstd:425.5,StrandBias:0.0,Multiplicity:1.01
0.001	0.997	0.001	0.001
0.001	0.997	0.001	0.001
0.001	0.997	0.001	0.001
0.001	0.001	0.001	0.997
0.001	0.997	0.001	0.001
0.001	0.862	0.001	0.136
0.001	0.456	0.001	0.542
0.001	0.407	0.183	0.409
>TCCCTCYT	20-TCCCTCYT	6.487628	-0.000000	0	T:16988.0(53.35%),B:17069.7(75.96%),P:1e0	Tpos:203.9,Tstd:114.7,Bpos:508.8,Bstd:611.6,StrandBias:-0.0,Multiplicity:1.14
0.001	0.084	0.001	0.914
0.001	0.997	0.001	0.001
0.001	0.997	0.001	0.001
0.001	0.997	0.001	0.001
0.001	0.402	0.001	0.596
0.001	0.731	0.001	0.267
0.001	0.519	0.001	0.479
0.001	0.286	0.134	0.579
>CTTCCCTT	21-CTTCCCTT	6.994505	-0.000000	0	T:10643.0(33.42%),B:12603.3(56.08%),P:1e0	Tpos:204.4,Tstd:114.9,Bpos:510.6,Bstd:622.7,StrandBias:-0.0,Multiplicity:1.35
0.041	0.912	0.046	0.001
0.012	0.098	0.001	0.889
0.001	0.201	0.013	0.785
0.001	0.984	0.001	0.014
0.001	0.992	0.006	0.001
0.001	0.947	0.018	0.034
0.023	0.001	0.019	0.957
0.081	0.289	0.044	0.586
>YYCCCTCC	22-YYCCCTCC	7.586261	-0.000000	0	T:13577.0(42.63%),B:14715.4(65.48%),P:1e0	Tpos:204.0,Tstd:113.4,Bpos:501.3,Bstd:608.5,StrandBias:0.0,Multiplicity:1.23
0.001	0.464	0.001	0.534
0.001	0.417	0.084	0.498
0.001	0.997	0.001	0.001
0.001	0.997	0.001	0.001
0.001	0.927	0.001	0.071
0.001	0.048	0.001	0.950
0.049	0.598	0.001	0.352
0.044	0.609	0.089	0.258
>CCCTCYTY	23-CCCTCYTY	8.762939	-0.000000	0	T:4793.0(15.05%),B:6412.0(28.53%),P:1e0	Tpos:203.8,Tstd:111.8,Bpos:501.0,Bstd:543.5,StrandBias:-0.1,Multiplicity:1.03
0.001	0.997	0.001	0.001
0.001	0.876	0.041	0.082
0.001	0.954	0.001	0.044
0.001	0.221	0.001	0.777
0.001	0.997	0.001	0.001
0.001	0.551	0.001	0.447
0.001	0.308	0.001	0.690
0.010	0.490	0.022	0.478
>CCTTTYCC	24-CCTTTYCC	6.600444	-0.000000	0	T:9191.0(28.86%),B:10395.1(46.26%),P:1e0	Tpos:204.2,Tstd:116.8,Bpos:507.0,Bstd:677.0,StrandBias:0.1,Multiplicity:1.07
0.131	0.528	0.138	0.203
0.193	0.667	0.068	0.072
0.125	0.218	0.077	0.580
0.001	0.091	0.001	0.907
0.001	0.227	0.001	0.771
0.024	0.499	0.092	0.384
0.055	0.784	0.073	0.088
0.175	0.694	0.041	0.090
>GGAAAGSG	25-GGAAAGSG	6.458997	-0.000000	0	T:7129.0(22.39%),B:8641.0(38.45%),P:1e0	Tpos:202.3,Tstd:116.3,Bpos:514.7,Bstd:499.3,StrandBias:-0.0,Multiplicity:1.07
0.012	0.079	0.768	0.141
0.173	0.087	0.672	0.068
0.793	0.052	0.124	0.031
0.873	0.042	0.056	0.029
0.865	0.045	0.024	0.066
0.139	0.236	0.605	0.020
0.075	0.419	0.347	0.159
0.260	0.162	0.483	0.095
