>CACTAGGGGG	1-CACTAGGGGG	8.630788	-1985.725330	0	T:9193.0(28.87%),B:1772.8(7.89%),P:1e-862	Tpos:200.8,Tstd:48.7,Bpos:494.4,Bstd:648.1,StrandBias:-0.0,Multiplicity:1.05
0.019	0.963	0.009	0.009
0.717	0.045	0.132	0.106
0.034	0.763	0.178	0.025
0.103	0.354	0.034	0.509
0.948	0.011	0.028	0.013
0.010	0.011	0.977	0.002
0.356	0.011	0.612	0.021
0.045	0.018	0.639	0.298
0.006	0.019	0.963	0.012
0.021	0.031	0.910	0.038
>CMCCTRGYGG	2-CMCCTRGYGG	8.211916	-799.820204	0	T:3309.0(10.39%),B:482.4(2.15%),P:1e-347	Tpos:205.7,Tstd:70.1,Bpos:500.7,Bstd:591.0,StrandBias:-0.0,Multiplicity:1.01
0.021	0.883	0.005	0.091
0.314	0.364	0.115	0.207
0.031	0.565	0.062	0.342
0.001	0.922	0.001	0.076
0.122	0.129	0.091	0.658
0.376	0.089	0.350	0.185
0.088	0.300	0.512	0.100
0.153	0.306	0.096	0.444
0.014	0.001	0.941	0.044
0.063	0.125	0.667	0.145
>YAGRGGGCGC	3-YAGRGGGCGC	10.186438	-792.241477	0	T:2808.0(8.82%),B:319.3(1.42%),P:1e-344	Tpos:203.0,Tstd:62.6,Bpos:513.1,Bstd:767.7,StrandBias:-0.1,Multiplicity:1.02
0.083	0.447	0.064	0.406
0.961	0.005	0.009	0.025
0.023	0.001	0.975	0.001
0.517	0.001	0.472	0.010
0.037	0.044	0.651	0.268
0.028	0.034	0.937	0.001
0.052	0.005	0.883	0.060
0.053	0.879	0.008	0.060
0.142	0.007	0.841	0.010
0.005	0.860	0.106	0.029
>CCACHAGGTG	4-CCACHAGGTG	8.981272	-718.257026	0	T:3147.0(9.88%),B:492.5(2.19%),P:1e-311	Tpos:199.0,Tstd:66.2,Bpos:619.1,Bstd:387.6,StrandBias:-0.1,Multiplicity:1.00
0.064	0.867	0.047	0.022
0.041	0.888	0.037	0.034
0.576	0.067	0.195	0.162
0.090	0.684	0.167	0.059
0.258	0.361	0.048	0.333
0.734	0.090	0.068	0.108
0.080	0.026	0.869	0.025
0.251	0.040	0.639	0.070
0.104	0.125	0.235	0.536
0.063	0.027	0.875	0.035
>CCACYAGRGG	5-CCACYAGRGG	9.280141	-644.079336	0	T:2452.0(7.70%),B:310.7(1.38%),P:1e-279	Tpos:209.8,Tstd:63.6,Bpos:476.0,Bstd:473.8,StrandBias:-0.0,Multiplicity:1.01
0.136	0.862	0.001	0.001
0.001	0.997	0.001	0.001
0.545	0.001	0.269	0.185
0.157	0.503	0.254	0.086
0.177	0.353	0.088	0.383
0.680	0.115	0.168	0.037
0.001	0.001	0.997	0.001
0.401	0.001	0.548	0.050
0.146	0.109	0.462	0.283
0.001	0.001	0.979	0.019
>AGRKGGCGCT	6-AGRKGGCGCT	10.330757	-475.984039	0	T:1615.0(5.07%),B:164.3(0.73%),P:1e-206	Tpos:198.8,Tstd:48.6,Bpos:456.9,Bstd:483.3,StrandBias:0.2,Multiplicity:1.01
0.864	0.001	0.089	0.046
0.070	0.001	0.928	0.001
0.490	0.001	0.508	0.001
0.161	0.107	0.422	0.310
0.001	0.001	0.990	0.008
0.071	0.001	0.722	0.206
0.001	0.973	0.001	0.025
0.238	0.001	0.760	0.001
0.083	0.681	0.209	0.027
0.104	0.132	0.097	0.667
>ACTAGAGGGC	7-ACTAGAGGGC	9.168809	-399.484754	0	T:1406.0(4.42%),B:152.9(0.68%),P:1e-173	Tpos:200.2,Tstd:92.4,Bpos:510.0,Bstd:461.3,StrandBias:-0.1,Multiplicity:1.00
0.600	0.128	0.143	0.129
0.060	0.654	0.205	0.081
0.162	0.242	0.155	0.441
0.795	0.035	0.114	0.056
0.090	0.032	0.857	0.021
0.635	0.053	0.259	0.053
0.063	0.018	0.738	0.181
0.128	0.076	0.764	0.032
0.064	0.039	0.820	0.077
0.197	0.752	0.011	0.040
>GGAAATGTAG	8-GGAAATGTAG	10.621029	-318.688513	0	T:1319.0(4.14%),B:184.7(0.82%),P:1e-138	Tpos:200.0,Tstd:54.6,Bpos:537.3,Bstd:423.2,StrandBias:0.1,Multiplicity:1.07
0.001	0.001	0.997	0.001
0.001	0.001	0.997	0.001
0.979	0.001	0.009	0.011
0.758	0.056	0.146	0.040
0.543	0.024	0.055	0.378
0.001	0.012	0.001	0.986
0.001	0.004	0.994	0.001
0.001	0.009	0.001	0.989
0.997	0.001	0.001	0.001
0.001	0.001	0.997	0.001
>CCDSHAGRNG	9-CCDSHAGRNG	7.237665	-315.956886	0	T:1225.0(3.85%),B:155.4(0.69%),P:1e-137	Tpos:200.7,Tstd:51.0,Bpos:504.9,Bstd:456.3,StrandBias:-0.1,Multiplicity:1.00
0.103	0.673	0.173	0.051
0.026	0.969	0.004	0.001
0.354	0.096	0.305	0.245
0.196	0.386	0.300	0.117
0.218	0.317	0.164	0.301
0.542	0.107	0.225	0.126
0.070	0.001	0.928	0.001
0.385	0.029	0.497	0.088
0.220	0.233	0.281	0.266
0.180	0.002	0.704	0.114
>GGGGGCGCTA	10-GGGGGCGCTA	8.402772	-164.234620	0	T:1852.0(5.82%),B:600.0(2.67%),P:1e-71	Tpos:201.5,Tstd:78.0,Bpos:518.3,Bstd:1003.6,StrandBias:0.1,Multiplicity:1.03
0.079	0.066	0.781	0.074
0.224	0.065	0.673	0.038
0.156	0.180	0.478	0.186
0.089	0.125	0.748	0.038
0.035	0.046	0.862	0.057
0.172	0.767	0.025	0.036
0.160	0.007	0.791	0.042
0.045	0.725	0.167	0.063
0.078	0.195	0.063	0.664
0.523	0.160	0.231	0.086
>AGAGGGCGSN	11-AGAGGGCGSN	7.456750	-103.458494	0	T:1445.0(4.54%),B:516.3(2.30%),P:1e-44	Tpos:208.5,Tstd:104.1,Bpos:528.2,Bstd:695.7,StrandBias:0.1,Multiplicity:1.02
0.675	0.110	0.129	0.086
0.228	0.049	0.706	0.017
0.493	0.151	0.228	0.128
0.184	0.150	0.549	0.117
0.172	0.261	0.511	0.056
0.034	0.015	0.883	0.068
0.176	0.727	0.064	0.033
0.219	0.084	0.556	0.141
0.177	0.328	0.419	0.077
0.180	0.249	0.328	0.243
>ACCACGGACA	12-ACCACGGACA	11.091425	-74.982601	0	T:395.0(1.24%),B:74.7(0.33%),P:1e-32	Tpos:199.9,Tstd:39.4,Bpos:491.0,Bstd:447.8,StrandBias:-0.2,Multiplicity:1.02
0.992	0.001	0.001	0.006
0.001	0.973	0.025	0.001
0.010	0.966	0.019	0.005
0.797	0.001	0.127	0.075
0.074	0.562	0.041	0.323
0.001	0.001	0.997	0.001
0.001	0.001	0.997	0.001
0.997	0.001	0.001	0.001
0.005	0.974	0.015	0.006
0.974	0.021	0.004	0.001
>ACAGCGCCNC	13-ACAGCGCCNC	7.823268	-51.994355	0	T:569.0(1.79%),B:182.3(0.81%),P:1e-22	Tpos:210.8,Tstd:75.8,Bpos:525.9,Bstd:749.5,StrandBias:0.0,Multiplicity:1.00
0.625	0.033	0.233	0.109
0.182	0.507	0.264	0.047
0.526	0.189	0.146	0.139
0.066	0.153	0.713	0.068
0.017	0.792	0.073	0.118
0.075	0.044	0.691	0.190
0.101	0.636	0.160	0.103
0.125	0.576	0.222	0.077
0.260	0.266	0.310	0.165
0.113	0.606	0.120	0.161
>NTTTCCCVGC	14-NTTTCCCVGC	7.926682	-24.621467	0	T:615.0(1.93%),B:272.2(1.21%),P:1e-10	Tpos:199.2,Tstd:92.7,Bpos:500.9,Bstd:462.9,StrandBias:0.2,Multiplicity:1.01
0.302	0.303	0.181	0.215
0.177	0.059	0.179	0.585
0.014	0.066	0.001	0.919
0.051	0.229	0.050	0.670
0.059	0.626	0.124	0.191
0.102	0.639	0.148	0.111
0.096	0.675	0.066	0.163
0.344	0.214	0.254	0.189
0.125	0.162	0.650	0.063
0.205	0.543	0.193	0.059
>CGCATGCGCA	15-CGCATGCGCA	10.281877	-23.754707	0	T:526.0(1.65%),B:225.2(1.00%),P:1e-10	Tpos:203.1,Tstd:97.7,Bpos:518.6,Bstd:630.4,StrandBias:0.0,Multiplicity:1.11
0.108	0.862	0.029	0.001
0.077	0.015	0.903	0.005
0.055	0.883	0.050	0.012
0.584	0.319	0.054	0.043
0.035	0.054	0.142	0.769
0.016	0.017	0.911	0.056
0.027	0.939	0.001	0.033
0.001	0.001	0.982	0.016
0.044	0.771	0.042	0.143
0.543	0.052	0.255	0.150
>SDCTTCCGGT	16-SDCTTCCGGT	9.063808	-19.276060	0	T:490.0(1.54%),B:219.9(0.98%),P:1e-8	Tpos:196.1,Tstd:93.8,Bpos:477.9,Bstd:624.1,StrandBias:0.2,Multiplicity:1.07
0.152	0.400	0.260	0.188
0.320	0.141	0.338	0.201
0.001	0.643	0.063	0.293
0.001	0.004	0.001	0.994
0.003	0.001	0.002	0.994
0.001	0.997	0.001	0.001
0.001	0.819	0.001	0.179
0.001	0.015	0.977	0.007
0.001	0.256	0.557	0.186
0.057	0.292	0.166	0.485
>CCCAGAATGC	17-CCCAGAATGC	8.777192	-16.681340	0	T:343.0(1.08%),B:145.3(0.65%),P:1e-7	Tpos:210.4,Tstd:69.9,Bpos:531.0,Bstd:426.8,StrandBias:0.1,Multiplicity:1.06
0.067	0.590	0.180	0.163
0.100	0.768	0.043	0.089
0.148	0.725	0.035	0.092
0.788	0.054	0.117	0.041
0.019	0.249	0.504	0.228
0.545	0.175	0.185	0.095
0.934	0.007	0.013	0.046
0.206	0.026	0.225	0.543
0.085	0.190	0.540	0.185
0.032	0.702	0.209	0.057
>CTTCCGGCGG	18-CTTCCGGCGG	9.121993	-13.061691	0	T:321.0(1.01%),B:144.2(0.64%),P:1e-5	Tpos:197.5,Tstd:98.8,Bpos:515.6,Bstd:487.8,StrandBias:0.1,Multiplicity:1.01
0.060	0.561	0.108	0.271
0.009	0.027	0.063	0.901
0.046	0.048	0.162	0.744
0.001	0.837	0.093	0.069
0.036	0.785	0.001	0.178
0.095	0.057	0.750	0.098
0.001	0.217	0.744	0.038
0.001	0.849	0.065	0.085
0.243	0.084	0.419	0.255
0.001	0.232	0.589	0.178
>GCGCTTGCGC	19-GCGCTTGCGC	11.468312	-3.340780	0	T:78.0(0.24%),B:39.0(0.17%),P:1e-1	Tpos:225.9,Tstd:114.4,Bpos:474.2,Bstd:475.5,StrandBias:0.2,Multiplicity:1.00
0.073	0.043	0.842	0.042
0.065	0.818	0.054	0.063
0.064	0.085	0.778	0.073
0.057	0.824	0.072	0.047
0.114	0.202	0.001	0.683
0.054	0.104	0.072	0.770
0.028	0.118	0.779	0.075
0.055	0.802	0.065	0.078
0.055	0.110	0.780	0.055
0.076	0.806	0.048	0.070
>MGGVYTTTCC	20-MGGVYTTTCC	8.564803	-1.280430	0	T:95.0(0.30%),B:60.4(0.27%),P:1e0	Tpos:199.7,Tstd:135.2,Bpos:553.2,Bstd:380.8,StrandBias:0.6,Multiplicity:1.05
0.430	0.286	0.192	0.092
0.419	0.001	0.579	0.001
0.003	0.413	0.580	0.004
0.231	0.358	0.268	0.143
0.204	0.304	0.108	0.384
0.003	0.068	0.001	0.928
0.001	0.004	0.001	0.994
0.002	0.331	0.084	0.583
0.003	0.657	0.165	0.175
0.159	0.713	0.002	0.126
>CCTGCAGGGG	21-CCTGCAGGGG	10.277525	-1.045043	0	T:384.0(1.21%),B:262.1(1.17%),P:1e0	Tpos:193.9,Tstd:68.7,Bpos:541.2,Bstd:564.4,StrandBias:0.0,Multiplicity:1.01
0.112	0.696	0.100	0.092
0.078	0.768	0.073	0.081
0.119	0.105	0.095	0.681
0.103	0.135	0.665	0.097
0.121	0.689	0.088	0.102
0.730	0.088	0.082	0.100
0.105	0.066	0.770	0.059
0.117	0.127	0.668	0.088
0.100	0.132	0.637	0.131
0.126	0.097	0.695	0.082
>NGRRMGCYGY	22-NGRRMGCYGY	6.726895	-0.253527	0	T:212.0(0.67%),B:161.2(0.72%),P:1e0	Tpos:197.9,Tstd:82.7,Bpos:522.2,Bstd:465.8,StrandBias:-0.1,Multiplicity:1.01
0.326	0.236	0.257	0.181
0.293	0.040	0.628	0.039
0.291	0.217	0.423	0.068
0.276	0.193	0.383	0.148
0.420	0.310	0.102	0.168
0.340	0.026	0.606	0.028
0.029	0.894	0.046	0.031
0.260	0.266	0.058	0.416
0.034	0.224	0.544	0.198
0.089	0.466	0.123	0.322
>AAGGCGGCGC	23-AAGGCGGCGC	8.927062	-0.080526	0	T:841.0(2.64%),B:638.5(2.84%),P:1e0	Tpos:206.5,Tstd:96.8,Bpos:461.7,Bstd:722.4,StrandBias:-0.0,Multiplicity:1.04
0.804	0.111	0.001	0.084
0.614	0.087	0.238	0.061
0.110	0.060	0.819	0.011
0.090	0.009	0.845	0.056
0.125	0.706	0.103	0.066
0.178	0.062	0.696	0.064
0.001	0.167	0.772	0.060
0.071	0.842	0.086	0.001
0.065	0.059	0.818	0.058
0.106	0.788	0.079	0.027
>AAGGCTTTBC	24-AAGGCTTTBC	9.872028	-0.052319	0	T:103.0(0.32%),B:92.0(0.41%),P:1e0	Tpos:203.1,Tstd:110.2,Bpos:472.7,Bstd:501.4,StrandBias:-0.4,Multiplicity:1.31
0.604	0.167	0.188	0.041
0.630	0.071	0.293	0.006
0.156	0.213	0.513	0.118
0.028	0.340	0.604	0.028
0.014	0.796	0.085	0.105
0.017	0.024	0.041	0.918
0.048	0.020	0.058	0.874
0.063	0.157	0.070	0.710
0.013	0.377	0.358	0.253
0.044	0.917	0.023	0.016
>CNCCTGBWGG	25-CNCCTGBWGG	7.383804	-0.000004	0	T:121.0(0.38%),B:146.9(0.65%),P:1e0	Tpos:200.9,Tstd:93.2,Bpos:484.6,Bstd:684.7,StrandBias:0.4,Multiplicity:1.00
0.209	0.485	0.037	0.269
0.283	0.205	0.304	0.208
0.174	0.529	0.001	0.296
0.001	0.755	0.001	0.243
0.250	0.149	0.200	0.401
0.255	0.001	0.454	0.290
0.001	0.373	0.352	0.275
0.504	0.057	0.001	0.438
0.001	0.001	0.997	0.001
0.214	0.021	0.764	0.001
