>AGGTGGCG	1-AGGTGGCG	8.091928	-189.941669	0	T:10386.0(32.61%),B:5616.9(24.99%),P:1e-82	Tpos:202.6,Tstd:78.9,Bpos:499.3,Bstd:677.9,StrandBias:-0.0,Multiplicity:1.13
0.997	0.001	0.001	0.001
0.001	0.001	0.997	0.001
0.230	0.001	0.768	0.001
0.001	0.001	0.328	0.670
0.001	0.001	0.997	0.001
0.001	0.001	0.997	0.001
0.001	0.997	0.001	0.001
0.327	0.001	0.671	0.001
>TAGGGGGC	2-TAGGGGGC	8.228219	-168.681944	0	T:2484.0(7.80%),B:912.4(4.06%),P:1e-73	Tpos:200.1,Tstd:65.9,Bpos:502.8,Bstd:495.1,StrandBias:0.0,Multiplicity:1.03
0.060	0.244	0.068	0.628
0.977	0.001	0.001	0.021
0.027	0.039	0.925	0.009
0.240	0.039	0.550	0.171
0.003	0.018	0.719	0.260
0.001	0.158	0.813	0.028
0.049	0.103	0.811	0.037
0.053	0.885	0.023	0.039
>CCCYCTAG	3-CCCYCTAG	8.240864	-140.896154	0	T:2555.0(8.02%),B:1015.2(4.52%),P:1e-61	Tpos:202.7,Tstd:88.7,Bpos:519.3,Bstd:614.1,StrandBias:-0.0,Multiplicity:1.02
0.189	0.616	0.155	0.040
0.001	0.803	0.139	0.057
0.144	0.768	0.030	0.058
0.019	0.358	0.168	0.456
0.001	0.747	0.001	0.251
0.001	0.039	0.001	0.959
0.806	0.033	0.087	0.074
0.132	0.081	0.737	0.050
>GCCACTAG	4-GCCACTAG	10.185421	-74.668209	0	T:1116.0(3.50%),B:410.4(1.83%),P:1e-32	Tpos:199.1,Tstd:56.4,Bpos:547.8,Bstd:462.7,StrandBias:0.0,Multiplicity:1.01
0.164	0.025	0.761	0.050
0.019	0.941	0.026	0.014
0.001	0.997	0.001	0.001
0.921	0.022	0.025	0.032
0.021	0.917	0.052	0.010
0.099	0.216	0.010	0.675
0.997	0.001	0.001	0.001
0.001	0.001	0.997	0.001
>ACTACATT	5-ACTACATT	10.921537	-57.298882	0	T:1046.0(3.28%),B:415.1(1.85%),P:1e-24	Tpos:201.7,Tstd:66.5,Bpos:453.2,Bstd:294.7,StrandBias:0.0,Multiplicity:1.02
0.997	0.001	0.001	0.001
0.001	0.997	0.001	0.001
0.001	0.001	0.001	0.997
0.997	0.001	0.001	0.001
0.001	0.997	0.001	0.001
0.962	0.001	0.036	0.001
0.104	0.001	0.001	0.894
0.001	0.001	0.001	0.997
>CGGAAGCG	6-CGGAAGCG	8.775352	-0.028810	0	T:434.0(1.36%),B:350.0(1.56%),P:1e0	Tpos:203.4,Tstd:96.7,Bpos:475.9,Bstd:795.0,StrandBias:-0.1,Multiplicity:1.05
0.108	0.708	0.072	0.112
0.032	0.080	0.831	0.057
0.108	0.166	0.679	0.047
0.787	0.100	0.030	0.083
0.716	0.078	0.111	0.095
0.143	0.044	0.756	0.057
0.053	0.779	0.053	0.115
0.073	0.121	0.745	0.061
>SCGCTTTY	7-SCGCTTTY	5.661894	-0.000087	0	T:313.0(0.98%),B:298.4(1.33%),P:1e0	Tpos:189.7,Tstd:112.1,Bpos:427.1,Bstd:465.3,StrandBias:0.0,Multiplicity:1.02
0.135	0.262	0.378	0.225
0.140	0.476	0.209	0.175
0.051	0.298	0.650	0.001
0.049	0.707	0.152	0.092
0.095	0.195	0.224	0.486
0.136	0.262	0.120	0.483
0.110	0.152	0.108	0.630
0.164	0.359	0.200	0.277
>AGAGCGCK	8-AGAGCGCK	7.772059	-0.000009	0	T:438.0(1.38%),B:413.6(1.84%),P:1e0	Tpos:206.5,Tstd:104.4,Bpos:584.7,Bstd:990.9,StrandBias:-0.0,Multiplicity:1.03
0.895	0.001	0.044	0.060
0.339	0.101	0.497	0.062
0.548	0.168	0.103	0.181
0.116	0.161	0.611	0.112
0.064	0.749	0.186	0.001
0.001	0.001	0.941	0.057
0.001	0.869	0.129	0.001
0.125	0.224	0.397	0.254
>YCCTTTCC	9-YCCTTTCC	6.007975	-0.000000	0	T:15080.0(47.35%),B:15538.7(69.15%),P:1e0	Tpos:202.5,Tstd:116.4,Bpos:507.5,Bstd:526.3,StrandBias:-0.0,Multiplicity:1.14
0.135	0.396	0.185	0.285
0.042	0.573	0.310	0.075
0.070	0.743	0.171	0.016
0.064	0.279	0.001	0.656
0.001	0.001	0.001	0.997
0.001	0.290	0.026	0.683
0.033	0.563	0.195	0.209
0.101	0.781	0.116	0.002
>TTTCCCTB	10-TTTCCCTB	5.334802	-0.000000	0	T:12279.0(38.56%),B:13591.8(60.48%),P:1e0	Tpos:203.1,Tstd:119.1,Bpos:497.6,Bstd:506.1,StrandBias:0.0,Multiplicity:1.18
0.001	0.001	0.001	0.997
0.001	0.001	0.001	0.997
0.001	0.153	0.001	0.845
0.001	0.997	0.001	0.001
0.001	0.997	0.001	0.001
0.001	0.945	0.053	0.001
0.001	0.211	0.037	0.751
0.144	0.339	0.271	0.246
>GGGAGGAG	11-GGGAGGAG	3.793235	-0.000000	0	T:11381.0(35.74%),B:13723.1(61.07%),P:1e0	Tpos:205.4,Tstd:118.9,Bpos:518.5,Bstd:558.2,StrandBias:0.1,Multiplicity:1.11
0.001	0.001	0.997	0.001
0.001	0.001	0.997	0.001
0.001	0.001	0.997	0.001
0.946	0.001	0.052	0.001
0.180	0.001	0.818	0.001
0.001	0.001	0.997	0.001
0.997	0.001	0.001	0.001
0.271	0.001	0.727	0.001
>AARGGGGH	12-AARGGGGH	8.667576	-0.000000	0	T:4604.0(14.46%),B:5825.6(25.92%),P:1e0	Tpos:207.2,Tstd:113.8,Bpos:507.9,Bstd:537.9,StrandBias:-0.1,Multiplicity:1.02
0.997	0.001	0.001	0.001
0.997	0.001	0.001	0.001
0.566	0.001	0.432	0.001
0.001	0.001	0.997	0.001
0.001	0.001	0.997	0.001
0.001	0.001	0.997	0.001
0.001	0.001	0.997	0.001
0.350	0.311	0.131	0.209
>TTCCCYTT	13-TTCCCYTT	6.103563	-0.000000	0	T:12147.0(38.14%),B:13642.6(60.71%),P:1e0	Tpos:202.4,Tstd:115.4,Bpos:508.2,Bstd:477.3,StrandBias:0.1,Multiplicity:1.10
0.044	0.175	0.034	0.747
0.070	0.224	0.159	0.547
0.019	0.781	0.087	0.113
0.001	0.905	0.093	0.001
0.001	0.894	0.045	0.060
0.073	0.365	0.091	0.471
0.266	0.193	0.084	0.457
0.057	0.185	0.300	0.458
>GRRGGGRG	14-GRRGGGRG	5.901200	-0.000000	0	T:20555.0(64.55%),B:18785.8(83.60%),P:1e0	Tpos:202.3,Tstd:116.7,Bpos:509.3,Bstd:675.4,StrandBias:0.1,Multiplicity:1.16
0.168	0.196	0.635	0.001
0.542	0.001	0.456	0.001
0.561	0.001	0.437	0.001
0.123	0.001	0.875	0.001
0.253	0.001	0.745	0.001
0.184	0.001	0.814	0.001
0.432	0.001	0.566	0.001
0.178	0.235	0.462	0.126
>CTTTCCCA	15-CTTTCCCA	6.295875	-0.000000	0	T:11986.0(37.64%),B:12631.2(56.21%),P:1e0	Tpos:202.8,Tstd:116.7,Bpos:511.3,Bstd:488.8,StrandBias:-0.0,Multiplicity:1.20
0.085	0.848	0.022	0.045
0.019	0.030	0.009	0.942
0.001	0.023	0.001	0.975
0.008	0.021	0.001	0.970
0.001	0.941	0.028	0.030
0.012	0.963	0.008	0.017
0.021	0.965	0.005	0.009
0.531	0.161	0.156	0.152
>CCYCCCCT	16-CCYCCCCT	5.951958	-0.000000	0	T:19225.0(60.37%),B:17939.5(79.83%),P:1e0	Tpos:201.5,Tstd:118.8,Bpos:504.7,Bstd:686.2,StrandBias:0.0,Multiplicity:1.24
0.004	0.782	0.001	0.213
0.001	0.913	0.001	0.085
0.001	0.479	0.001	0.519
0.001	0.595	0.001	0.403
0.001	0.899	0.001	0.099
0.001	0.997	0.001	0.001
0.001	0.997	0.001	0.001
0.001	0.293	0.001	0.705
>CCSCTTTC	17-CCSCTTTC	6.774978	-0.000000	0	T:7976.0(25.05%),B:9501.0(42.28%),P:1e0	Tpos:202.0,Tstd:116.0,Bpos:508.9,Bstd:528.6,StrandBias:-0.0,Multiplicity:1.11
0.171	0.468	0.157	0.204
0.150	0.613	0.114	0.123
0.020	0.495	0.484	0.001
0.001	0.795	0.067	0.137
0.001	0.215	0.001	0.783
0.001	0.001	0.001	0.997
0.009	0.116	0.001	0.874
0.021	0.725	0.037	0.217
>GGGAAAGC	18-GGGAAAGC	6.616931	-0.000000	0	T:8942.0(28.08%),B:10308.2(45.87%),P:1e0	Tpos:201.4,Tstd:114.2,Bpos:506.9,Bstd:556.7,StrandBias:-0.0,Multiplicity:1.22
0.101	0.113	0.658	0.128
0.102	0.107	0.711	0.080
0.115	0.114	0.720	0.051
0.771	0.080	0.100	0.049
0.760	0.119	0.088	0.033
0.829	0.054	0.052	0.065
0.083	0.070	0.770	0.077
0.053	0.782	0.109	0.056
>CCCTCCYY	19-CCCTCCYY	9.420302	-0.000000	0	T:1374.0(4.31%),B:2145.8(9.55%),P:1e0	Tpos:204.7,Tstd:120.0,Bpos:527.5,Bstd:425.5,StrandBias:0.0,Multiplicity:1.01
0.001	0.997	0.001	0.001
0.001	0.997	0.001	0.001
0.001	0.997	0.001	0.001
0.001	0.001	0.001	0.997
0.001	0.997	0.001	0.001
0.001	0.862	0.001	0.136
0.001	0.456	0.001	0.542
0.001	0.407	0.183	0.409
>TCCCTCYT	20-TCCCTCYT	6.487628	-0.000000	0	T:16988.0(53.35%),B:17069.7(75.96%),P:1e0	Tpos:203.9,Tstd:114.7,Bpos:508.8,Bstd:611.6,StrandBias:-0.0,Multiplicity:1.14
0.001	0.084	0.001	0.914
0.001	0.997	0.001	0.001
0.001	0.997	0.001	0.001
0.001	0.997	0.001	0.001
0.001	0.402	0.001	0.596
0.001	0.731	0.001	0.267
0.001	0.519	0.001	0.479
0.001	0.286	0.134	0.579
>CTTCCCTT	21-CTTCCCTT	6.994505	-0.000000	0	T:10643.0(33.42%),B:12603.3(56.08%),P:1e0	Tpos:204.4,Tstd:114.9,Bpos:510.6,Bstd:622.7,StrandBias:-0.0,Multiplicity:1.35
0.041	0.912	0.046	0.001
0.012	0.098	0.001	0.889
0.001	0.201	0.013	0.785
0.001	0.984	0.001	0.014
0.001	0.992	0.006	0.001
0.001	0.947	0.018	0.034
0.023	0.001	0.019	0.957
0.081	0.289	0.044	0.586
>YYCCCTCC	22-YYCCCTCC	7.586261	-0.000000	0	T:13577.0(42.63%),B:14715.4(65.48%),P:1e0	Tpos:204.0,Tstd:113.4,Bpos:501.3,Bstd:608.5,StrandBias:0.0,Multiplicity:1.23
0.001	0.464	0.001	0.534
0.001	0.417	0.084	0.498
0.001	0.997	0.001	0.001
0.001	0.997	0.001	0.001
0.001	0.927	0.001	0.071
0.001	0.048	0.001	0.950
0.049	0.598	0.001	0.352
0.044	0.609	0.089	0.258
>CCCTCYTY	23-CCCTCYTY	8.762939	-0.000000	0	T:4793.0(15.05%),B:6412.0(28.53%),P:1e0	Tpos:203.8,Tstd:111.8,Bpos:501.0,Bstd:543.5,StrandBias:-0.1,Multiplicity:1.03
0.001	0.997	0.001	0.001
0.001	0.876	0.041	0.082
0.001	0.954	0.001	0.044
0.001	0.221	0.001	0.777
0.001	0.997	0.001	0.001
0.001	0.551	0.001	0.447
0.001	0.308	0.001	0.690
0.010	0.490	0.022	0.478
>CCTTTYCC	24-CCTTTYCC	6.600444	-0.000000	0	T:9191.0(28.86%),B:10395.1(46.26%),P:1e0	Tpos:204.2,Tstd:116.8,Bpos:507.0,Bstd:677.0,StrandBias:0.1,Multiplicity:1.07
0.131	0.528	0.138	0.203
0.193	0.667	0.068	0.072
0.125	0.218	0.077	0.580
0.001	0.091	0.001	0.907
0.001	0.227	0.001	0.771
0.024	0.499	0.092	0.384
0.055	0.784	0.073	0.088
0.175	0.694	0.041	0.090
>GGAAAGSG	25-GGAAAGSG	6.458997	-0.000000	0	T:7129.0(22.39%),B:8641.0(38.45%),P:1e0	Tpos:202.3,Tstd:116.3,Bpos:514.7,Bstd:499.3,StrandBias:-0.0,Multiplicity:1.07
0.012	0.079	0.768	0.141
0.173	0.087	0.672	0.068
0.793	0.052	0.124	0.031
0.873	0.042	0.056	0.029
0.865	0.045	0.024	0.066
0.139	0.236	0.605	0.020
0.075	0.419	0.347	0.159
0.260	0.162	0.483	0.095
