>NNGTTTAGCANN	23-NNGTTTAGCANN	8.210499	-0.453343	0	T:14.0(0.04%),B:11.0(0.04%),P:1e0
0.214	0.268	0.256	0.261
0.257	0.188	0.259	0.295
0.095	0.110	0.683	0.112
0.074	0.113	0.089	0.724
0.062	0.088	0.089	0.761
0.078	0.114	0.098	0.710
0.539	0.308	0.073	0.080
0.107	0.110	0.675	0.108
0.125	0.663	0.116	0.096
0.550	0.047	0.345	0.058
0.299	0.266	0.225	0.211
0.274	0.217	0.243	0.266
