>TGCTGCTAAACA	18-TGTTTAGCAGCA	12.039040	-10.614332	0	T:53.0(0.14%),B:10.8(0.04%),P:1e-4
0.230	0.093	0.200	0.476
0.116	0.069	0.749	0.066
0.100	0.773	0.038	0.089
0.129	0.011	0.013	0.847
0.036	0.045	0.806	0.113
0.060	0.711	0.112	0.117
0.135	0.103	0.028	0.734
0.619	0.117	0.186	0.078
0.825	0.068	0.073	0.034
0.767	0.078	0.099	0.056
0.157	0.579	0.115	0.149
0.453	0.191	0.098	0.258
