>CCGCCAGGCGGC	14-CCGCCAGGCGGC	12.266368	-84.855177	0	T:372.0(0.95%),B:53.0(0.20%),P:1e-36
0.023	0.932	0.044	0.001
0.071	0.916	0.012	0.001
0.001	0.037	0.817	0.145
0.080	0.818	0.101	0.001
0.019	0.805	0.101	0.075
0.687	0.116	0.081	0.116
0.021	0.011	0.961	0.007
0.001	0.073	0.918	0.008
0.122	0.592	0.206	0.080
0.048	0.058	0.852	0.042
0.044	0.079	0.783	0.094
0.014	0.918	0.049	0.019
