>NTTTAGAAGCAS	24-NTTTAGAAGCAS	8.857522	-0.295960	0	T:11.0(0.03%),B:9.7(0.04%),P:1e0
0.210	0.240	0.233	0.317
0.078	0.190	0.077	0.655
0.057	0.154	0.136	0.653
0.141	0.249	0.177	0.433
0.514	0.017	0.230	0.239
0.261	0.140	0.502	0.097
0.534	0.215	0.134	0.117
0.833	0.018	0.051	0.098
0.253	0.121	0.485	0.140
0.178	0.622	0.128	0.072
0.677	0.067	0.013	0.243
0.093	0.266	0.402	0.239
