>KTTGAGAACCAV	25-KTTGAGAACCAV	10.080054	-0.284765	0	T:101.0(0.26%),B:75.4(0.28%),P:1e0
0.204	0.162	0.243	0.391
0.034	0.206	0.166	0.594
0.068	0.001	0.133	0.798
0.161	0.179	0.568	0.092
0.884	0.001	0.108	0.007
0.229	0.080	0.647	0.044
0.790	0.094	0.109	0.007
0.770	0.012	0.191	0.027
0.194	0.470	0.188	0.148
0.218	0.625	0.004	0.153
0.820	0.138	0.001	0.041
0.285	0.309	0.273	0.132
