>CCCCTAGTGGCC	8-CCCCTAGTGGCC	10.496812	-371.053571	0	T:1211.0(3.09%),B:101.2(0.38%),P:1e-161
0.032	0.868	0.020	0.080
0.145	0.722	0.045	0.088
0.129	0.547	0.026	0.298
0.009	0.966	0.001	0.024
0.076	0.246	0.061	0.617
0.449	0.091	0.264	0.196
0.015	0.179	0.765	0.041
0.258	0.165	0.122	0.454
0.003	0.006	0.960	0.031
0.021	0.025	0.923	0.031
0.119	0.633	0.081	0.167
0.196	0.516	0.150	0.138
