>AGAGCTCCCTCT	16-AGAGGGAGCTCT	11.205115	-56.431832	0	T:268.0(0.68%),B:42.2(0.16%),P:1e-24
0.751	0.070	0.089	0.090
0.099	0.106	0.719	0.076
0.715	0.080	0.106	0.099
0.082	0.082	0.764	0.072
0.065	0.787	0.067	0.081
0.085	0.094	0.094	0.727
0.056	0.753	0.102	0.089
0.087	0.776	0.049	0.088
0.093	0.757	0.054	0.096
0.081	0.117	0.065	0.737
0.053	0.772	0.088	0.087
0.087	0.101	0.067	0.745
