>TGTTTAGCAGCA	18-TGTTTAGCAGCA,BestGuess:ACE2/ACE2_YPD/2-SWI5(Harbison)/Yeast(0.652)	12.039040	-10.614332	0	T:53.0(0.14%),B:10.8(0.04%),P:1e-4
0.258	0.098	0.191	0.453
0.149	0.115	0.579	0.157
0.056	0.099	0.078	0.767
0.034	0.073	0.068	0.825
0.078	0.186	0.117	0.619
0.734	0.028	0.103	0.135
0.117	0.112	0.711	0.060
0.113	0.806	0.045	0.036
0.847	0.013	0.011	0.129
0.089	0.038	0.773	0.100
0.066	0.749	0.069	0.116
0.476	0.200	0.093	0.230
