>GCGCCCTCTAGC	12-GCGCCCTCTAGC	10.351522	-194.321272	0	T:672.0(1.71%),B:63.9(0.24%),P:1e-84
0.052	0.092	0.795	0.061
0.062	0.765	0.083	0.090
0.075	0.101	0.695	0.129
0.056	0.797	0.084	0.063
0.044	0.803	0.072	0.081
0.080	0.796	0.050	0.074
0.061	0.150	0.070	0.719
0.040	0.835	0.080	0.045
0.064	0.145	0.091	0.700
0.591	0.128	0.175	0.106
0.050	0.105	0.779	0.066
0.068	0.725	0.105	0.102
