>GCYCTCTRGTGG	6-GCYCTCTRGTGG	10.816515	-480.256873	0	T:1100.0(2.81%),B:25.4(0.10%),P:1e-208
0.057	0.156	0.596	0.191
0.090	0.622	0.124	0.164
0.037	0.536	0.010	0.417
0.041	0.839	0.022	0.098
0.043	0.302	0.008	0.647
0.001	0.896	0.062	0.041
0.030	0.315	0.012	0.643
0.446	0.074	0.297	0.183
0.035	0.223	0.655	0.087
0.296	0.050	0.192	0.463
0.011	0.001	0.969	0.019
0.075	0.127	0.704	0.094
