>TTGTGAMAACCA	21-TTGTGAMAACCA,BestGuess:Su(H)/dmmpmm(Pollard)/fly(0.651)	12.253136	-3.274706	0	T:39.0(0.10%),B:15.3(0.06%),P:1e-1
0.062	0.159	0.085	0.694
0.077	0.009	0.072	0.842
0.046	0.146	0.624	0.184
0.128	0.004	0.063	0.805
0.107	0.103	0.707	0.083
0.790	0.067	0.092	0.051
0.476	0.407	0.084	0.034
0.871	0.065	0.010	0.054
0.623	0.088	0.185	0.104
0.173	0.561	0.138	0.128
0.181	0.728	0.014	0.077
0.845	0.032	0.012	0.111
