>GAAAGCAGAAGT	20-ACTTCTGCTTTC	11.449909	-15.661399	0	T:102.0(0.68%),B:39.2(0.27%),P:1e-6
0.200	0.065	0.642	0.093
0.792	0.074	0.062	0.072
0.868	0.046	0.048	0.038
0.883	0.001	0.042	0.074
0.247	0.244	0.453	0.056
0.089	0.725	0.120	0.066
0.755	0.012	0.158	0.075
0.260	0.075	0.647	0.018
0.848	0.069	0.057	0.026
0.795	0.013	0.062	0.130
0.033	0.222	0.667	0.078
0.064	0.264	0.033	0.639
