>MAAAAWYCCCCH	11-MAAAAWYCCCCH	7.969942	-63.742047	0	T:706.0(4.68%),B:341.2(2.34%),P:1e-27
0.375	0.345	0.090	0.191
0.545	0.225	0.127	0.103
0.621	0.095	0.214	0.070
0.797	0.073	0.078	0.052
0.642	0.095	0.085	0.178
0.357	0.127	0.174	0.342
0.098	0.321	0.165	0.416
0.098	0.497	0.065	0.340
0.097	0.769	0.038	0.096
0.098	0.806	0.013	0.083
0.184	0.579	0.023	0.214
0.267	0.327	0.064	0.342
