>KSMGCSGAANNN	25-KSMGCSGAANNN	6.615983	-0.502327	0	T:28.0(0.19%),B:28.9(0.20%),P:1e0
0.148	0.124	0.314	0.414
0.081	0.393	0.290	0.236
0.240	0.389	0.227	0.144
0.143	0.263	0.593	0.001
0.001	0.622	0.331	0.046
0.207	0.433	0.359	0.001
0.001	0.159	0.709	0.131
0.629	0.001	0.069	0.301
0.680	0.141	0.001	0.178
0.237	0.202	0.324	0.237
0.161	0.269	0.299	0.271
0.215	0.243	0.196	0.345
