>AAGGGRAYTTCC	8-AAGGGRAYTTCC	9.495891	-125.364270	0	T:475.0(3.15%),B:106.2(0.73%),P:1e-54
0.492	0.230	0.203	0.075
0.640	0.037	0.158	0.165
0.395	0.016	0.565	0.024
0.041	0.001	0.933	0.025
0.077	0.019	0.596	0.308
0.317	0.189	0.379	0.115
0.734	0.184	0.081	0.001
0.199	0.387	0.146	0.268
0.014	0.016	0.001	0.969
0.002	0.101	0.117	0.780
0.036	0.555	0.093	0.316
0.113	0.585	0.001	0.301
