>ACTTCTGCTTTC	20-ACTTCTGCTTTC,BestGuess:IRF2(IRF)/Erythroblas-IRF2-ChIP-Seq(GSE36985)/Homer(0.799)	11.449909	-15.661399	0	T:102.0(0.68%),B:39.2(0.27%),P:1e-6
0.639	0.033	0.264	0.064
0.078	0.667	0.222	0.033
0.130	0.062	0.013	0.795
0.026	0.057	0.069	0.848
0.018	0.647	0.075	0.260
0.075	0.158	0.012	0.755
0.066	0.120	0.725	0.089
0.056	0.453	0.244	0.247
0.074	0.042	0.001	0.883
0.038	0.048	0.046	0.868
0.072	0.062	0.074	0.792
0.093	0.642	0.065	0.200
