>NTTTCANWHTBA	16-NTTTCANWHTBA	7.894225	-36.909125	0	T:431.0(2.86%),B:214.8(1.48%),P:1e-16
0.187	0.269	0.291	0.254
0.190	0.022	0.070	0.718
0.013	0.280	0.175	0.532
0.020	0.029	0.018	0.933
0.018	0.870	0.093	0.019
0.555	0.086	0.012	0.347
0.198	0.229	0.319	0.254
0.317	0.121	0.138	0.423
0.240	0.303	0.141	0.316
0.259	0.022	0.022	0.697
0.122	0.304	0.351	0.223
0.506	0.200	0.160	0.134
