>NNGAGGAAGTBN	15-NNGAGGAAGTBN	9.897418	-37.197512	0	T:193.0(1.28%),B:60.4(0.41%),P:1e-16
0.262	0.275	0.248	0.215
0.295	0.201	0.274	0.231
0.154	0.312	0.472	0.062
0.611	0.328	0.057	0.004
0.001	0.035	0.963	0.001
0.001	0.063	0.880	0.056
0.943	0.001	0.007	0.049
0.943	0.055	0.001	0.001
0.009	0.016	0.928	0.047
0.001	0.134	0.001	0.864
0.189	0.269	0.341	0.202
0.258	0.246	0.287	0.208
