>NNGTGGTTTCVG	17-NNGTGGTTTCVG	6.544697	-33.365153	0	T:825.0(5.47%),B:522.6(3.59%),P:1e-14
0.216	0.234	0.261	0.289
0.291	0.263	0.231	0.216
0.100	0.109	0.711	0.080
0.099	0.264	0.107	0.530
0.117	0.321	0.497	0.064
0.113	0.116	0.688	0.083
0.140	0.116	0.147	0.597
0.157	0.093	0.126	0.624
0.159	0.111	0.126	0.604
0.128	0.622	0.142	0.108
0.217	0.354	0.243	0.186
0.193	0.204	0.406	0.198
