>TTTCASTTCCTC	5-GAGGAASTGAAA	10.309434	-177.424303	0	T:1154.0(7.65%),B:420.4(2.89%),P:1e-77
0.059	0.033	0.049	0.859
0.028	0.202	0.082	0.688
0.018	0.072	0.042	0.868
0.011	0.924	0.008	0.057
0.852	0.014	0.052	0.082
0.042	0.346	0.481	0.131
0.040	0.016	0.014	0.930
0.043	0.037	0.018	0.902
0.039	0.635	0.018	0.308
0.047	0.806	0.001	0.146
0.155	0.243	0.055	0.547
0.124	0.546	0.148	0.182
