>WGTCACTTCCTG	14-WGTCACTTCCTG	10.023347	-41.857463	0	T:497.0(3.30%),B:248.3(1.71%),P:1e-18
0.344	0.152	0.139	0.364
0.079	0.259	0.455	0.207
0.047	0.155	0.048	0.750
0.032	0.827	0.095	0.046
0.941	0.032	0.005	0.022
0.001	0.754	0.041	0.204
0.019	0.035	0.001	0.945
0.001	0.020	0.039	0.940
0.006	0.854	0.033	0.107
0.114	0.643	0.004	0.239
0.185	0.157	0.207	0.452
0.101	0.235	0.444	0.219
