>NNCGHCGDAMSB	17-NNCGHCGDAMSB	6.561181	-14.840562	0	T:92.0(1.15%),B:28.4(0.42%),P:1e-6
0.320	0.200	0.238	0.242
0.277	0.166	0.243	0.315
0.196	0.490	0.158	0.156
0.118	0.082	0.720	0.080
0.233	0.340	0.081	0.347
0.043	0.756	0.197	0.004
0.080	0.005	0.873	0.042
0.333	0.153	0.269	0.245
0.756	0.082	0.045	0.117
0.335	0.349	0.159	0.156
0.089	0.283	0.394	0.234
0.166	0.201	0.282	0.351
