>GGCGGGACCGCG	19-GGCGGGACCGCG,BestGuess:POL011.1_XCPE1/Jaspar(0.786)	11.956332	-13.072309	0	T:85.0(1.06%),B:27.4(0.41%),P:1e-5
0.055	0.049	0.862	0.034
0.029	0.079	0.860	0.032
0.049	0.876	0.032	0.043
0.045	0.058	0.867	0.030
0.046	0.054	0.856	0.044
0.040	0.061	0.880	0.019
0.681	0.056	0.219	0.044
0.065	0.851	0.059	0.025
0.046	0.834	0.071	0.049
0.065	0.094	0.771	0.070
0.060	0.812	0.077	0.051
0.047	0.075	0.850	0.028
