>NNTTHCGGCSDW	11-NNTTHCGGCSDW	6.427618	-25.686383	0	T:59.0(0.73%),B:4.8(0.07%),P:1e-11
0.315	0.235	0.252	0.198
0.185	0.261	0.311	0.244
0.210	0.097	0.193	0.500
0.318	0.030	0.046	0.606
0.318	0.358	0.114	0.210
0.046	0.756	0.168	0.030
0.030	0.223	0.713	0.034
0.214	0.076	0.504	0.206
0.172	0.522	0.084	0.222
0.126	0.383	0.302	0.189
0.306	0.073	0.315	0.306
0.311	0.202	0.067	0.420
