>GCCGCGCGGCCC	10-GCCGCGCGGCCC	11.500936	-30.431322	0	T:219.0(2.73%),B:71.7(1.07%),P:1e-13
0.059	0.115	0.825	0.001
0.001	0.815	0.140	0.044
0.044	0.868	0.001	0.087
0.038	0.001	0.881	0.080
0.044	0.937	0.001	0.018
0.001	0.103	0.825	0.071
0.113	0.767	0.057	0.063
0.060	0.001	0.913	0.026
0.009	0.073	0.867	0.051
0.071	0.792	0.080	0.057
0.053	0.757	0.087	0.103
0.001	0.754	0.144	0.101
