>NNTCGCGAGANN	14-NNTCGCGAGANN	7.415809	-17.636768	0	T:29.0(0.36%),B:0.0(0.00%),P:1e-7
0.219	0.230	0.208	0.342
0.195	0.336	0.261	0.207
0.155	0.149	0.211	0.485
0.114	0.662	0.094	0.130
0.083	0.069	0.757	0.091
0.126	0.651	0.098	0.125
0.125	0.097	0.664	0.114
0.516	0.197	0.139	0.148
0.200	0.169	0.457	0.174
0.537	0.138	0.153	0.172
0.225	0.266	0.206	0.303
0.178	0.288	0.305	0.230
