>GGCCGGCGCCGC	24-GGCCGGCGCCGC	10.271128	-1.562648	0	T:411.0(5.12%),B:323.2(4.82%),P:1e0
0.081	0.101	0.765	0.053
0.029	0.081	0.848	0.042
0.024	0.853	0.084	0.039
0.069	0.837	0.052	0.042
0.059	0.083	0.808	0.050
0.034	0.090	0.830	0.046
0.079	0.784	0.092	0.045
0.022	0.086	0.852	0.040
0.025	0.867	0.063	0.045
0.036	0.812	0.071	0.081
0.029	0.065	0.852	0.054
0.032	0.893	0.042	0.033
