>ATGGCGCCGGCG	5-CGCCGGCGCCAT	9.497338	-39.251662	0	T:195.0(2.43%),B:47.3(0.71%),P:1e-17
0.488	0.219	0.180	0.112
0.132	0.185	0.195	0.488
0.073	0.110	0.751	0.066
0.077	0.136	0.717	0.070
0.105	0.685	0.128	0.082
0.073	0.127	0.710	0.090
0.078	0.683	0.172	0.067
0.092	0.695	0.120	0.093
0.093	0.118	0.695	0.094
0.068	0.155	0.712	0.065
0.102	0.686	0.136	0.076
0.087	0.125	0.692	0.096
