>NNCGGGACGCSN	25-NSGCGTCCCGNN	7.691713	-1.079441	0	T:32.0(0.40%),B:23.7(0.35%),P:1e0
0.220	0.211	0.326	0.244
0.180	0.280	0.264	0.276
0.128	0.668	0.076	0.128
0.098	0.135	0.661	0.106
0.179	0.191	0.452	0.178
0.192	0.089	0.473	0.246
0.676	0.070	0.061	0.193
0.125	0.676	0.069	0.130
0.107	0.080	0.673	0.140
0.166	0.584	0.105	0.145
0.183	0.284	0.355	0.178
0.226	0.245	0.297	0.232
