>CGCCGGGCGGTG	12-CGCCGGGCGGTG	10.770684	-24.402024	0	T:173.0(2.15%),B:56.7(0.85%),P:1e-10
0.044	0.835	0.070	0.051
0.030	0.095	0.796	0.079
0.030	0.828	0.112	0.030
0.077	0.762	0.090	0.071
0.045	0.045	0.872	0.038
0.035	0.076	0.859	0.030
0.026	0.038	0.897	0.039
0.061	0.840	0.056	0.043
0.032	0.062	0.867	0.039
0.022	0.098	0.852	0.028
0.047	0.092	0.154	0.707
0.022	0.059	0.889	0.030
