>BCVHCGCGKAHK	23-MDTMCGCGDBGV	6.032966	-3.335999	0	T:118.0(1.47%),B:75.2(1.12%),P:1e-1
0.004	0.254	0.372	0.369
0.086	0.456	0.253	0.206
0.286	0.204	0.345	0.165
0.328	0.378	0.004	0.289
0.205	0.546	0.164	0.085
0.205	0.123	0.586	0.086
0.165	0.665	0.083	0.087
0.125	0.165	0.626	0.084
0.129	0.164	0.300	0.406
0.447	0.220	0.284	0.049
0.248	0.251	0.168	0.334
0.130	0.170	0.367	0.334
