>GGGTCACGTGAC	8-GGGTCACGTGAC,BestGuess:E-box(bHLH)/Promoter/Homer(0.956)	11.769571	-33.195631	0	T:60.0(0.75%),B:1.1(0.02%),P:1e-14
0.063	0.322	0.485	0.130
0.090	0.259	0.543	0.108
0.113	0.062	0.797	0.028
0.045	0.164	0.085	0.706
0.005	0.972	0.022	0.001
0.815	0.084	0.062	0.039
0.011	0.932	0.017	0.040
0.051	0.056	0.882	0.011
0.001	0.028	0.028	0.943
0.011	0.011	0.977	0.001
0.633	0.085	0.203	0.079
0.051	0.643	0.193	0.113
