>CAGGCCGCGCCT	15-CAGGCCGCGCCT	12.681191	-15.810056	0	T:26.0(0.32%),B:0.0(0.00%),P:1e-6
0.035	0.871	0.065	0.029
0.752	0.102	0.089	0.057
0.029	0.071	0.876	0.024
0.035	0.074	0.860	0.031
0.028	0.901	0.043	0.028
0.048	0.828	0.075	0.049
0.052	0.099	0.787	0.062
0.038	0.829	0.087	0.046
0.029	0.062	0.829	0.080
0.020	0.875	0.077	0.028
0.025	0.902	0.044	0.029
0.048	0.139	0.122	0.691
