>TCCTGGCCGCGC	16-TCCTGGCCGCGC	10.086360	-15.193626	0	T:93.0(1.16%),B:28.2(0.42%),P:1e-6
0.099	0.175	0.156	0.570
0.066	0.698	0.142	0.094
0.071	0.744	0.105	0.080
0.121	0.165	0.172	0.542
0.074	0.142	0.699	0.085
0.074	0.147	0.691	0.088
0.076	0.712	0.138	0.074
0.105	0.649	0.140	0.106
0.077	0.159	0.657	0.107
0.096	0.690	0.125	0.089
0.083	0.142	0.669	0.106
0.077	0.680	0.162	0.081
