>CGCGTCGGGGGC	6-GCCCCCGACGCG	10.908093	-39.073019	0	T:121.0(1.51%),B:16.8(0.25%),P:1e-16
0.045	0.856	0.051	0.048
0.036	0.030	0.906	0.028
0.041	0.884	0.045	0.030
0.030	0.079	0.837	0.054
0.049	0.110	0.192	0.649
0.066	0.840	0.062	0.032
0.050	0.071	0.833	0.046
0.056	0.074	0.851	0.019
0.030	0.058	0.884	0.028
0.067	0.113	0.792	0.028
0.051	0.075	0.793	0.081
0.028	0.875	0.058	0.039
