>ACSDCGGAWTCN	22-ACSDCGGAWTCN	7.048427	-3.645066	0	T:6.0(0.07%),B:1.0(0.01%),P:1e-1
0.472	0.260	0.154	0.115
0.043	0.479	0.186	0.292
0.217	0.327	0.416	0.040
0.220	0.076	0.340	0.364
0.110	0.741	0.074	0.075
0.038	0.256	0.667	0.039
0.256	0.005	0.448	0.292
0.700	0.039	0.003	0.258
0.450	0.221	0.003	0.327
0.184	0.149	0.232	0.435
0.188	0.440	0.152	0.220
0.257	0.226	0.223	0.293
