>CGCGGTCCCGCC	19-GGCGGGACCGCG	11.956332	-13.072309	0	T:85.0(1.06%),B:27.4(0.41%),P:1e-5
0.028	0.850	0.075	0.047
0.051	0.077	0.812	0.060
0.070	0.771	0.094	0.065
0.049	0.071	0.834	0.046
0.025	0.059	0.851	0.065
0.044	0.219	0.056	0.681
0.019	0.880	0.061	0.040
0.044	0.856	0.054	0.046
0.030	0.867	0.058	0.045
0.043	0.032	0.876	0.049
0.032	0.860	0.079	0.029
0.034	0.862	0.049	0.055
