>WGGRARRTGAHT	24-WGGRARRTGAHT	9.098654	-2.505536	0	T:217.0(0.56%),B:121.9(0.48%),P:1e-1
0.339	0.026	0.154	0.481
0.269	0.025	0.459	0.247
0.382	0.023	0.560	0.035
0.374	0.133	0.471	0.023
0.903	0.026	0.036	0.035
0.525	0.021	0.383	0.071
0.397	0.036	0.532	0.035
0.079	0.030	0.228	0.663
0.264	0.166	0.493	0.076
0.700	0.044	0.042	0.214
0.305	0.304	0.041	0.350
0.281	0.029	0.035	0.655
