>CTGAAACTGAAA	17-CTGAAACTGAAA	11.373115	-14.117929	0	T:70.0(0.18%),B:12.3(0.05%),P:1e-6
0.090	0.690	0.114	0.106
0.126	0.046	0.056	0.772
0.094	0.087	0.742	0.077
0.780	0.064	0.074	0.082
0.751	0.075	0.097	0.077
0.768	0.067	0.084	0.081
0.109	0.699	0.109	0.083
0.118	0.051	0.051	0.780
0.070	0.087	0.758	0.085
0.761	0.072	0.090	0.077
0.741	0.082	0.111	0.066
0.757	0.074	0.087	0.082
