>GAAGTGAAACTG	8-GAAGTGAAACTG	11.157145	-490.338522	0	T:2016.0(5.21%),B:242.8(0.95%),P:1e-212
0.278	0.037	0.635	0.050
0.958	0.003	0.008	0.031
0.787	0.001	0.011	0.201
0.200	0.189	0.482	0.129
0.089	0.017	0.058	0.836
0.016	0.006	0.974	0.004
0.964	0.007	0.027	0.002
0.831	0.014	0.102	0.053
0.908	0.001	0.049	0.042
0.077	0.651	0.239	0.033
0.097	0.120	0.001	0.782
0.235	0.069	0.510	0.186
