>AGTSAGTTCTCA	18-AGTSAGTTCTCA,BestGuess:Su(H)/dmmpmm(Bergman)/fly(0.650)	11.463039	-10.785336	0	T:236.0(0.61%),B:95.4(0.38%),P:1e-4
0.681	0.002	0.028	0.289
0.140	0.255	0.516	0.089
0.072	0.004	0.066	0.858
0.055	0.401	0.502	0.042
0.779	0.028	0.052	0.141
0.124	0.260	0.418	0.198
0.132	0.093	0.076	0.699
0.052	0.013	0.051	0.884
0.029	0.652	0.025	0.294
0.152	0.093	0.002	0.753
0.039	0.709	0.180	0.072
0.860	0.014	0.001	0.125
