>TTTCASTTCCYC	2-TTTCASTTCCYC	9.524785	-2721.164989	0	T:8775.0(22.67%),B:824.0(3.24%),P:1e-1181
0.080	0.115	0.031	0.774
0.065	0.307	0.066	0.562
0.003	0.271	0.001	0.725
0.058	0.779	0.073	0.090
0.685	0.038	0.109	0.168
0.061	0.477	0.334	0.128
0.154	0.026	0.004	0.816
0.039	0.005	0.026	0.930
0.017	0.747	0.002	0.234
0.077	0.663	0.001	0.259
0.133	0.310	0.152	0.405
0.161	0.409	0.190	0.241
