>YTGGTTTCAGTT	16-YTGGTTTCAGTT	9.628793	-29.074946	0	T:321.0(0.83%),B:95.8(0.38%),P:1e-12
0.176	0.340	0.172	0.313
0.291	0.001	0.028	0.680
0.181	0.001	0.588	0.230
0.059	0.289	0.440	0.212
0.012	0.135	0.006	0.847
0.052	0.108	0.103	0.737
0.257	0.121	0.142	0.480
0.042	0.808	0.091	0.059
0.737	0.001	0.001	0.261
0.074	0.142	0.632	0.152
0.084	0.312	0.120	0.483
0.166	0.234	0.023	0.577
