>TGAGAACTSACT	18-AGTSAGTTCTCA	11.463039	-10.785336	0	T:236.0(0.61%),B:95.4(0.38%),P:1e-4
0.125	0.001	0.014	0.860
0.072	0.180	0.709	0.039
0.753	0.002	0.093	0.152
0.294	0.025	0.652	0.029
0.884	0.051	0.013	0.052
0.699	0.076	0.093	0.132
0.198	0.418	0.260	0.124
0.141	0.052	0.028	0.779
0.042	0.502	0.401	0.055
0.858	0.066	0.004	0.072
0.089	0.516	0.255	0.140
0.289	0.028	0.002	0.681
