>GCATTCCTTTCA	14-TGAAAGGAATGC	10.656220	-11.148883	0	T:77.0(1.03%),B:37.0(0.46%),P:1e-4
0.112	0.103	0.693	0.092
0.119	0.750	0.068	0.063
0.692	0.095	0.056	0.157
0.073	0.067	0.069	0.791
0.053	0.084	0.082	0.781
0.041	0.763	0.090	0.106
0.092	0.793	0.029	0.086
0.086	0.087	0.036	0.791
0.056	0.097	0.089	0.758
0.082	0.093	0.095	0.730
0.091	0.733	0.104	0.072
0.725	0.115	0.054	0.106
