>GTCACGTGACSG	13-GTCACGTGACSG,BestGuess:BHLHE41/MA0636.1/Jaspar(0.934)	11.749948	-12.431568	0	T:28.0(0.38%),B:4.4(0.06%),P:1e-5
0.033	0.146	0.732	0.089
0.056	0.243	0.028	0.673
0.011	0.933	0.050	0.006
0.950	0.044	0.005	0.001
0.033	0.751	0.121	0.095
0.050	0.169	0.753	0.028
0.001	0.005	0.027	0.967
0.006	0.006	0.977	0.011
0.693	0.045	0.251	0.011
0.095	0.691	0.153	0.061
0.152	0.349	0.348	0.151
0.036	0.340	0.535	0.089
