>VAGCTGCTTTMA	17-VAGCTGCTTTMA,BestGuess:ASCL1/MA1100.1/Jaspar(0.791)	11.064193	-10.111163	0	T:17.0(0.23%),B:1.8(0.02%),P:1e-4
0.282	0.345	0.265	0.108
0.761	0.001	0.098	0.140
0.100	0.026	0.804	0.070
0.050	0.805	0.085	0.060
0.184	0.001	0.001	0.814
0.007	0.086	0.784	0.123
0.084	0.658	0.029	0.229
0.067	0.119	0.001	0.813
0.001	0.092	0.116	0.791
0.173	0.171	0.132	0.524
0.408	0.263	0.150	0.179
0.505	0.188	0.160	0.147
