>DVHTKGCTTTSH	24-DVHTKGCTTTSH	10.026843	-0.728507	0	T:1.0(0.01%),B:0.6(0.01%),P:1e0
0.314	0.028	0.315	0.344
0.329	0.316	0.340	0.015
0.339	0.315	0.017	0.329
0.066	0.063	0.070	0.801
0.026	0.001	0.502	0.471
0.001	0.076	0.922	0.001
0.046	0.828	0.065	0.061
0.065	0.051	0.001	0.883
0.023	0.069	0.054	0.854
0.037	0.051	0.058	0.854
0.026	0.493	0.448	0.033
0.349	0.328	0.001	0.322
