>TTGTTATGCAAA	1-TTGTTATGCAAA,BestGuess:Pou5f1::Sox2/MA0142.1/Jaspar(0.936)	8.941246	-236.240795	0	T:1214.0(16.27%),B:452.2(5.65%),P:1e-102
0.029	0.043	0.043	0.885
0.129	0.013	0.021	0.837
0.104	0.237	0.607	0.052
0.303	0.020	0.024	0.653
0.237	0.201	0.102	0.460
0.747	0.027	0.058	0.168
0.064	0.003	0.027	0.906
0.014	0.011	0.843	0.132
0.016	0.666	0.070	0.248
0.764	0.009	0.005	0.222
0.746	0.021	0.194	0.039
0.917	0.024	0.030	0.029
