>ATGCTAATGAGG	8-ATGCTAATGAGG	10.099110	-26.806215	0	T:70.0(0.94%),B:12.5(0.16%),P:1e-11
0.531	0.128	0.119	0.222
0.134	0.001	0.167	0.698
0.006	0.045	0.780	0.169
0.063	0.562	0.114	0.261
0.323	0.123	0.001	0.553
0.862	0.007	0.124	0.007
0.900	0.025	0.040	0.035
0.151	0.002	0.125	0.722
0.068	0.158	0.565	0.209
0.628	0.085	0.174	0.113
0.292	0.010	0.521	0.177
0.200	0.218	0.476	0.107
