>TGCATTTGAAAG	7-TGCATTTGAAAG	9.602616	-30.737891	0	T:168.0(2.25%),B:64.2(0.80%),P:1e-13
0.100	0.042	0.100	0.758
0.089	0.093	0.714	0.104
0.101	0.737	0.072	0.090
0.732	0.110	0.040	0.118
0.081	0.076	0.085	0.758
0.083	0.090	0.078	0.749
0.086	0.038	0.072	0.804
0.105	0.118	0.671	0.106
0.776	0.079	0.072	0.073
0.799	0.068	0.081	0.052
0.784	0.030	0.080	0.106
0.119	0.071	0.716	0.094
