>CATTTCAAAGGG	4-CCCTTTGAAATG	8.800118	-47.550412	0	T:114.0(1.53%),B:16.6(0.21%),P:1e-20
0.186	0.489	0.171	0.153
0.576	0.173	0.055	0.196
0.152	0.131	0.125	0.592
0.126	0.146	0.128	0.600
0.161	0.154	0.105	0.580
0.155	0.561	0.157	0.127
0.692	0.148	0.024	0.136
0.637	0.149	0.150	0.064
0.667	0.028	0.138	0.167
0.178	0.034	0.622	0.166
0.184	0.096	0.585	0.135
0.213	0.202	0.411	0.174
