>TKAAAGCAGCTB	17-VAGCTGCTTTMA	11.064193	-10.111163	0	T:17.0(0.23%),B:1.8(0.02%),P:1e-4
0.147	0.160	0.188	0.505
0.179	0.150	0.263	0.408
0.524	0.132	0.171	0.173
0.791	0.116	0.092	0.001
0.813	0.001	0.119	0.067
0.229	0.029	0.658	0.084
0.123	0.784	0.086	0.007
0.814	0.001	0.001	0.184
0.060	0.085	0.805	0.050
0.070	0.804	0.026	0.100
0.140	0.098	0.001	0.761
0.108	0.265	0.345	0.282
