>CCCTTTGAAATG	4-CCCTTTGAAATG,BestGuess:Tcf3(HMG)/mES-Tcf3-ChIP-Seq(GSE11724)/Homer(0.839)	8.800118	-47.550412	0	T:114.0(1.53%),B:16.6(0.21%),P:1e-20
0.174	0.411	0.202	0.213
0.135	0.585	0.096	0.184
0.166	0.622	0.034	0.178
0.167	0.138	0.028	0.667
0.064	0.150	0.149	0.637
0.136	0.024	0.148	0.692
0.127	0.157	0.561	0.155
0.580	0.105	0.154	0.161
0.600	0.128	0.146	0.126
0.592	0.125	0.131	0.152
0.196	0.055	0.173	0.576
0.153	0.171	0.489	0.186
