>ATGCAAATTNYH	5-ATGCAAATTNYH	8.924627	-36.695903	0	T:196.0(2.63%),B:73.7(0.92%),P:1e-15
0.625	0.196	0.001	0.178
0.196	0.001	0.097	0.706
0.006	0.001	0.780	0.213
0.053	0.568	0.088	0.291
0.643	0.055	0.001	0.301
0.635	0.072	0.292	0.001
0.929	0.065	0.005	0.001
0.028	0.031	0.212	0.729
0.072	0.164	0.300	0.463
0.215	0.255	0.199	0.331
0.141	0.434	0.131	0.294
0.279	0.296	0.052	0.373
