>TGTTTACTCAAG	12-TGTTTACTCAAG,BestGuess:fkh/dmmpmm(Noyes)/fly(0.838)	10.743491	-14.906127	0	T:52.0(0.70%),B:14.5(0.18%),P:1e-6
0.082	0.003	0.034	0.881
0.079	0.099	0.715	0.107
0.072	0.090	0.035	0.803
0.030	0.027	0.064	0.879
0.086	0.030	0.100	0.784
0.583	0.136	0.108	0.173
0.099	0.724	0.054	0.123
0.127	0.089	0.003	0.781
0.127	0.632	0.106	0.135
0.823	0.083	0.012	0.082
0.766	0.001	0.138	0.095
0.119	0.123	0.648	0.110
