>TGAAAGGAATGC	14-TGAAAGGAATGC,BestGuess:TEC1/TEC1_YPD/[](Harbison)/Yeast(0.729)	10.656220	-11.148883	0	T:77.0(1.03%),B:37.0(0.46%),P:1e-4
0.106	0.054	0.115	0.725
0.072	0.104	0.733	0.091
0.730	0.095	0.093	0.082
0.758	0.089	0.097	0.056
0.791	0.036	0.087	0.086
0.086	0.029	0.793	0.092
0.106	0.090	0.763	0.041
0.781	0.082	0.084	0.053
0.791	0.069	0.067	0.073
0.157	0.056	0.095	0.692
0.063	0.068	0.750	0.119
0.092	0.693	0.103	0.112
