>DCNTTASGCNSG	22-DCNTTASGCNSG,BestGuess:cad/dmmpmm(SeSiMCMC)/fly(0.685)	6.899841	-3.684497	0	T:9.0(0.12%),B:2.7(0.03%),P:1e-1
0.215	0.180	0.250	0.355
0.109	0.496	0.268	0.127
0.213	0.213	0.309	0.265
0.160	0.107	0.178	0.555
0.196	0.001	0.054	0.749
0.501	0.320	0.072	0.107
0.054	0.373	0.466	0.107
0.125	0.125	0.555	0.195
0.125	0.642	0.143	0.090
0.230	0.178	0.268	0.324
0.179	0.375	0.250	0.197
0.090	0.216	0.551	0.143
