>CSGTCACGTGAC	13-GTCACGTGACSG	11.749948	-12.431568	0	T:28.0(0.38%),B:4.4(0.06%),P:1e-5
0.089	0.535	0.340	0.036
0.151	0.348	0.349	0.152
0.061	0.153	0.691	0.095
0.011	0.251	0.045	0.693
0.011	0.977	0.006	0.006
0.967	0.027	0.005	0.001
0.028	0.753	0.169	0.050
0.095	0.121	0.751	0.033
0.001	0.005	0.044	0.950
0.006	0.050	0.933	0.011
0.673	0.028	0.243	0.056
0.089	0.732	0.146	0.033
