>AGAGGAAGTG	1-AGAGGAAGTG	7.998697	-6373.487687	0	T:24017.0(62.04%),B:4594.2(18.07%),P:1e-2767	Tpos:201.2,Tstd:50.1,Bpos:504.7,Bstd:344.5,StrandBias:-0.0,Multiplicity:1.13
0.513	0.020	0.180	0.287
0.228	0.152	0.589	0.031
0.515	0.140	0.326	0.019
0.071	0.001	0.927	0.001
0.008	0.001	0.990	0.001
0.997	0.001	0.001	0.001
0.986	0.001	0.001	0.012
0.067	0.208	0.724	0.001
0.023	0.049	0.002	0.926
0.048	0.105	0.827	0.020
>CACTTCCBCT	2-CACTTCCBCT	7.574868	-6124.225766	0	T:23942.0(61.84%),B:4748.1(18.68%),P:1e-2659	Tpos:202.2,Tstd:85.8,Bpos:499.7,Bstd:352.3,StrandBias:0.0,Multiplicity:1.03
0.151	0.449	0.235	0.165
0.654	0.001	0.296	0.049
0.001	0.571	0.260	0.168
0.001	0.001	0.001	0.997
0.001	0.001	0.001	0.997
0.001	0.950	0.001	0.048
0.001	0.827	0.001	0.171
0.054	0.275	0.262	0.409
0.089	0.456	0.222	0.233
0.246	0.244	0.099	0.411
>AASVGGAAST	3-AASVGGAAST	7.779631	-3748.767282	0	T:16737.0(43.23%),B:3118.5(12.27%),P:1e-1628	Tpos:205.0,Tstd:84.7,Bpos:509.6,Bstd:351.6,StrandBias:0.1,Multiplicity:1.04
0.446	0.164	0.226	0.163
0.539	0.102	0.197	0.162
0.190	0.333	0.416	0.061
0.365	0.357	0.239	0.039
0.108	0.001	0.890	0.001
0.136	0.001	0.862	0.001
0.997	0.001	0.001	0.001
0.955	0.001	0.001	0.043
0.156	0.367	0.476	0.001
0.054	0.279	0.039	0.628
>YCASTTCCBB	4-YCASTTCCBB	8.017051	-3319.014584	0	T:10476.0(27.06%),B:997.1(3.92%),P:1e-1441	Tpos:203.9,Tstd:63.6,Bpos:580.7,Bstd:378.3,StrandBias:0.1,Multiplicity:1.01
0.164	0.256	0.208	0.372
0.102	0.518	0.236	0.144
0.730	0.001	0.231	0.038
0.001	0.450	0.344	0.204
0.001	0.001	0.001	0.997
0.002	0.001	0.001	0.996
0.020	0.787	0.001	0.192
0.001	0.771	0.001	0.227
0.115	0.297	0.261	0.327
0.133	0.380	0.252	0.235
>GGAASTGAAA	5-GGAASTGAAA	8.842621	-2663.690214	0	T:13327.0(34.42%),B:2575.2(10.13%),P:1e-1156	Tpos:200.6,Tstd:81.0,Bpos:503.0,Bstd:338.5,StrandBias:0.1,Multiplicity:1.04
0.205	0.012	0.766	0.017
0.203	0.005	0.784	0.008
0.973	0.001	0.001	0.025
0.889	0.001	0.001	0.109
0.098	0.367	0.486	0.048
0.088	0.113	0.001	0.798
0.001	0.001	0.990	0.008
0.691	0.025	0.188	0.096
0.528	0.080	0.293	0.099
0.740	0.028	0.035	0.197
>AASAGGAAGT	6-AASAGGAAGT	8.459872	-2299.809867	0	T:8101.0(20.93%),B:878.3(3.46%),P:1e-998	Tpos:193.8,Tstd:79.1,Bpos:485.7,Bstd:324.2,StrandBias:0.5,Multiplicity:1.01
0.488	0.169	0.231	0.111
0.531	0.079	0.203	0.187
0.179	0.383	0.384	0.054
0.424	0.251	0.209	0.115
0.041	0.001	0.957	0.001
0.202	0.010	0.787	0.001
0.995	0.003	0.001	0.001
0.953	0.001	0.001	0.045
0.176	0.283	0.513	0.028
0.063	0.279	0.041	0.617
>GGAASTGRDA	7-GGAASTGRDA	8.029935	-2295.011684	0	T:10409.0(26.89%),B:1704.1(6.70%),P:1e-996	Tpos:199.0,Tstd:90.8,Bpos:533.2,Bstd:312.3,StrandBias:0.0,Multiplicity:1.01
0.276	0.001	0.586	0.137
0.231	0.067	0.701	0.001
0.936	0.019	0.001	0.044
0.916	0.001	0.001	0.082
0.157	0.404	0.400	0.039
0.094	0.138	0.001	0.767
0.100	0.001	0.898	0.001
0.400	0.079	0.271	0.250
0.269	0.176	0.339	0.215
0.468	0.141	0.143	0.249
>ACTTCCBSTT	8-ACTTCCBSTT	8.040988	-2205.775666	0	T:7180.0(18.55%),B:653.0(2.57%),P:1e-957	Tpos:204.6,Tstd:76.6,Bpos:509.0,Bstd:311.3,StrandBias:-0.0,Multiplicity:1.01
0.598	0.050	0.313	0.039
0.048	0.473	0.313	0.166
0.056	0.001	0.001	0.942
0.001	0.001	0.001	0.997
0.001	0.803	0.001	0.195
0.001	0.997	0.001	0.001
0.047	0.279	0.374	0.300
0.076	0.361	0.361	0.203
0.210	0.174	0.134	0.481
0.196	0.227	0.173	0.404
>ACTTCCTSTT	9-ACTTCCTSTT	9.286712	-2128.361737	0	T:7152.0(18.47%),B:692.8(2.73%),P:1e-924	Tpos:196.3,Tstd:49.0,Bpos:514.3,Bstd:322.4,StrandBias:0.2,Multiplicity:1.01
0.713	0.033	0.210	0.044
0.034	0.588	0.263	0.115
0.040	0.001	0.001	0.958
0.001	0.001	0.005	0.993
0.001	0.906	0.006	0.087
0.001	0.918	0.001	0.080
0.037	0.239	0.197	0.527
0.055	0.460	0.339	0.147
0.163	0.186	0.092	0.559
0.095	0.229	0.095	0.581
>NNCACTTCCB	10-NNCACTTCCB	9.029650	-1753.252013	0	T:6793.0(17.55%),B:830.1(3.27%),P:1e-761	Tpos:192.5,Tstd:80.4,Bpos:502.1,Bstd:369.8,StrandBias:0.2,Multiplicity:1.00
0.219	0.316	0.248	0.217
0.178	0.287	0.210	0.325
0.098	0.609	0.158	0.135
0.841	0.001	0.157	0.001
0.001	0.698	0.157	0.144
0.077	0.001	0.001	0.921
0.001	0.001	0.001	0.997
0.001	0.969	0.001	0.029
0.001	0.874	0.001	0.124
0.064	0.271	0.259	0.406
>THTCACTTCC	11-THTCACTTCC	9.334118	-1735.150075	0	T:5747.0(14.84%),B:518.1(2.04%),P:1e-753	Tpos:199.1,Tstd:61.9,Bpos:518.3,Bstd:310.0,StrandBias:-0.2,Multiplicity:1.01
0.229	0.135	0.139	0.498
0.226	0.343	0.128	0.303
0.146	0.294	0.107	0.454
0.001	0.837	0.071	0.091
0.817	0.001	0.108	0.074
0.001	0.525	0.306	0.168
0.070	0.001	0.001	0.928
0.001	0.001	0.001	0.997
0.001	0.902	0.001	0.096
0.001	0.797	0.001	0.201
>STTCCGCTTT	12-STTCCGCTTT	7.447897	-1600.616233	0	T:7363.0(19.02%),B:1148.2(4.52%),P:1e-695	Tpos:201.9,Tstd:58.7,Bpos:497.0,Bstd:349.3,StrandBias:0.0,Multiplicity:1.03
0.030	0.398	0.367	0.205
0.116	0.005	0.022	0.857
0.022	0.013	0.029	0.936
0.045	0.749	0.025	0.181
0.005	0.747	0.024	0.224
0.107	0.243	0.434	0.216
0.121	0.477	0.266	0.136
0.198	0.238	0.085	0.479
0.051	0.199	0.112	0.638
0.244	0.227	0.047	0.483
>STTTCASTTC	13-STTTCASTTC	7.945433	-1141.950866	0	T:4124.0(10.65%),B:419.5(1.65%),P:1e-495	Tpos:200.9,Tstd:51.1,Bpos:491.8,Bstd:317.6,StrandBias:0.1,Multiplicity:1.02
0.168	0.342	0.373	0.117
0.098	0.163	0.067	0.672
0.108	0.211	0.064	0.617
0.097	0.327	0.097	0.479
0.050	0.853	0.041	0.056
0.445	0.076	0.233	0.246
0.075	0.430	0.354	0.141
0.239	0.047	0.089	0.625
0.088	0.035	0.019	0.858
0.064	0.550	0.035	0.351
>GTTTCRGTTC	14-GTTTCRGTTC	9.232260	-878.796336	0	T:3716.0(9.60%),B:481.8(1.90%),P:1e-381	Tpos:200.4,Tstd:75.5,Bpos:518.5,Bstd:330.9,StrandBias:-0.1,Multiplicity:1.00
0.050	0.256	0.624	0.070
0.026	0.064	0.018	0.892
0.055	0.123	0.026	0.796
0.092	0.256	0.053	0.599
0.006	0.916	0.019	0.059
0.454	0.070	0.315	0.161
0.036	0.253	0.579	0.132
0.064	0.040	0.037	0.859
0.051	0.023	0.051	0.875
0.033	0.713	0.060	0.194
>TTCCCCTTTT	15-TTCCCCTTTT	10.840921	-716.472087	0	T:3473.0(8.97%),B:534.5(2.10%),P:1e-311	Tpos:200.9,Tstd:89.2,Bpos:503.0,Bstd:301.2,StrandBias:-0.1,Multiplicity:1.01
0.037	0.076	0.035	0.852
0.031	0.052	0.021	0.896
0.019	0.858	0.016	0.107
0.026	0.842	0.035	0.097
0.046	0.564	0.113	0.277
0.037	0.800	0.105	0.058
0.149	0.068	0.019	0.764
0.036	0.053	0.028	0.883
0.025	0.082	0.061	0.832
0.073	0.113	0.104	0.710
>AAWGAGGAAC	16-AAWGAGGAAC	8.626778	-407.248712	0	T:1920.0(4.96%),B:278.5(1.10%),P:1e-176	Tpos:205.1,Tstd:71.0,Bpos:525.3,Bstd:309.4,StrandBias:0.1,Multiplicity:1.01
0.544	0.111	0.185	0.160
0.632	0.095	0.167	0.106
0.486	0.038	0.070	0.406
0.078	0.319	0.568	0.035
0.445	0.119	0.221	0.214
0.092	0.010	0.897	0.001
0.293	0.010	0.607	0.090
0.865	0.053	0.001	0.081
0.945	0.009	0.001	0.045
0.179	0.504	0.280	0.037
>RSTTTCASTT	17-RSTTTCASTT	9.404612	-169.035895	0	T:714.0(1.84%),B:88.8(0.35%),P:1e-73	Tpos:203.7,Tstd:94.5,Bpos:480.7,Bstd:314.8,StrandBias:0.1,Multiplicity:1.01
0.400	0.100	0.340	0.160
0.076	0.350	0.393	0.181
0.001	0.050	0.001	0.948
0.032	0.251	0.001	0.716
0.119	0.206	0.018	0.657
0.001	0.997	0.001	0.001
0.550	0.154	0.191	0.105
0.029	0.445	0.413	0.113
0.192	0.001	0.001	0.806
0.106	0.053	0.001	0.840
>WWDSAGAAGT	18-WWDSAGAAGT	7.440829	-93.619276	0	T:958.0(2.47%),B:266.7(1.05%),P:1e-40	Tpos:204.1,Tstd:80.7,Bpos:500.3,Bstd:345.6,StrandBias:-0.1,Multiplicity:1.02
0.459	0.085	0.130	0.325
0.378	0.180	0.119	0.322
0.336	0.088	0.308	0.267
0.095	0.504	0.355	0.046
0.502	0.070	0.300	0.128
0.119	0.001	0.831	0.049
0.725	0.220	0.024	0.031
0.802	0.067	0.069	0.062
0.189	0.325	0.484	0.002
0.158	0.301	0.027	0.514
>NBCACTTCCB	19-NBCACTTCCB	8.241367	-59.905884	0	T:378.0(0.98%),B:75.3(0.30%),P:1e-26	Tpos:199.1,Tstd:78.7,Bpos:467.2,Bstd:358.4,StrandBias:0.2,Multiplicity:1.00
0.239	0.267	0.278	0.216
0.173	0.291	0.197	0.339
0.098	0.515	0.237	0.150
0.781	0.001	0.170	0.048
0.001	0.520	0.343	0.136
0.056	0.001	0.001	0.942
0.001	0.001	0.001	0.997
0.001	0.833	0.001	0.165
0.005	0.738	0.001	0.256
0.147	0.318	0.270	0.266
>VGGAASTGVN	20-VGGAASTGVN	7.812055	-55.290281	0	T:266.0(0.69%),B:40.3(0.16%),P:1e-24	Tpos:203.7,Tstd:97.2,Bpos:584.5,Bstd:288.6,StrandBias:-0.3,Multiplicity:1.07
0.313	0.323	0.231	0.133
0.248	0.001	0.750	0.001
0.243	0.005	0.750	0.002
0.997	0.001	0.001	0.001
0.921	0.001	0.001	0.077
0.170	0.342	0.487	0.001
0.039	0.313	0.001	0.647
0.149	0.194	0.514	0.143
0.307	0.211	0.316	0.166
0.214	0.265	0.284	0.237
>GGAADTCCCC	21-GGAADTCCCC	8.094391	-16.615907	0	T:1181.0(3.05%),B:598.2(2.35%),P:1e-7	Tpos:200.5,Tstd:97.3,Bpos:478.5,Bstd:324.7,StrandBias:-0.1,Multiplicity:1.04
0.252	0.009	0.736	0.003
0.305	0.001	0.693	0.001
0.746	0.033	0.220	0.001
0.827	0.094	0.001	0.078
0.363	0.093	0.314	0.230
0.083	0.197	0.204	0.516
0.036	0.500	0.209	0.255
0.240	0.731	0.028	0.001
0.039	0.821	0.068	0.072
0.171	0.464	0.133	0.231
>TGASTCAKHH	22-TGASTCAKHH	9.676782	-11.809359	0	T:675.0(1.74%),B:333.9(1.31%),P:1e-5	Tpos:204.1,Tstd:89.7,Bpos:487.6,Bstd:322.0,StrandBias:0.1,Multiplicity:1.01
0.001	0.001	0.001	0.997
0.001	0.001	0.934	0.064
0.997	0.001	0.001	0.001
0.010	0.419	0.528	0.043
0.001	0.006	0.001	0.992
0.019	0.979	0.001	0.001
0.997	0.001	0.001	0.001
0.125	0.228	0.264	0.383
0.340	0.285	0.054	0.321
0.246	0.283	0.160	0.311
>DMTGAGTCAT	23-DMTGAGTCAT	9.159986	-5.796922	0	T:84.0(0.22%),B:31.9(0.13%),P:1e-2	Tpos:225.5,Tstd:103.5,Bpos:454.8,Bstd:225.3,StrandBias:0.5,Multiplicity:1.00
0.287	0.137	0.305	0.271
0.410	0.297	0.186	0.107
0.058	0.029	0.014	0.899
0.066	0.097	0.685	0.152
0.890	0.026	0.029	0.055
0.120	0.305	0.458	0.118
0.071	0.005	0.012	0.912
0.170	0.779	0.046	0.005
0.920	0.012	0.001	0.067
0.098	0.190	0.271	0.442
>DWVDGRAAVY	24-DWVDGRAAVY	6.839150	-4.347593	0	T:171.0(0.44%),B:83.0(0.33%),P:1e-1	Tpos:179.9,Tstd:94.0,Bpos:406.8,Bstd:308.1,StrandBias:0.8,Multiplicity:1.00
0.346	0.189	0.241	0.224
0.401	0.151	0.034	0.414
0.212	0.323	0.297	0.168
0.328	0.159	0.218	0.295
0.001	0.001	0.997	0.001
0.355	0.080	0.371	0.194
0.980	0.001	0.018	0.001
0.963	0.001	0.035	0.001
0.229	0.363	0.367	0.041
0.165	0.375	0.001	0.458
>DNTGASTCAB	25-DNTGASTCAB	8.356705	-1.852234	0	T:117.0(0.30%),B:65.3(0.26%),P:1e0	Tpos:210.5,Tstd:108.7,Bpos:504.7,Bstd:362.8,StrandBias:0.1,Multiplicity:1.00
0.264	0.114	0.294	0.328
0.304	0.305	0.205	0.186
0.001	0.001	0.001	0.997
0.135	0.167	0.500	0.198
0.984	0.014	0.001	0.001
0.137	0.371	0.398	0.093
0.001	0.001	0.001	0.997
0.217	0.706	0.070	0.007
0.953	0.001	0.001	0.045
0.159	0.310	0.240	0.291
