>NGCCACGTGG	1-NGCCACGTGG	7.194495	-417.119808	0	T:15678.0(29.99%),B:5191.5(20.40%),P:1e-181	Tpos:220.5,Tstd:98.5,Bpos:509.1,Bstd:1083.9,StrandBias:0.0,Multiplicity:1.18
0.265	0.225	0.292	0.218
0.289	0.132	0.481	0.098
0.139	0.463	0.209	0.189
0.004	0.989	0.006	0.001
0.933	0.001	0.056	0.010
0.001	0.859	0.001	0.139
0.184	0.014	0.800	0.002
0.018	0.057	0.001	0.924
0.001	0.015	0.980	0.004
0.183	0.199	0.433	0.184
>CACTTCCGGY	2-CACTTCCGGY	9.136227	-268.011824	0	T:1918.0(3.67%),B:256.5(1.01%),P:1e-116	Tpos:252.8,Tstd:148.2,Bpos:574.3,Bstd:743.5,StrandBias:0.0,Multiplicity:1.12
0.105	0.727	0.117	0.051
0.589	0.047	0.296	0.068
0.001	0.923	0.018	0.058
0.005	0.069	0.014	0.912
0.027	0.057	0.003	0.913
0.011	0.980	0.008	0.001
0.001	0.989	0.009	0.001
0.001	0.045	0.862	0.092
0.029	0.170	0.761	0.040
0.067	0.372	0.184	0.377
>GVTGASTCAY	3-GVTGASTCAY	9.985075	-256.521652	0	T:1928.0(3.69%),B:270.8(1.06%),P:1e-111	Tpos:224.1,Tstd:109.2,Bpos:511.1,Bstd:393.5,StrandBias:0.1,Multiplicity:1.03
0.092	0.226	0.475	0.207
0.338	0.386	0.258	0.017
0.013	0.011	0.001	0.975
0.014	0.010	0.943	0.033
0.986	0.001	0.001	0.012
0.025	0.408	0.538	0.029
0.001	0.001	0.011	0.987
0.025	0.973	0.001	0.001
0.960	0.038	0.001	0.001
0.019	0.331	0.213	0.438
>VTGACTCABC	4-VTGACTCABC	7.904347	-196.118653	0	T:6117.0(11.70%),B:1850.5(7.27%),P:1e-85	Tpos:222.3,Tstd:124.2,Bpos:508.7,Bstd:391.2,StrandBias:-0.0,Multiplicity:1.08
0.362	0.235	0.365	0.038
0.001	0.001	0.001	0.997
0.001	0.001	0.997	0.001
0.997	0.001	0.001	0.001
0.001	0.623	0.375	0.001
0.001	0.001	0.001	0.997
0.073	0.925	0.001	0.001
0.997	0.001	0.001	0.001
0.001	0.348	0.394	0.258
0.099	0.454	0.267	0.180
>CACHAGGGGG	5-CACHAGGGGG	9.829275	-183.106257	0	T:2607.0(4.99%),B:574.1(2.26%),P:1e-79	Tpos:220.3,Tstd:104.4,Bpos:507.4,Bstd:604.7,StrandBias:0.0,Multiplicity:1.02
0.001	0.986	0.012	0.001
0.707	0.064	0.202	0.027
0.024	0.826	0.149	0.001
0.236	0.265	0.140	0.359
0.978	0.001	0.001	0.020
0.001	0.008	0.990	0.001
0.335	0.001	0.663	0.001
0.098	0.068	0.542	0.292
0.001	0.075	0.923	0.001
0.018	0.001	0.980	0.001
>GCCATGTGVY	6-GCCATGTGVY	8.983462	-105.351912	0	T:2714.0(5.19%),B:765.8(3.01%),P:1e-45	Tpos:217.7,Tstd:99.6,Bpos:524.8,Bstd:560.1,StrandBias:0.1,Multiplicity:1.05
0.296	0.186	0.465	0.053
0.220	0.407	0.219	0.154
0.001	0.994	0.004	0.001
0.819	0.045	0.037	0.099
0.001	0.001	0.001	0.997
0.011	0.122	0.866	0.001
0.056	0.058	0.001	0.885
0.001	0.001	0.991	0.007
0.325	0.288	0.215	0.171
0.135	0.381	0.169	0.315
>YGCGCVBGCG	7-YGCGCVBGCG	9.208470	-78.558932	0	T:1738.0(3.32%),B:464.9(1.83%),P:1e-34	Tpos:268.4,Tstd:162.0,Bpos:483.7,Bstd:795.1,StrandBias:-0.1,Multiplicity:1.21
0.109	0.392	0.086	0.413
0.100	0.088	0.758	0.054
0.115	0.804	0.048	0.033
0.086	0.024	0.872	0.018
0.075	0.826	0.076	0.023
0.368	0.247	0.282	0.104
0.094	0.288	0.282	0.337
0.023	0.125	0.785	0.067
0.042	0.870	0.048	0.040
0.036	0.073	0.809	0.082
>GCCCCGCCCC	8-GCCCCGCCCC	9.678828	-41.830183	0	T:5349.0(10.23%),B:2104.3(8.27%),P:1e-18	Tpos:269.3,Tstd:178.5,Bpos:460.0,Bstd:1474.1,StrandBias:-0.1,Multiplicity:1.53
0.151	0.051	0.659	0.139
0.128	0.588	0.174	0.110
0.152	0.672	0.001	0.175
0.227	0.723	0.021	0.029
0.001	0.997	0.001	0.001
0.146	0.001	0.758	0.095
0.004	0.994	0.001	0.001
0.001	0.997	0.001	0.001
0.001	0.812	0.001	0.186
0.110	0.511	0.096	0.283
>TTCCCGCCCC	9-TTCCCGCCCC	8.846854	-20.723507	0	T:1567.0(3.00%),B:574.9(2.26%),P:1e-9	Tpos:260.2,Tstd:175.1,Bpos:447.5,Bstd:1400.1,StrandBias:0.1,Multiplicity:1.06
0.067	0.043	0.251	0.639
0.133	0.046	0.013	0.808
0.037	0.745	0.060	0.158
0.037	0.805	0.148	0.010
0.051	0.779	0.167	0.003
0.055	0.140	0.714	0.091
0.084	0.679	0.152	0.085
0.005	0.650	0.210	0.135
0.089	0.606	0.163	0.142
0.109	0.643	0.135	0.113
>CCGCGCGGCC	10-CCGCGCGGCC	9.508975	-13.920012	0	T:1814.0(3.47%),B:719.5(2.83%),P:1e-6	Tpos:276.4,Tstd:178.5,Bpos:490.0,Bstd:896.2,StrandBias:-0.0,Multiplicity:1.02
0.070	0.705	0.156	0.069
0.029	0.825	0.056	0.090
0.037	0.060	0.793	0.110
0.077	0.809	0.095	0.019
0.027	0.106	0.849	0.018
0.047	0.864	0.064	0.025
0.048	0.052	0.844	0.056
0.100	0.119	0.684	0.097
0.062	0.720	0.189	0.029
0.040	0.746	0.101	0.113
>CGCGGGCGGG	11-CGCGGGCGGG	11.625012	-6.570234	0	T:579.0(1.11%),B:223.2(0.88%),P:1e-2	Tpos:289.7,Tstd:192.8,Bpos:737.7,Bstd:708.3,StrandBias:0.0,Multiplicity:1.03
0.100	0.804	0.065	0.031
0.039	0.045	0.864	0.052
0.078	0.774	0.105	0.043
0.079	0.065	0.812	0.044
0.051	0.109	0.817	0.023
0.068	0.063	0.817	0.052
0.067	0.777	0.093	0.063
0.059	0.134	0.753	0.054
0.030	0.117	0.792	0.061
0.052	0.080	0.790	0.078
>CCGCCCCGCG	12-CCGCCCCGCG	10.298062	-6.244597	0	T:795.0(1.52%),B:320.1(1.26%),P:1e-2	Tpos:277.0,Tstd:199.7,Bpos:585.8,Bstd:710.6,StrandBias:-0.7,Multiplicity:1.00
0.056	0.689	0.184	0.071
0.061	0.715	0.183	0.041
0.041	0.227	0.612	0.120
0.028	0.650	0.249	0.073
0.053	0.661	0.157	0.129
0.052	0.675	0.204	0.069
0.029	0.775	0.096	0.100
0.050	0.134	0.767	0.049
0.035	0.874	0.068	0.023
0.013	0.337	0.623	0.027
>GAGGCGCGGC	13-GAGGCGCGGC	9.397790	-5.307405	0	T:3155.0(6.03%),B:1417.3(5.57%),P:1e-2	Tpos:261.1,Tstd:174.3,Bpos:565.7,Bstd:1624.5,StrandBias:0.0,Multiplicity:1.13
0.109	0.173	0.717	0.001
0.504	0.039	0.238	0.219
0.186	0.001	0.812	0.001
0.001	0.088	0.802	0.109
0.001	0.997	0.001	0.001
0.001	0.001	0.997	0.001
0.126	0.642	0.101	0.131
0.001	0.159	0.689	0.151
0.001	0.009	0.845	0.145
0.001	0.968	0.030	0.001
>GCGCCCYCBB	14-GCGCCCYCBB	9.227973	-4.089973	0	T:431.0(0.82%),B:173.9(0.68%),P:1e-1	Tpos:233.2,Tstd:112.2,Bpos:645.2,Bstd:453.7,StrandBias:0.1,Multiplicity:1.00
0.042	0.379	0.530	0.049
0.016	0.963	0.002	0.019
0.001	0.001	0.997	0.001
0.050	0.771	0.165	0.014
0.029	0.829	0.046	0.096
0.121	0.611	0.103	0.165
0.001	0.387	0.151	0.461
0.013	0.885	0.045	0.057
0.055	0.323	0.294	0.328
0.131	0.280	0.365	0.224
>CGGCCGCGCG	15-CGGCCGCGCG	9.445802	-4.073071	0	T:1492.0(2.85%),B:658.3(2.59%),P:1e-1	Tpos:267.5,Tstd:173.7,Bpos:604.3,Bstd:1426.0,StrandBias:-0.0,Multiplicity:1.09
0.093	0.759	0.086	0.062
0.079	0.120	0.742	0.059
0.055	0.090	0.795	0.060
0.066	0.796	0.076	0.062
0.079	0.793	0.054	0.074
0.059	0.082	0.795	0.064
0.072	0.834	0.053	0.041
0.055	0.051	0.859	0.035
0.093	0.806	0.049	0.052
0.050	0.087	0.821	0.042
>GCGCCCGCGC	16-GCGCCCGCGC	11.915882	-3.044157	0	T:463.0(0.89%),B:195.4(0.77%),P:1e-1	Tpos:256.0,Tstd:190.0,Bpos:717.6,Bstd:1016.6,StrandBias:0.2,Multiplicity:1.02
0.017	0.367	0.583	0.033
0.013	0.874	0.097	0.016
0.010	0.139	0.808	0.043
0.021	0.795	0.161	0.023
0.010	0.941	0.001	0.048
0.001	0.997	0.001	0.001
0.001	0.183	0.815	0.001
0.009	0.973	0.017	0.001
0.001	0.182	0.764	0.053
0.069	0.767	0.163	0.001
>CCGCCCGCGS	17-CCGCCCGCGS	11.039481	-2.324596	0	T:449.0(0.86%),B:195.0(0.77%),P:1e-1	Tpos:275.8,Tstd:178.1,Bpos:466.0,Bstd:686.9,StrandBias:0.1,Multiplicity:1.02
0.062	0.614	0.294	0.030
0.083	0.646	0.166	0.105
0.060	0.123	0.735	0.082
0.001	0.832	0.148	0.019
0.001	0.718	0.001	0.280
0.001	0.997	0.001	0.001
0.001	0.075	0.846	0.078
0.001	0.997	0.001	0.001
0.058	0.103	0.838	0.001
0.078	0.415	0.484	0.023
>GGCGGGGCBA	18-GGCGGGGCBA	11.243056	-0.232579	0	T:201.0(0.38%),B:107.6(0.42%),P:1e0	Tpos:284.6,Tstd:180.7,Bpos:456.8,Bstd:587.1,StrandBias:0.4,Multiplicity:1.05
0.001	0.063	0.927	0.009
0.001	0.001	0.992	0.006
0.052	0.932	0.001	0.015
0.001	0.001	0.997	0.001
0.019	0.001	0.947	0.033
0.156	0.079	0.714	0.051
0.013	0.161	0.755	0.071
0.091	0.715	0.193	0.001
0.114	0.246	0.319	0.322
0.725	0.047	0.127	0.101
>CGGGCGGCGC	19-CGGGCGGCGC	9.999650	-0.150531	0	T:1040.0(1.99%),B:535.8(2.11%),P:1e0	Tpos:278.5,Tstd:184.6,Bpos:480.9,Bstd:897.3,StrandBias:-0.1,Multiplicity:1.03
0.200	0.559	0.001	0.240
0.184	0.215	0.600	0.001
0.271	0.203	0.525	0.001
0.001	0.001	0.952	0.046
0.189	0.553	0.105	0.153
0.035	0.395	0.546	0.024
0.001	0.001	0.997	0.001
0.123	0.811	0.001	0.065
0.001	0.001	0.997	0.001
0.001	0.997	0.001	0.001
>GCGGGAGGGG	20-GCGGGAGGGG	10.263231	-0.076831	0	T:2688.0(5.14%),B:1370.8(5.39%),P:1e0	Tpos:269.6,Tstd:185.3,Bpos:461.9,Bstd:1514.3,StrandBias:0.0,Multiplicity:1.14
0.007	0.049	0.937	0.007
0.031	0.886	0.066	0.017
0.001	0.001	0.966	0.032
0.001	0.001	0.984	0.014
0.069	0.008	0.916	0.007
0.811	0.140	0.001	0.048
0.021	0.010	0.951	0.018
0.038	0.033	0.896	0.033
0.122	0.115	0.745	0.018
0.001	0.015	0.975	0.009
>GCGCGCGCGG	21-GCGCGCGCGG	9.597819	-0.000205	0	T:974.0(1.86%),B:570.1(2.24%),P:1e0	Tpos:258.9,Tstd:170.2,Bpos:589.0,Bstd:2250.3,StrandBias:0.0,Multiplicity:1.09
0.080	0.043	0.823	0.054
0.077	0.807	0.041	0.075
0.070	0.033	0.818	0.079
0.052	0.785	0.089	0.074
0.021	0.068	0.857	0.054
0.078	0.786	0.086	0.050
0.058	0.096	0.760	0.086
0.070	0.804	0.070	0.056
0.034	0.079	0.824	0.063
0.108	0.067	0.769	0.056
>CGCCTCCGGC	22-CGCCTCCGGC	9.700459	-0.000185	0	T:2552.0(4.88%),B:1394.5(5.48%),P:1e0	Tpos:260.3,Tstd:176.1,Bpos:629.0,Bstd:1314.7,StrandBias:-0.2,Multiplicity:1.07
0.001	0.951	0.040	0.008
0.049	0.001	0.915	0.035
0.001	0.970	0.001	0.028
0.001	0.997	0.001	0.001
0.088	0.180	0.031	0.701
0.001	0.974	0.001	0.024
0.043	0.955	0.001	0.001
0.056	0.001	0.846	0.097
0.040	0.141	0.818	0.001
0.007	0.913	0.041	0.039
>CGGAGGCGCG	23-CGGAGGCGCG	10.155025	-0.000168	0	T:214.0(0.41%),B:152.7(0.60%),P:1e0	Tpos:287.2,Tstd:162.1,Bpos:453.5,Bstd:127.0,StrandBias:0.2,Multiplicity:1.00
0.158	0.541	0.228	0.073
0.090	0.014	0.816	0.080
0.150	0.277	0.518	0.055
0.468	0.116	0.307	0.109
0.124	0.009	0.863	0.004
0.089	0.224	0.614	0.073
0.066	0.908	0.014	0.012
0.060	0.113	0.778	0.049
0.012	0.785	0.200	0.003
0.024	0.100	0.780	0.096
>GGCGGGCGCG	24-GGCGGGCGCG	8.660814	-0.000000	0	T:6502.0(12.44%),B:4238.1(16.66%),P:1e0	Tpos:266.9,Tstd:178.4,Bpos:502.4,Bstd:1770.2,StrandBias:0.1,Multiplicity:1.19
0.089	0.090	0.781	0.040
0.038	0.231	0.680	0.051
0.085	0.646	0.121	0.148
0.001	0.101	0.891	0.007
0.001	0.333	0.621	0.045
0.001	0.149	0.849	0.001
0.183	0.620	0.196	0.001
0.119	0.147	0.726	0.008
0.001	0.701	0.213	0.085
0.001	0.001	0.997	0.001
>CCCCGCCCCB	25-CCCCGCCCCB	5.299555	-0.000000	0	T:18640.0(35.65%),B:11590.6(45.56%),P:1e0	Tpos:264.7,Tstd:180.4,Bpos:515.0,Bstd:1559.3,StrandBias:-0.0,Multiplicity:1.94
0.139	0.525	0.084	0.252
0.093	0.776	0.001	0.130
0.049	0.941	0.009	0.001
0.001	0.997	0.001	0.001
0.001	0.001	0.997	0.001
0.001	0.997	0.001	0.001
0.001	0.763	0.235	0.001
0.001	0.997	0.001	0.001
0.001	0.643	0.011	0.345
0.106	0.357	0.305	0.232
