>GCCACGTG	1-GCCACGTG	6.700027	-390.892501	0	T:16676.0(31.90%),B:5699.1(22.40%),P:1e-169	Tpos:220.4,Tstd:98.6,Bpos:506.2,Bstd:1074.7,StrandBias:-0.0,Multiplicity:1.19
0.273	0.116	0.481	0.129
0.160	0.396	0.224	0.220
0.023	0.920	0.051	0.006
0.863	0.001	0.112	0.024
0.009	0.844	0.004	0.143
0.151	0.014	0.801	0.034
0.075	0.113	0.007	0.805
0.025	0.079	0.889	0.007
>TGAGTCAT	2-TGAGTCAT	8.923543	-200.086665	0	T:5190.0(9.93%),B:1479.6(5.82%),P:1e-86	Tpos:221.5,Tstd:118.1,Bpos:509.7,Bstd:393.0,StrandBias:0.0,Multiplicity:1.09
0.001	0.006	0.012	0.981
0.001	0.009	0.973	0.017
0.979	0.009	0.001	0.011
0.013	0.217	0.769	0.001
0.001	0.001	0.001	0.997
0.006	0.992	0.001	0.001
0.995	0.001	0.003	0.001
0.010	0.267	0.149	0.574
>CGGAAGCG	3-CGGAAGCG	8.749096	-32.184759	0	T:1024.0(1.96%),B:310.9(1.22%),P:1e-13	Tpos:258.8,Tstd:163.0,Bpos:514.3,Bstd:808.4,StrandBias:0.0,Multiplicity:1.06
0.042	0.827	0.053	0.078
0.037	0.089	0.844	0.030
0.068	0.103	0.782	0.047
0.671	0.132	0.134	0.063
0.639	0.183	0.102	0.076
0.093	0.156	0.691	0.060
0.056	0.789	0.066	0.089
0.069	0.117	0.754	0.060
>GCCGGAAG	4-GCCGGAAG	8.742016	-9.093769	0	T:1492.0(2.85%),B:610.5(2.40%),P:1e-3	Tpos:259.4,Tstd:157.9,Bpos:485.9,Bstd:901.1,StrandBias:-0.1,Multiplicity:1.05
0.094	0.041	0.812	0.053
0.049	0.640	0.268	0.043
0.053	0.756	0.179	0.012
0.022	0.043	0.929	0.006
0.081	0.192	0.698	0.029
0.671	0.159	0.110	0.060
0.774	0.113	0.068	0.045
0.127	0.099	0.722	0.052
>NCGCGDSS	5-NCGCGDSS	7.268705	-0.014071	0	T:1228.0(2.35%),B:663.6(2.61%),P:1e0	Tpos:278.4,Tstd:186.8,Bpos:434.2,Bstd:1782.7,StrandBias:-0.0,Multiplicity:1.05
0.176	0.325	0.288	0.211
0.001	0.997	0.001	0.001
0.001	0.001	0.997	0.001
0.001	0.997	0.001	0.001
0.001	0.001	0.997	0.001
0.317	0.136	0.281	0.266
0.242	0.318	0.438	0.001
0.001	0.491	0.378	0.131
>CMCGCGCY	6-CMCGCGCY	9.213514	-0.000000	0	T:1118.0(2.14%),B:720.4(2.83%),P:1e0	Tpos:254.0,Tstd:144.9,Bpos:582.1,Bstd:957.1,StrandBias:-0.1,Multiplicity:1.04
0.001	0.700	0.001	0.298
0.563	0.435	0.001	0.001
0.001	0.997	0.001	0.001
0.001	0.001	0.997	0.001
0.001	0.997	0.001	0.001
0.001	0.301	0.697	0.001
0.001	0.997	0.001	0.001
0.001	0.564	0.001	0.434
>CGCGCGCY	7-CGCGCGCY	7.335003	-0.000000	0	T:4073.0(7.79%),B:2471.8(9.72%),P:1e0	Tpos:260.9,Tstd:182.1,Bpos:769.7,Bstd:440.6,StrandBias:-0.2,Multiplicity:1.01
0.001	0.823	0.175	0.001
0.054	0.122	0.796	0.028
0.001	0.967	0.031	0.001
0.010	0.099	0.890	0.001
0.078	0.676	0.153	0.093
0.108	0.206	0.481	0.206
0.044	0.525	0.319	0.112
0.241	0.358	0.001	0.400
>CGCCGGCG	8-CGCCGGCG	5.967490	-0.000000	0	T:6899.0(13.20%),B:3841.6(15.10%),P:1e0	Tpos:270.0,Tstd:181.4,Bpos:429.2,Bstd:927.2,StrandBias:0.1,Multiplicity:1.02
0.158	0.598	0.152	0.092
0.098	0.149	0.666	0.087
0.116	0.554	0.242	0.088
0.122	0.576	0.217	0.085
0.099	0.232	0.587	0.082
0.078	0.209	0.616	0.097
0.137	0.747	0.062	0.054
0.121	0.146	0.657	0.076
>GSCGSCGC	9-GSCGSCGC	7.534677	-0.000000	0	T:4963.0(9.49%),B:3476.4(13.66%),P:1e0	Tpos:269.5,Tstd:196.7,Bpos:406.9,Bstd:592.9,StrandBias:-0.1,Multiplicity:1.02
0.107	0.146	0.567	0.180
0.232	0.261	0.404	0.103
0.129	0.699	0.171	0.001
0.001	0.001	0.764	0.234
0.057	0.411	0.488	0.044
0.001	0.903	0.095	0.001
0.001	0.001	0.997	0.001
0.086	0.631	0.229	0.054
>SSCGCMGS	10-SSCGCMGS	6.375112	-0.000000	0	T:12907.0(24.69%),B:7545.8(29.66%),P:1e0	Tpos:218.6,Tstd:115.4,Bpos:696.8,Bstd:139.9,StrandBias:-0.7,Multiplicity:1.00
0.101	0.412	0.341	0.146
0.024	0.438	0.522	0.016
0.051	0.789	0.071	0.089
0.032	0.050	0.846	0.072
0.080	0.791	0.048	0.081
0.302	0.435	0.005	0.259
0.136	0.043	0.587	0.234
0.041	0.445	0.464	0.049
>GCGSCGCV	11-GCGSCGCV	4.822642	-0.000000	0	T:18503.0(35.39%),B:10992.6(43.20%),P:1e0	Tpos:264.0,Tstd:178.3,Bpos:516.1,Bstd:1670.1,StrandBias:0.0,Multiplicity:1.60
0.058	0.291	0.571	0.080
0.089	0.680	0.217	0.014
0.021	0.177	0.777	0.025
0.146	0.349	0.349	0.155
0.096	0.600	0.246	0.058
0.077	0.132	0.729	0.062
0.130	0.477	0.259	0.134
0.218	0.343	0.280	0.159
>GCGCCCGC	12-GCGCCCGC	6.218754	-0.000000	0	T:16632.0(31.81%),B:10466.4(41.14%),P:1e0	Tpos:262.8,Tstd:177.6,Bpos:519.8,Bstd:1614.9,StrandBias:-0.0,Multiplicity:1.76
0.020	0.050	0.917	0.013
0.055	0.872	0.072	0.001
0.001	0.055	0.870	0.074
0.028	0.846	0.057	0.069
0.062	0.936	0.001	0.001
0.019	0.923	0.057	0.001
0.001	0.119	0.808	0.072
0.018	0.855	0.118	0.009
>BCGCGGCG	13-BCGCGGCG	6.402936	-0.000000	0	T:7868.0(15.05%),B:4433.6(17.43%),P:1e0	Tpos:271.9,Tstd:183.8,Bpos:397.2,Bstd:1424.7,StrandBias:0.0,Multiplicity:1.06
0.107	0.232	0.284	0.378
0.055	0.768	0.082	0.095
0.025	0.076	0.781	0.118
0.032	0.826	0.084	0.058
0.025	0.077	0.849	0.049
0.053	0.080	0.820	0.047
0.093	0.803	0.045	0.059
0.106	0.055	0.775	0.064
>SSVCGCGG	14-SSVCGCGG	6.694046	-0.000000	0	T:15691.0(30.01%),B:9182.4(36.09%),P:1e0	Tpos:267.1,Tstd:180.3,Bpos:487.8,Bstd:1664.2,StrandBias:-0.0,Multiplicity:1.63
0.023	0.441	0.437	0.098
0.115	0.372	0.427	0.087
0.239	0.254	0.387	0.120
0.001	0.997	0.001	0.001
0.001	0.001	0.997	0.001
0.001	0.997	0.001	0.001
0.001	0.001	0.997	0.001
0.053	0.321	0.625	0.001
>CGCCCCCG	15-CGCCCCCG	7.226925	-0.000000	0	T:13402.0(25.63%),B:7427.2(29.19%),P:1e0	Tpos:269.7,Tstd:186.9,Bpos:471.2,Bstd:1709.5,StrandBias:-0.0,Multiplicity:1.49
0.001	0.997	0.001	0.001
0.001	0.001	0.997	0.001
0.013	0.985	0.001	0.001
0.001	0.900	0.001	0.098
0.001	0.862	0.039	0.098
0.001	0.975	0.001	0.023
0.018	0.945	0.036	0.001
0.149	0.030	0.682	0.139
>GCGCACYC	16-GCGCACYC	6.456428	-0.000000	0	T:18990.0(36.32%),B:11711.7(46.03%),P:1e0	Tpos:257.8,Tstd:174.5,Bpos:496.6,Bstd:1257.0,StrandBias:0.0,Multiplicity:1.30
0.001	0.001	0.997	0.001
0.001	0.997	0.001	0.001
0.001	0.001	0.997	0.001
0.001	0.583	0.415	0.001
0.616	0.382	0.001	0.001
0.070	0.555	0.160	0.215
0.001	0.391	0.233	0.375
0.156	0.558	0.285	0.001
>CCGCGCGC	17-CCGCGCGC	8.791336	-0.000000	0	T:2901.0(5.55%),B:1892.1(7.44%),P:1e0	Tpos:265.2,Tstd:167.2,Bpos:386.5,Bstd:1441.9,StrandBias:0.0,Multiplicity:1.03
0.099	0.679	0.128	0.094
0.162	0.752	0.080	0.006
0.001	0.100	0.687	0.212
0.001	0.944	0.054	0.001
0.001	0.113	0.885	0.001
0.034	0.758	0.051	0.157
0.010	0.187	0.707	0.096
0.090	0.639	0.127	0.144
>TCCCGCCG	18-TCCCGCCG	5.320963	-0.000000	0	T:22677.0(43.37%),B:14146.7(55.60%),P:1e0	Tpos:262.5,Tstd:180.3,Bpos:517.9,Bstd:1482.5,StrandBias:0.0,Multiplicity:1.59
0.039	0.192	0.107	0.662
0.001	0.849	0.079	0.071
0.001	0.997	0.001	0.001
0.001	0.938	0.023	0.038
0.001	0.001	0.997	0.001
0.027	0.881	0.082	0.010
0.001	0.997	0.001	0.001
0.069	0.138	0.763	0.030
>CGCCCCGC	19-CGCCCCGC	5.877419	-0.000000	0	T:20795.0(39.77%),B:14239.8(55.97%),P:1e0	Tpos:261.7,Tstd:180.8,Bpos:496.2,Bstd:1376.9,StrandBias:-0.1,Multiplicity:1.39
0.059	0.881	0.026	0.034
0.125	0.080	0.673	0.122
0.060	0.513	0.130	0.297
0.069	0.749	0.090	0.092
0.076	0.855	0.021	0.048
0.010	0.892	0.076	0.022
0.017	0.027	0.825	0.131
0.046	0.827	0.097	0.030
>CGCGGCGC	20-CGCGGCGC	6.417039	-0.000000	0	T:12334.0(23.59%),B:6725.8(26.43%),P:1e0	Tpos:269.8,Tstd:180.5,Bpos:503.7,Bstd:1765.5,StrandBias:-0.0,Multiplicity:2.10
0.011	0.672	0.210	0.107
0.001	0.001	0.846	0.152
0.134	0.708	0.017	0.141
0.083	0.137	0.779	0.001
0.086	0.171	0.710	0.033
0.115	0.609	0.169	0.107
0.074	0.203	0.689	0.034
0.088	0.703	0.109	0.100
>GCGCGSCS	21-GCGCGSCS	5.173427	-0.000000	0	T:19455.0(37.21%),B:11844.2(46.55%),P:1e0	Tpos:265.0,Tstd:178.8,Bpos:502.3,Bstd:1545.9,StrandBias:-0.0,Multiplicity:1.65
0.125	0.234	0.556	0.085
0.001	0.997	0.001	0.001
0.001	0.001	0.997	0.001
0.001	0.913	0.085	0.001
0.001	0.095	0.903	0.001
0.211	0.349	0.439	0.001
0.245	0.395	0.216	0.144
0.211	0.280	0.429	0.081
>GGGGCGGS	22-GGGGCGGS	8.212309	-0.000000	0	T:8456.0(16.17%),B:4616.1(18.14%),P:1e0	Tpos:265.9,Tstd:182.2,Bpos:534.5,Bstd:1465.9,StrandBias:0.0,Multiplicity:1.21
0.025	0.117	0.833	0.025
0.055	0.228	0.700	0.017
0.088	0.059	0.852	0.001
0.001	0.279	0.684	0.036
0.012	0.624	0.363	0.001
0.001	0.230	0.736	0.033
0.048	0.104	0.846	0.002
0.105	0.390	0.426	0.079
>CGCGCGCG	23-CGCGCGCG	6.537807	-0.000000	0	T:8964.0(17.15%),B:5310.0(20.87%),P:1e0	Tpos:269.6,Tstd:176.8,Bpos:543.5,Bstd:1711.9,StrandBias:0.0,Multiplicity:1.76
0.083	0.783	0.110	0.024
0.047	0.203	0.651	0.099
0.050	0.747	0.109	0.094
0.148	0.173	0.598	0.081
0.071	0.855	0.032	0.042
0.019	0.088	0.858	0.035
0.086	0.709	0.108	0.097
0.089	0.041	0.800	0.070
>GCGCTGCG	24-GCGCTGCG	6.445159	-0.000000	0	T:13219.0(25.28%),B:8819.9(34.67%),P:1e0	Tpos:258.1,Tstd:177.7,Bpos:487.0,Bstd:1547.7,StrandBias:0.0,Multiplicity:1.22
0.049	0.313	0.550	0.088
0.045	0.811	0.097	0.047
0.039	0.027	0.903	0.031
0.082	0.687	0.164	0.067
0.341	0.001	0.048	0.610
0.072	0.201	0.617	0.110
0.023	0.624	0.287	0.066
0.054	0.323	0.575	0.048
>NGSCAGCG	25-NGSCAGCG	8.062635	-0.000000	0	T:1167.0(2.23%),B:930.3(3.66%),P:1e0	Tpos:265.6,Tstd:180.1,Bpos:636.7,Bstd:1232.2,StrandBias:-0.2,Multiplicity:1.02
0.213	0.274	0.257	0.256
0.001	0.293	0.670	0.036
0.056	0.527	0.416	0.001
0.001	0.963	0.024	0.012
0.607	0.001	0.292	0.100
0.001	0.001	0.997	0.001
0.056	0.880	0.001	0.063
0.001	0.022	0.976	0.001
