>NGCCACGTGG	1-NGCCACGTGG	7.194495	-417.119808	0	T:15678.0(29.99%),B:5191.5(20.40%),P:1e-181	Tpos:220.5,Tstd:98.5,Bpos:509.1,Bstd:1083.9,StrandBias:0.0,Multiplicity:1.18
0.265	0.225	0.292	0.218
0.289	0.132	0.481	0.098
0.139	0.463	0.209	0.189
0.004	0.989	0.006	0.001
0.933	0.001	0.056	0.010
0.001	0.859	0.001	0.139
0.184	0.014	0.800	0.002
0.018	0.057	0.001	0.924
0.001	0.015	0.980	0.004
0.183	0.199	0.433	0.184
>CACTTCCGGY	2-CACTTCCGGY	9.136227	-268.011824	0	T:1918.0(3.67%),B:256.5(1.01%),P:1e-116	Tpos:252.8,Tstd:148.2,Bpos:574.3,Bstd:743.5,StrandBias:0.0,Multiplicity:1.12
0.105	0.727	0.117	0.051
0.589	0.047	0.296	0.068
0.001	0.923	0.018	0.058
0.005	0.069	0.014	0.912
0.027	0.057	0.003	0.913
0.011	0.980	0.008	0.001
0.001	0.989	0.009	0.001
0.001	0.045	0.862	0.092
0.029	0.170	0.761	0.040
0.067	0.372	0.184	0.377
>GVTGASTCAY	3-GVTGASTCAY	9.985075	-256.521652	0	T:1928.0(3.69%),B:270.8(1.06%),P:1e-111	Tpos:224.1,Tstd:109.2,Bpos:511.1,Bstd:393.5,StrandBias:0.1,Multiplicity:1.03
0.092	0.226	0.475	0.207
0.338	0.386	0.258	0.017
0.013	0.011	0.001	0.975
0.014	0.010	0.943	0.033
0.986	0.001	0.001	0.012
0.025	0.408	0.538	0.029
0.001	0.001	0.011	0.987
0.025	0.973	0.001	0.001
0.960	0.038	0.001	0.001
0.019	0.331	0.213	0.438
>VTGACTCABC	4-VTGACTCABC	7.904347	-196.118653	0	T:6117.0(11.70%),B:1850.5(7.27%),P:1e-85	Tpos:222.3,Tstd:124.2,Bpos:508.7,Bstd:391.2,StrandBias:-0.0,Multiplicity:1.08
0.362	0.235	0.365	0.038
0.001	0.001	0.001	0.997
0.001	0.001	0.997	0.001
0.997	0.001	0.001	0.001
0.001	0.623	0.375	0.001
0.001	0.001	0.001	0.997
0.073	0.925	0.001	0.001
0.997	0.001	0.001	0.001
0.001	0.348	0.394	0.258
0.099	0.454	0.267	0.180
>CACHAGGGGG	5-CACHAGGGGG	9.829275	-183.106257	0	T:2607.0(4.99%),B:574.1(2.26%),P:1e-79	Tpos:220.3,Tstd:104.4,Bpos:507.4,Bstd:604.7,StrandBias:0.0,Multiplicity:1.02
0.001	0.986	0.012	0.001
0.707	0.064	0.202	0.027
0.024	0.826	0.149	0.001
0.236	0.265	0.140	0.359
0.978	0.001	0.001	0.020
0.001	0.008	0.990	0.001
0.335	0.001	0.663	0.001
0.098	0.068	0.542	0.292
0.001	0.075	0.923	0.001
0.018	0.001	0.980	0.001
>GCCATGTGVY	6-GCCATGTGVY	8.983462	-105.351912	0	T:2714.0(5.19%),B:765.8(3.01%),P:1e-45	Tpos:217.7,Tstd:99.6,Bpos:524.8,Bstd:560.1,StrandBias:0.1,Multiplicity:1.05
0.296	0.186	0.465	0.053
0.220	0.407	0.219	0.154
0.001	0.994	0.004	0.001
0.819	0.045	0.037	0.099
0.001	0.001	0.001	0.997
0.011	0.122	0.866	0.001
0.056	0.058	0.001	0.885
0.001	0.001	0.991	0.007
0.325	0.288	0.215	0.171
0.135	0.381	0.169	0.315
>YGCGCVBGCG	7-YGCGCVBGCG	9.208470	-78.558932	0	T:1738.0(3.32%),B:464.9(1.83%),P:1e-34	Tpos:268.4,Tstd:162.0,Bpos:483.7,Bstd:795.1,StrandBias:-0.1,Multiplicity:1.21
0.109	0.392	0.086	0.413
0.100	0.088	0.758	0.054
0.115	0.804	0.048	0.033
0.086	0.024	0.872	0.018
0.075	0.826	0.076	0.023
0.368	0.247	0.282	0.104
0.094	0.288	0.282	0.337
0.023	0.125	0.785	0.067
0.042	0.870	0.048	0.040
0.036	0.073	0.809	0.082
>GCCCCGCCCC	8-GCCCCGCCCC	9.678828	-41.830183	0	T:5349.0(10.23%),B:2104.3(8.27%),P:1e-18	Tpos:269.3,Tstd:178.5,Bpos:460.0,Bstd:1474.1,StrandBias:-0.1,Multiplicity:1.53
0.151	0.051	0.659	0.139
0.128	0.588	0.174	0.110
0.152	0.672	0.001	0.175
0.227	0.723	0.021	0.029
0.001	0.997	0.001	0.001
0.146	0.001	0.758	0.095
0.004	0.994	0.001	0.001
0.001	0.997	0.001	0.001
0.001	0.812	0.001	0.186
0.110	0.511	0.096	0.283
>TTCCCGCCCC	9-TTCCCGCCCC	8.846854	-20.723507	0	T:1567.0(3.00%),B:574.9(2.26%),P:1e-9	Tpos:260.2,Tstd:175.1,Bpos:447.5,Bstd:1400.1,StrandBias:0.1,Multiplicity:1.06
0.067	0.043	0.251	0.639
0.133	0.046	0.013	0.808
0.037	0.745	0.060	0.158
0.037	0.805	0.148	0.010
0.051	0.779	0.167	0.003
0.055	0.140	0.714	0.091
0.084	0.679	0.152	0.085
0.005	0.650	0.210	0.135
0.089	0.606	0.163	0.142
0.109	0.643	0.135	0.113
>CCGCGCGGCC	10-CCGCGCGGCC	9.508975	-13.920012	0	T:1814.0(3.47%),B:719.5(2.83%),P:1e-6	Tpos:276.4,Tstd:178.5,Bpos:490.0,Bstd:896.2,StrandBias:-0.0,Multiplicity:1.02
0.070	0.705	0.156	0.069
0.029	0.825	0.056	0.090
0.037	0.060	0.793	0.110
0.077	0.809	0.095	0.019
0.027	0.106	0.849	0.018
0.047	0.864	0.064	0.025
0.048	0.052	0.844	0.056
0.100	0.119	0.684	0.097
0.062	0.720	0.189	0.029
0.040	0.746	0.101	0.113
>CGCGGGCGGG	11-CGCGGGCGGG	11.625012	-6.570234	0	T:579.0(1.11%),B:223.2(0.88%),P:1e-2	Tpos:289.7,Tstd:192.8,Bpos:737.7,Bstd:708.3,StrandBias:0.0,Multiplicity:1.03
0.100	0.804	0.065	0.031
0.039	0.045	0.864	0.052
0.078	0.774	0.105	0.043
0.079	0.065	0.812	0.044
0.051	0.109	0.817	0.023
0.068	0.063	0.817	0.052
0.067	0.777	0.093	0.063
0.059	0.134	0.753	0.054
0.030	0.117	0.792	0.061
0.052	0.080	0.790	0.078
>CCGCCCCGCG	12-CCGCCCCGCG	10.298062	-6.244597	0	T:795.0(1.52%),B:320.1(1.26%),P:1e-2	Tpos:277.0,Tstd:199.7,Bpos:585.8,Bstd:710.6,StrandBias:-0.7,Multiplicity:1.00
0.056	0.689	0.184	0.071
0.061	0.715	0.183	0.041
0.041	0.227	0.612	0.120
0.028	0.650	0.249	0.073
0.053	0.661	0.157	0.129
0.052	0.675	0.204	0.069
0.029	0.775	0.096	0.100
0.050	0.134	0.767	0.049
0.035	0.874	0.068	0.023
0.013	0.337	0.623	0.027
>GAGGCGCGGC	13-GAGGCGCGGC	9.397790	-5.307405	0	T:3155.0(6.03%),B:1417.3(5.57%),P:1e-2	Tpos:261.1,Tstd:174.3,Bpos:565.7,Bstd:1624.5,StrandBias:0.0,Multiplicity:1.13
0.109	0.173	0.717	0.001
0.504	0.039	0.238	0.219
0.186	0.001	0.812	0.001
0.001	0.088	0.802	0.109
0.001	0.997	0.001	0.001
0.001	0.001	0.997	0.001
0.126	0.642	0.101	0.131
0.001	0.159	0.689	0.151
0.001	0.009	0.845	0.145
0.001	0.968	0.030	0.001
>GCGCCCYCBB	14-GCGCCCYCBB	9.227973	-4.089973	0	T:431.0(0.82%),B:173.9(0.68%),P:1e-1	Tpos:233.2,Tstd:112.2,Bpos:645.2,Bstd:453.7,StrandBias:0.1,Multiplicity:1.00
0.042	0.379	0.530	0.049
0.016	0.963	0.002	0.019
0.001	0.001	0.997	0.001
0.050	0.771	0.165	0.014
0.029	0.829	0.046	0.096
0.121	0.611	0.103	0.165
0.001	0.387	0.151	0.461
0.013	0.885	0.045	0.057
0.055	0.323	0.294	0.328
0.131	0.280	0.365	0.224
>CGGCCGCGCG	15-CGGCCGCGCG	9.445802	-4.073071	0	T:1492.0(2.85%),B:658.3(2.59%),P:1e-1	Tpos:267.5,Tstd:173.7,Bpos:604.3,Bstd:1426.0,StrandBias:-0.0,Multiplicity:1.09
0.093	0.759	0.086	0.062
0.079	0.120	0.742	0.059
0.055	0.090	0.795	0.060
0.066	0.796	0.076	0.062
0.079	0.793	0.054	0.074
0.059	0.082	0.795	0.064
0.072	0.834	0.053	0.041
0.055	0.051	0.859	0.035
0.093	0.806	0.049	0.052
0.050	0.087	0.821	0.042
>GCGCCCGCGC	16-GCGCCCGCGC	11.915882	-3.044157	0	T:463.0(0.89%),B:195.4(0.77%),P:1e-1	Tpos:256.0,Tstd:190.0,Bpos:717.6,Bstd:1016.6,StrandBias:0.2,Multiplicity:1.02
0.017	0.367	0.583	0.033
0.013	0.874	0.097	0.016
0.010	0.139	0.808	0.043
0.021	0.795	0.161	0.023
0.010	0.941	0.001	0.048
0.001	0.997	0.001	0.001
0.001	0.183	0.815	0.001
0.009	0.973	0.017	0.001
0.001	0.182	0.764	0.053
0.069	0.767	0.163	0.001
>CCGCCCGCGS	17-CCGCCCGCGS	11.039481	-2.324596	0	T:449.0(0.86%),B:195.0(0.77%),P:1e-1	Tpos:275.8,Tstd:178.1,Bpos:466.0,Bstd:686.9,StrandBias:0.1,Multiplicity:1.02
0.062	0.614	0.294	0.030
0.083	0.646	0.166	0.105
0.060	0.123	0.735	0.082
0.001	0.832	0.148	0.019
0.001	0.718	0.001	0.280
0.001	0.997	0.001	0.001
0.001	0.075	0.846	0.078
0.001	0.997	0.001	0.001
0.058	0.103	0.838	0.001
0.078	0.415	0.484	0.023
>GGCGGGGCBA	18-GGCGGGGCBA	11.243056	-0.232579	0	T:201.0(0.38%),B:107.6(0.42%),P:1e0	Tpos:284.6,Tstd:180.7,Bpos:456.8,Bstd:587.1,StrandBias:0.4,Multiplicity:1.05
0.001	0.063	0.927	0.009
0.001	0.001	0.992	0.006
0.052	0.932	0.001	0.015
0.001	0.001	0.997	0.001
0.019	0.001	0.947	0.033
0.156	0.079	0.714	0.051
0.013	0.161	0.755	0.071
0.091	0.715	0.193	0.001
0.114	0.246	0.319	0.322
0.725	0.047	0.127	0.101
>CGGGCGGCGC	19-CGGGCGGCGC	9.999650	-0.150531	0	T:1040.0(1.99%),B:535.8(2.11%),P:1e0	Tpos:278.5,Tstd:184.6,Bpos:480.9,Bstd:897.3,StrandBias:-0.1,Multiplicity:1.03
0.200	0.559	0.001	0.240
0.184	0.215	0.600	0.001
0.271	0.203	0.525	0.001
0.001	0.001	0.952	0.046
0.189	0.553	0.105	0.153
0.035	0.395	0.546	0.024
0.001	0.001	0.997	0.001
0.123	0.811	0.001	0.065
0.001	0.001	0.997	0.001
0.001	0.997	0.001	0.001
>GCGGGAGGGG	20-GCGGGAGGGG	10.263231	-0.076831	0	T:2688.0(5.14%),B:1370.8(5.39%),P:1e0	Tpos:269.6,Tstd:185.3,Bpos:461.9,Bstd:1514.3,StrandBias:0.0,Multiplicity:1.14
0.007	0.049	0.937	0.007
0.031	0.886	0.066	0.017
0.001	0.001	0.966	0.032
0.001	0.001	0.984	0.014
0.069	0.008	0.916	0.007
0.811	0.140	0.001	0.048
0.021	0.010	0.951	0.018
0.038	0.033	0.896	0.033
0.122	0.115	0.745	0.018
0.001	0.015	0.975	0.009
>GCGCGCGCGG	21-GCGCGCGCGG	9.597819	-0.000205	0	T:974.0(1.86%),B:570.1(2.24%),P:1e0	Tpos:258.9,Tstd:170.2,Bpos:589.0,Bstd:2250.3,StrandBias:0.0,Multiplicity:1.09
0.080	0.043	0.823	0.054
0.077	0.807	0.041	0.075
0.070	0.033	0.818	0.079
0.052	0.785	0.089	0.074
0.021	0.068	0.857	0.054
0.078	0.786	0.086	0.050
0.058	0.096	0.760	0.086
0.070	0.804	0.070	0.056
0.034	0.079	0.824	0.063
0.108	0.067	0.769	0.056
>CGCCTCCGGC	22-CGCCTCCGGC	9.700459	-0.000185	0	T:2552.0(4.88%),B:1394.5(5.48%),P:1e0	Tpos:260.3,Tstd:176.1,Bpos:629.0,Bstd:1314.7,StrandBias:-0.2,Multiplicity:1.07
0.001	0.951	0.040	0.008
0.049	0.001	0.915	0.035
0.001	0.970	0.001	0.028
0.001	0.997	0.001	0.001
0.088	0.180	0.031	0.701
0.001	0.974	0.001	0.024
0.043	0.955	0.001	0.001
0.056	0.001	0.846	0.097
0.040	0.141	0.818	0.001
0.007	0.913	0.041	0.039
>CGGAGGCGCG	23-CGGAGGCGCG	10.155025	-0.000168	0	T:214.0(0.41%),B:152.7(0.60%),P:1e0	Tpos:287.2,Tstd:162.1,Bpos:453.5,Bstd:127.0,StrandBias:0.2,Multiplicity:1.00
0.158	0.541	0.228	0.073
0.090	0.014	0.816	0.080
0.150	0.277	0.518	0.055
0.468	0.116	0.307	0.109
0.124	0.009	0.863	0.004
0.089	0.224	0.614	0.073
0.066	0.908	0.014	0.012
0.060	0.113	0.778	0.049
0.012	0.785	0.200	0.003
0.024	0.100	0.780	0.096
>GGCGGGCGCG	24-GGCGGGCGCG	8.660814	-0.000000	0	T:6502.0(12.44%),B:4238.1(16.66%),P:1e0	Tpos:266.9,Tstd:178.4,Bpos:502.4,Bstd:1770.2,StrandBias:0.1,Multiplicity:1.19
0.089	0.090	0.781	0.040
0.038	0.231	0.680	0.051
0.085	0.646	0.121	0.148
0.001	0.101	0.891	0.007
0.001	0.333	0.621	0.045
0.001	0.149	0.849	0.001
0.183	0.620	0.196	0.001
0.119	0.147	0.726	0.008
0.001	0.701	0.213	0.085
0.001	0.001	0.997	0.001
>CCCCGCCCCB	25-CCCCGCCCCB	5.299555	-0.000000	0	T:18640.0(35.65%),B:11590.6(45.56%),P:1e0	Tpos:264.7,Tstd:180.4,Bpos:515.0,Bstd:1559.3,StrandBias:-0.0,Multiplicity:1.94
0.139	0.525	0.084	0.252
0.093	0.776	0.001	0.130
0.049	0.941	0.009	0.001
0.001	0.997	0.001	0.001
0.001	0.001	0.997	0.001
0.001	0.997	0.001	0.001
0.001	0.763	0.235	0.001
0.001	0.997	0.001	0.001
0.001	0.643	0.011	0.345
0.106	0.357	0.305	0.232
>NVRCCACGTGSY	1-NVRCCACGTGSY	7.446063	-459.925966	0	T:13804.0(26.40%),B:4286.3(16.85%),P:1e-199	Tpos:220.0,Tstd:95.2,Bpos:500.2,Bstd:1161.8,StrandBias:0.0,Multiplicity:1.14
0.208	0.300	0.285	0.208
0.246	0.230	0.346	0.178
0.272	0.207	0.408	0.112
0.177	0.473	0.197	0.153
0.001	0.997	0.001	0.001
0.953	0.001	0.045	0.001
0.001	0.822	0.001	0.176
0.071	0.001	0.927	0.001
0.001	0.061	0.001	0.937
0.001	0.001	0.997	0.001
0.162	0.287	0.392	0.159
0.117	0.410	0.190	0.282
>CCACCAGGKGGC	2-CCACCAGGKGGC	9.584608	-282.572881	0	T:5495.0(10.51%),B:1415.1(5.56%),P:1e-122	Tpos:222.4,Tstd:107.9,Bpos:529.8,Bstd:966.8,StrandBias:-0.0,Multiplicity:1.04
0.041	0.875	0.034	0.050
0.001	0.997	0.001	0.001
0.548	0.109	0.204	0.139
0.008	0.736	0.255	0.001
0.108	0.613	0.073	0.206
0.676	0.038	0.033	0.253
0.001	0.187	0.764	0.048
0.250	0.001	0.748	0.001
0.033	0.068	0.440	0.460
0.001	0.001	0.997	0.001
0.001	0.014	0.920	0.065
0.206	0.665	0.027	0.102
>GVTGASTCABCN	3-GVTGASTCABCN	9.696657	-220.275450	0	T:3517.0(6.73%),B:823.9(3.24%),P:1e-95	Tpos:224.3,Tstd:115.5,Bpos:491.7,Bstd:434.8,StrandBias:0.0,Multiplicity:1.06
0.019	0.219	0.584	0.178
0.291	0.423	0.285	0.001
0.001	0.001	0.001	0.997
0.001	0.001	0.997	0.001
0.997	0.001	0.001	0.001
0.001	0.457	0.541	0.001
0.001	0.001	0.001	0.997
0.001	0.997	0.001	0.001
0.997	0.001	0.001	0.001
0.001	0.334	0.343	0.323
0.203	0.420	0.194	0.183
0.215	0.309	0.269	0.207
>CCGGAAGYGGSG	4-CCGGAAGYGGSG	11.902478	-197.942688	0	T:717.0(1.37%),B:29.9(0.12%),P:1e-85	Tpos:261.7,Tstd:150.5,Bpos:525.1,Bstd:537.2,StrandBias:0.1,Multiplicity:1.06
0.021	0.562	0.407	0.010
0.001	0.997	0.001	0.001
0.001	0.001	0.997	0.001
0.001	0.001	0.997	0.001
0.997	0.001	0.001	0.001
0.997	0.001	0.001	0.001
0.051	0.001	0.947	0.001
0.009	0.408	0.026	0.557
0.001	0.001	0.997	0.001
0.239	0.206	0.550	0.005
0.207	0.399	0.366	0.028
0.012	0.278	0.502	0.208
>ACTACAAYTCCC	5-ACTACAAYTCCC	11.393340	-172.657816	0	T:829.0(1.59%),B:65.3(0.26%),P:1e-74	Tpos:247.3,Tstd:155.0,Bpos:401.3,Bstd:546.5,StrandBias:-0.0,Multiplicity:1.14
0.820	0.110	0.069	0.001
0.001	0.952	0.046	0.001
0.005	0.047	0.005	0.943
0.818	0.048	0.097	0.037
0.020	0.964	0.015	0.001
0.644	0.045	0.233	0.078
0.494	0.197	0.111	0.198
0.074	0.307	0.177	0.442
0.032	0.176	0.053	0.739
0.001	0.997	0.001	0.001
0.001	0.974	0.005	0.020
0.015	0.969	0.001	0.015
>CAAGATGGCGGC	6-CAAGATGGCGGC	10.840205	-131.561391	0	T:988.0(1.89%),B:138.5(0.54%),P:1e-57	Tpos:256.6,Tstd:155.3,Bpos:500.6,Bstd:307.5,StrandBias:0.2,Multiplicity:1.04
0.118	0.515	0.278	0.089
0.989	0.001	0.001	0.009
0.875	0.060	0.001	0.064
0.105	0.166	0.662	0.067
0.891	0.026	0.073	0.010
0.010	0.038	0.054	0.898
0.013	0.003	0.981	0.003
0.005	0.003	0.976	0.016
0.045	0.915	0.017	0.023
0.071	0.108	0.593	0.228
0.099	0.001	0.813	0.087
0.077	0.784	0.053	0.086
>GCCCCGCCCCCB	7-GCCCCGCCCCCB	12.005180	-75.522294	0	T:2626.0(5.02%),B:810.2(3.18%),P:1e-32	Tpos:273.8,Tstd:185.4,Bpos:515.6,Bstd:1194.4,StrandBias:-0.1,Multiplicity:1.25
0.031	0.056	0.748	0.165
0.001	0.949	0.014	0.036
0.019	0.649	0.038	0.294
0.183	0.789	0.011	0.017
0.001	0.997	0.001	0.001
0.022	0.001	0.956	0.021
0.001	0.997	0.001	0.001
0.001	0.895	0.063	0.041
0.001	0.953	0.001	0.045
0.063	0.722	0.159	0.056
0.049	0.645	0.129	0.177
0.171	0.259	0.323	0.246
>GCGCATGCGCVS	8-GCGCATGCGCVS	9.985882	-62.444698	0	T:2620.0(5.01%),B:848.2(3.33%),P:1e-27	Tpos:271.0,Tstd:166.5,Bpos:550.1,Bstd:894.3,StrandBias:0.0,Multiplicity:1.24
0.059	0.024	0.916	0.001
0.069	0.908	0.022	0.001
0.033	0.001	0.964	0.002
0.001	0.997	0.001	0.001
0.455	0.209	0.284	0.052
0.042	0.234	0.251	0.473
0.001	0.001	0.997	0.001
0.001	0.997	0.001	0.001
0.001	0.044	0.918	0.037
0.001	0.967	0.001	0.031
0.380	0.269	0.294	0.057
0.129	0.357	0.464	0.051
>SSGCCCCGCCCC	9-SSGCCCCGCCCC	10.947778	-46.330731	0	T:4576.0(8.75%),B:1739.7(6.84%),P:1e-20	Tpos:265.2,Tstd:175.5,Bpos:458.9,Bstd:1672.2,StrandBias:-0.1,Multiplicity:1.24
0.176	0.361	0.276	0.187
0.257	0.280	0.410	0.054
0.084	0.069	0.725	0.122
0.067	0.784	0.148	0.001
0.075	0.923	0.001	0.001
0.157	0.793	0.001	0.049
0.020	0.978	0.001	0.001
0.056	0.001	0.892	0.051
0.035	0.925	0.001	0.039
0.001	0.965	0.001	0.033
0.001	0.814	0.001	0.184
0.199	0.749	0.051	0.001
>SSGCCGCGGGCG	10-SSGCCGCGGGCG	12.384674	-37.565813	0	T:405.0(0.77%),B:77.6(0.30%),P:1e-16	Tpos:267.8,Tstd:194.1,Bpos:488.2,Bstd:695.0,StrandBias:0.3,Multiplicity:1.01
0.087	0.479	0.405	0.029
0.187	0.347	0.397	0.069
0.072	0.020	0.852	0.056
0.117	0.750	0.001	0.132
0.001	0.997	0.001	0.001
0.004	0.001	0.978	0.017
0.001	0.997	0.001	0.001
0.001	0.076	0.905	0.018
0.072	0.053	0.815	0.060
0.135	0.001	0.835	0.029
0.125	0.617	0.228	0.030
0.012	0.001	0.983	0.004
>NNGKCCGCGCGA	11-NNGKCCGCGCGA	7.438905	-31.751017	0	T:191.0(0.37%),B:22.9(0.09%),P:1e-13	Tpos:241.0,Tstd:163.5,Bpos:249.9,Bstd:200.0,StrandBias:0.2,Multiplicity:1.02
0.261	0.334	0.213	0.191
0.248	0.301	0.231	0.221
0.141	0.171	0.432	0.256
0.236	0.061	0.408	0.296
0.211	0.430	0.086	0.272
0.121	0.676	0.132	0.071
0.126	0.072	0.686	0.116
0.166	0.671	0.037	0.126
0.151	0.051	0.667	0.131
0.111	0.699	0.067	0.123
0.206	0.151	0.430	0.213
0.461	0.124	0.233	0.181
>NNCGCGGMCCGA	12-NNCGCGGMCCGA	7.537714	-29.385792	0	T:137.0(0.26%),B:11.7(0.05%),P:1e-12	Tpos:266.6,Tstd:174.4,Bpos:567.0,Bstd:0.0,StrandBias:-0.2,Multiplicity:1.01
0.270	0.253	0.220	0.257
0.239	0.213	0.305	0.243
0.109	0.585	0.175	0.131
0.152	0.132	0.572	0.144
0.109	0.724	0.036	0.131
0.070	0.135	0.690	0.105
0.269	0.053	0.499	0.178
0.282	0.365	0.140	0.213
0.174	0.455	0.180	0.191
0.070	0.698	0.153	0.079
0.165	0.167	0.451	0.217
0.534	0.145	0.107	0.214
>NMWABCGNCSKS	13-NMWABCGNCSKS	6.300253	-18.319741	0	T:308.0(0.59%),B:76.7(0.30%),P:1e-7	Tpos:272.4,Tstd:205.3,Bpos:582.8,Bstd:644.3,StrandBias:0.1,Multiplicity:1.01
0.203	0.252	0.204	0.341
0.277	0.378	0.141	0.204
0.425	0.001	0.251	0.323
0.453	0.148	0.101	0.297
0.149	0.278	0.258	0.315
0.001	0.853	0.145	0.001
0.001	0.001	0.997	0.001
0.270	0.239	0.175	0.316
0.259	0.418	0.139	0.185
0.157	0.359	0.483	0.001
0.028	0.001	0.535	0.436
0.175	0.388	0.307	0.129
>CGCGKARCCGBN	14-CGCGKARCCGBN	7.708473	-15.859637	0	T:129.0(0.25%),B:21.6(0.08%),P:1e-6	Tpos:282.6,Tstd:198.5,Bpos:796.8,Bstd:523.3,StrandBias:-0.1,Multiplicity:1.01
0.200	0.412	0.147	0.241
0.182	0.211	0.450	0.157
0.146	0.713	0.038	0.103
0.043	0.217	0.637	0.103
0.145	0.075	0.379	0.401
0.827	0.031	0.026	0.116
0.312	0.109	0.436	0.144
0.198	0.482	0.080	0.240
0.145	0.557	0.159	0.139
0.152	0.014	0.616	0.218
0.180	0.234	0.340	0.246
0.271	0.268	0.266	0.195
>MSCGCGCGGGSC	15-MSCGCGCGGGSC	13.492720	-11.476646	0	T:70.0(0.13%),B:9.9(0.04%),P:1e-4	Tpos:266.2,Tstd:168.0,Bpos:478.0,Bstd:0.0,StrandBias:0.0,Multiplicity:1.00
0.334	0.450	0.100	0.116
0.018	0.393	0.536	0.053
0.001	0.997	0.001	0.001
0.001	0.001	0.997	0.001
0.001	0.997	0.001	0.001
0.001	0.001	0.997	0.001
0.001	0.997	0.001	0.001
0.001	0.001	0.997	0.001
0.001	0.001	0.997	0.001
0.069	0.207	0.621	0.103
0.087	0.367	0.421	0.125
0.014	0.699	0.185	0.102
>NGCGCCGCACBB	16-NGCGCCGCACBB	8.519767	-10.917346	0	T:68.0(0.13%),B:9.9(0.04%),P:1e-4	Tpos:298.1,Tstd:218.5,Bpos:801.0,Bstd:0.0,StrandBias:-0.1,Multiplicity:1.02
0.193	0.335	0.237	0.235
0.192	0.269	0.440	0.099
0.137	0.556	0.210	0.097
0.114	0.020	0.762	0.104
0.196	0.519	0.096	0.189
0.075	0.669	0.139	0.117
0.126	0.069	0.729	0.076
0.198	0.476	0.137	0.189
0.695	0.031	0.136	0.138
0.129	0.718	0.035	0.118
0.181	0.230	0.365	0.224
0.119	0.346	0.292	0.243
>GCGGGGGCGGGG	17-GCGGGGGCGGGG	14.435425	-9.245034	0	T:599.0(1.15%),B:218.6(0.86%),P:1e-4	Tpos:239.2,Tstd:166.9,Bpos:642.3,Bstd:427.3,StrandBias:0.3,Multiplicity:1.30
0.053	0.063	0.839	0.045
0.103	0.752	0.074	0.071
0.062	0.091	0.804	0.043
0.053	0.055	0.838	0.054
0.050	0.055	0.876	0.019
0.056	0.052	0.858	0.034
0.041	0.068	0.855	0.036
0.071	0.851	0.022	0.056
0.038	0.045	0.877	0.040
0.049	0.066	0.828	0.057
0.050	0.073	0.835	0.042
0.083	0.088	0.786	0.043
>AGGGGGCGGGGC	18-AGGGGGCGGGGC	12.738471	-3.495980	0	T:1390.0(2.66%),B:618.2(2.43%),P:1e-1	Tpos:256.1,Tstd:179.0,Bpos:408.4,Bstd:838.8,StrandBias:0.1,Multiplicity:1.03
0.417	0.242	0.221	0.120
0.117	0.001	0.881	0.001
0.176	0.173	0.534	0.117
0.097	0.001	0.901	0.001
0.010	0.085	0.904	0.001
0.001	0.010	0.988	0.001
0.101	0.856	0.001	0.042
0.001	0.001	0.997	0.001
0.001	0.038	0.913	0.048
0.096	0.116	0.752	0.036
0.069	0.035	0.895	0.001
0.115	0.744	0.116	0.025
>CVGCGACGGGNN	19-CVGCGACGGGNN	7.495353	-3.021647	0	T:74.0(0.14%),B:24.5(0.10%),P:1e-1	Tpos:290.1,Tstd:158.4,Bpos:257.0,Bstd:152.6,StrandBias:0.5,Multiplicity:1.03
0.170	0.430	0.222	0.178
0.229	0.250	0.353	0.169
0.237	0.129	0.402	0.232
0.057	0.751	0.073	0.119
0.089	0.043	0.727	0.141
0.756	0.018	0.048	0.178
0.140	0.647	0.031	0.182
0.146	0.174	0.582	0.098
0.169	0.233	0.475	0.123
0.250	0.039	0.454	0.258
0.257	0.298	0.263	0.182
0.256	0.272	0.176	0.296
>TTTWACCGTCGA	20-TTTWACCGTCGA	9.582687	-1.982622	0	T:5.0(0.01%),B:0.0(0.00%),P:1e0	Tpos:222.0,Tstd:108.6,Bpos:0.0,Bstd:0.0,StrandBias:2.0,Multiplicity:1.00
0.108	0.232	0.131	0.529
0.132	0.171	0.146	0.551
0.099	0.053	0.290	0.558
0.422	0.044	0.027	0.507
0.711	0.112	0.036	0.141
0.133	0.448	0.257	0.162
0.056	0.883	0.039	0.022
0.030	0.065	0.875	0.030
0.150	0.057	0.290	0.503
0.069	0.788	0.031	0.112
0.082	0.171	0.635	0.112
0.512	0.117	0.216	0.155
>TCCGCCCCGCCC	21-TCCGCCCCGCCC	14.429985	-1.214157	0	T:157.0(0.30%),B:70.8(0.28%),P:1e0	Tpos:239.5,Tstd:134.8,Bpos:381.8,Bstd:661.0,StrandBias:1.0,Multiplicity:1.00
0.054	0.157	0.077	0.712
0.033	0.853	0.069	0.045
0.062	0.802	0.062	0.074
0.045	0.060	0.792	0.103
0.023	0.843	0.075	0.059
0.035	0.849	0.051	0.065
0.036	0.874	0.054	0.036
0.026	0.851	0.058	0.065
0.035	0.043	0.839	0.083
0.031	0.873	0.065	0.031
0.027	0.844	0.063	0.066
0.022	0.868	0.058	0.052
>CCCGCCCCCCGC	22-CCCGCCCCCCGC	12.688256	-0.370364	0	T:1089.0(2.08%),B:543.4(2.14%),P:1e0	Tpos:273.8,Tstd:177.9,Bpos:467.2,Bstd:2168.3,StrandBias:-0.2,Multiplicity:1.06
0.001	0.997	0.001	0.001
0.001	0.997	0.001	0.001
0.001	0.947	0.001	0.051
0.001	0.001	0.833	0.165
0.001	0.979	0.019	0.001
0.001	0.981	0.017	0.001
0.001	0.690	0.116	0.193
0.058	0.543	0.267	0.132
0.001	0.623	0.232	0.144
0.149	0.534	0.247	0.070
0.001	0.356	0.554	0.089
0.001	0.997	0.001	0.001
>BSCGCCTCCCGC	23-BSCGCCTCCCGC	9.058423	-0.039990	0	T:1154.0(2.21%),B:612.1(2.41%),P:1e0	Tpos:267.8,Tstd:177.8,Bpos:399.4,Bstd:1561.2,StrandBias:-0.0,Multiplicity:1.06
0.147	0.323	0.313	0.216
0.122	0.298	0.440	0.140
0.039	0.890	0.058	0.013
0.005	0.006	0.940	0.049
0.123	0.610	0.039	0.228
0.128	0.513	0.190	0.169
0.093	0.001	0.112	0.794
0.206	0.631	0.025	0.138
0.120	0.554	0.186	0.140
0.044	0.735	0.137	0.084
0.101	0.209	0.605	0.085
0.151	0.473	0.245	0.130
>SCCGGCCGCGRS	24-SCCGGCCGCGRS	11.499080	-0.000012	0	T:802.0(1.53%),B:496.4(1.95%),P:1e0	Tpos:266.9,Tstd:172.6,Bpos:356.9,Bstd:1099.4,StrandBias:-0.1,Multiplicity:1.05
0.085	0.379	0.367	0.169
0.205	0.383	0.232	0.180
0.025	0.973	0.001	0.001
0.003	0.172	0.793	0.032
0.039	0.001	0.907	0.053
0.079	0.831	0.007	0.083
0.001	0.977	0.001	0.021
0.018	0.001	0.975	0.006
0.013	0.985	0.001	0.001
0.007	0.001	0.983	0.009
0.338	0.208	0.366	0.087
0.130	0.398	0.327	0.146
>CGCCGCGGAGCC	25-CGCCGCGGAGCC	13.156248	-0.000000	0	T:43.0(0.08%),B:57.1(0.22%),P:1e0	Tpos:275.3,Tstd:177.4,Bpos:502.7,Bstd:355.4,StrandBias:0.2,Multiplicity:1.00
0.066	0.593	0.285	0.056
0.062	0.228	0.614	0.096
0.045	0.878	0.031	0.046
0.012	0.883	0.083	0.022
0.012	0.001	0.943	0.044
0.025	0.958	0.007	0.010
0.029	0.099	0.850	0.022
0.033	0.090	0.847	0.030
0.733	0.200	0.001	0.066
0.033	0.130	0.752	0.085
0.067	0.560	0.294	0.079
0.069	0.544	0.265	0.122
>GCCACGTG	1-GCCACGTG	6.700027	-390.892501	0	T:16676.0(31.90%),B:5699.1(22.40%),P:1e-169	Tpos:220.4,Tstd:98.6,Bpos:506.2,Bstd:1074.7,StrandBias:-0.0,Multiplicity:1.19
0.273	0.116	0.481	0.129
0.160	0.396	0.224	0.220
0.023	0.920	0.051	0.006
0.863	0.001	0.112	0.024
0.009	0.844	0.004	0.143
0.151	0.014	0.801	0.034
0.075	0.113	0.007	0.805
0.025	0.079	0.889	0.007
>TGAGTCAT	2-TGAGTCAT	8.923543	-200.086665	0	T:5190.0(9.93%),B:1479.6(5.82%),P:1e-86	Tpos:221.5,Tstd:118.1,Bpos:509.7,Bstd:393.0,StrandBias:0.0,Multiplicity:1.09
0.001	0.006	0.012	0.981
0.001	0.009	0.973	0.017
0.979	0.009	0.001	0.011
0.013	0.217	0.769	0.001
0.001	0.001	0.001	0.997
0.006	0.992	0.001	0.001
0.995	0.001	0.003	0.001
0.010	0.267	0.149	0.574
>CGGAAGCG	3-CGGAAGCG	8.749096	-32.184759	0	T:1024.0(1.96%),B:310.9(1.22%),P:1e-13	Tpos:258.8,Tstd:163.0,Bpos:514.3,Bstd:808.4,StrandBias:0.0,Multiplicity:1.06
0.042	0.827	0.053	0.078
0.037	0.089	0.844	0.030
0.068	0.103	0.782	0.047
0.671	0.132	0.134	0.063
0.639	0.183	0.102	0.076
0.093	0.156	0.691	0.060
0.056	0.789	0.066	0.089
0.069	0.117	0.754	0.060
>GCCGGAAG	4-GCCGGAAG	8.742016	-9.093769	0	T:1492.0(2.85%),B:610.5(2.40%),P:1e-3	Tpos:259.4,Tstd:157.9,Bpos:485.9,Bstd:901.1,StrandBias:-0.1,Multiplicity:1.05
0.094	0.041	0.812	0.053
0.049	0.640	0.268	0.043
0.053	0.756	0.179	0.012
0.022	0.043	0.929	0.006
0.081	0.192	0.698	0.029
0.671	0.159	0.110	0.060
0.774	0.113	0.068	0.045
0.127	0.099	0.722	0.052
>NCGCGDSS	5-NCGCGDSS	7.268705	-0.014071	0	T:1228.0(2.35%),B:663.6(2.61%),P:1e0	Tpos:278.4,Tstd:186.8,Bpos:434.2,Bstd:1782.7,StrandBias:-0.0,Multiplicity:1.05
0.176	0.325	0.288	0.211
0.001	0.997	0.001	0.001
0.001	0.001	0.997	0.001
0.001	0.997	0.001	0.001
0.001	0.001	0.997	0.001
0.317	0.136	0.281	0.266
0.242	0.318	0.438	0.001
0.001	0.491	0.378	0.131
>CMCGCGCY	6-CMCGCGCY	9.213514	-0.000000	0	T:1118.0(2.14%),B:720.4(2.83%),P:1e0	Tpos:254.0,Tstd:144.9,Bpos:582.1,Bstd:957.1,StrandBias:-0.1,Multiplicity:1.04
0.001	0.700	0.001	0.298
0.563	0.435	0.001	0.001
0.001	0.997	0.001	0.001
0.001	0.001	0.997	0.001
0.001	0.997	0.001	0.001
0.001	0.301	0.697	0.001
0.001	0.997	0.001	0.001
0.001	0.564	0.001	0.434
>CGCGCGCY	7-CGCGCGCY	7.335003	-0.000000	0	T:4073.0(7.79%),B:2471.8(9.72%),P:1e0	Tpos:260.9,Tstd:182.1,Bpos:769.7,Bstd:440.6,StrandBias:-0.2,Multiplicity:1.01
0.001	0.823	0.175	0.001
0.054	0.122	0.796	0.028
0.001	0.967	0.031	0.001
0.010	0.099	0.890	0.001
0.078	0.676	0.153	0.093
0.108	0.206	0.481	0.206
0.044	0.525	0.319	0.112
0.241	0.358	0.001	0.400
>CGCCGGCG	8-CGCCGGCG	5.967490	-0.000000	0	T:6899.0(13.20%),B:3841.6(15.10%),P:1e0	Tpos:270.0,Tstd:181.4,Bpos:429.2,Bstd:927.2,StrandBias:0.1,Multiplicity:1.02
0.158	0.598	0.152	0.092
0.098	0.149	0.666	0.087
0.116	0.554	0.242	0.088
0.122	0.576	0.217	0.085
0.099	0.232	0.587	0.082
0.078	0.209	0.616	0.097
0.137	0.747	0.062	0.054
0.121	0.146	0.657	0.076
>GSCGSCGC	9-GSCGSCGC	7.534677	-0.000000	0	T:4963.0(9.49%),B:3476.4(13.66%),P:1e0	Tpos:269.5,Tstd:196.7,Bpos:406.9,Bstd:592.9,StrandBias:-0.1,Multiplicity:1.02
0.107	0.146	0.567	0.180
0.232	0.261	0.404	0.103
0.129	0.699	0.171	0.001
0.001	0.001	0.764	0.234
0.057	0.411	0.488	0.044
0.001	0.903	0.095	0.001
0.001	0.001	0.997	0.001
0.086	0.631	0.229	0.054
>SSCGCMGS	10-SSCGCMGS	6.375112	-0.000000	0	T:12907.0(24.69%),B:7545.8(29.66%),P:1e0	Tpos:218.6,Tstd:115.4,Bpos:696.8,Bstd:139.9,StrandBias:-0.7,Multiplicity:1.00
0.101	0.412	0.341	0.146
0.024	0.438	0.522	0.016
0.051	0.789	0.071	0.089
0.032	0.050	0.846	0.072
0.080	0.791	0.048	0.081
0.302	0.435	0.005	0.259
0.136	0.043	0.587	0.234
0.041	0.445	0.464	0.049
>GCGSCGCV	11-GCGSCGCV	4.822642	-0.000000	0	T:18503.0(35.39%),B:10992.6(43.20%),P:1e0	Tpos:264.0,Tstd:178.3,Bpos:516.1,Bstd:1670.1,StrandBias:0.0,Multiplicity:1.60
0.058	0.291	0.571	0.080
0.089	0.680	0.217	0.014
0.021	0.177	0.777	0.025
0.146	0.349	0.349	0.155
0.096	0.600	0.246	0.058
0.077	0.132	0.729	0.062
0.130	0.477	0.259	0.134
0.218	0.343	0.280	0.159
>GCGCCCGC	12-GCGCCCGC	6.218754	-0.000000	0	T:16632.0(31.81%),B:10466.4(41.14%),P:1e0	Tpos:262.8,Tstd:177.6,Bpos:519.8,Bstd:1614.9,StrandBias:-0.0,Multiplicity:1.76
0.020	0.050	0.917	0.013
0.055	0.872	0.072	0.001
0.001	0.055	0.870	0.074
0.028	0.846	0.057	0.069
0.062	0.936	0.001	0.001
0.019	0.923	0.057	0.001
0.001	0.119	0.808	0.072
0.018	0.855	0.118	0.009
>BCGCGGCG	13-BCGCGGCG	6.402936	-0.000000	0	T:7868.0(15.05%),B:4433.6(17.43%),P:1e0	Tpos:271.9,Tstd:183.8,Bpos:397.2,Bstd:1424.7,StrandBias:0.0,Multiplicity:1.06
0.107	0.232	0.284	0.378
0.055	0.768	0.082	0.095
0.025	0.076	0.781	0.118
0.032	0.826	0.084	0.058
0.025	0.077	0.849	0.049
0.053	0.080	0.820	0.047
0.093	0.803	0.045	0.059
0.106	0.055	0.775	0.064
>SSVCGCGG	14-SSVCGCGG	6.694046	-0.000000	0	T:15691.0(30.01%),B:9182.4(36.09%),P:1e0	Tpos:267.1,Tstd:180.3,Bpos:487.8,Bstd:1664.2,StrandBias:-0.0,Multiplicity:1.63
0.023	0.441	0.437	0.098
0.115	0.372	0.427	0.087
0.239	0.254	0.387	0.120
0.001	0.997	0.001	0.001
0.001	0.001	0.997	0.001
0.001	0.997	0.001	0.001
0.001	0.001	0.997	0.001
0.053	0.321	0.625	0.001
>CGCCCCCG	15-CGCCCCCG	7.226925	-0.000000	0	T:13402.0(25.63%),B:7427.2(29.19%),P:1e0	Tpos:269.7,Tstd:186.9,Bpos:471.2,Bstd:1709.5,StrandBias:-0.0,Multiplicity:1.49
0.001	0.997	0.001	0.001
0.001	0.001	0.997	0.001
0.013	0.985	0.001	0.001
0.001	0.900	0.001	0.098
0.001	0.862	0.039	0.098
0.001	0.975	0.001	0.023
0.018	0.945	0.036	0.001
0.149	0.030	0.682	0.139
>GCGCACYC	16-GCGCACYC	6.456428	-0.000000	0	T:18990.0(36.32%),B:11711.7(46.03%),P:1e0	Tpos:257.8,Tstd:174.5,Bpos:496.6,Bstd:1257.0,StrandBias:0.0,Multiplicity:1.30
0.001	0.001	0.997	0.001
0.001	0.997	0.001	0.001
0.001	0.001	0.997	0.001
0.001	0.583	0.415	0.001
0.616	0.382	0.001	0.001
0.070	0.555	0.160	0.215
0.001	0.391	0.233	0.375
0.156	0.558	0.285	0.001
>CCGCGCGC	17-CCGCGCGC	8.791336	-0.000000	0	T:2901.0(5.55%),B:1892.1(7.44%),P:1e0	Tpos:265.2,Tstd:167.2,Bpos:386.5,Bstd:1441.9,StrandBias:0.0,Multiplicity:1.03
0.099	0.679	0.128	0.094
0.162	0.752	0.080	0.006
0.001	0.100	0.687	0.212
0.001	0.944	0.054	0.001
0.001	0.113	0.885	0.001
0.034	0.758	0.051	0.157
0.010	0.187	0.707	0.096
0.090	0.639	0.127	0.144
>TCCCGCCG	18-TCCCGCCG	5.320963	-0.000000	0	T:22677.0(43.37%),B:14146.7(55.60%),P:1e0	Tpos:262.5,Tstd:180.3,Bpos:517.9,Bstd:1482.5,StrandBias:0.0,Multiplicity:1.59
0.039	0.192	0.107	0.662
0.001	0.849	0.079	0.071
0.001	0.997	0.001	0.001
0.001	0.938	0.023	0.038
0.001	0.001	0.997	0.001
0.027	0.881	0.082	0.010
0.001	0.997	0.001	0.001
0.069	0.138	0.763	0.030
>CGCCCCGC	19-CGCCCCGC	5.877419	-0.000000	0	T:20795.0(39.77%),B:14239.8(55.97%),P:1e0	Tpos:261.7,Tstd:180.8,Bpos:496.2,Bstd:1376.9,StrandBias:-0.1,Multiplicity:1.39
0.059	0.881	0.026	0.034
0.125	0.080	0.673	0.122
0.060	0.513	0.130	0.297
0.069	0.749	0.090	0.092
0.076	0.855	0.021	0.048
0.010	0.892	0.076	0.022
0.017	0.027	0.825	0.131
0.046	0.827	0.097	0.030
>CGCGGCGC	20-CGCGGCGC	6.417039	-0.000000	0	T:12334.0(23.59%),B:6725.8(26.43%),P:1e0	Tpos:269.8,Tstd:180.5,Bpos:503.7,Bstd:1765.5,StrandBias:-0.0,Multiplicity:2.10
0.011	0.672	0.210	0.107
0.001	0.001	0.846	0.152
0.134	0.708	0.017	0.141
0.083	0.137	0.779	0.001
0.086	0.171	0.710	0.033
0.115	0.609	0.169	0.107
0.074	0.203	0.689	0.034
0.088	0.703	0.109	0.100
>GCGCGSCS	21-GCGCGSCS	5.173427	-0.000000	0	T:19455.0(37.21%),B:11844.2(46.55%),P:1e0	Tpos:265.0,Tstd:178.8,Bpos:502.3,Bstd:1545.9,StrandBias:-0.0,Multiplicity:1.65
0.125	0.234	0.556	0.085
0.001	0.997	0.001	0.001
0.001	0.001	0.997	0.001
0.001	0.913	0.085	0.001
0.001	0.095	0.903	0.001
0.211	0.349	0.439	0.001
0.245	0.395	0.216	0.144
0.211	0.280	0.429	0.081
>GGGGCGGS	22-GGGGCGGS	8.212309	-0.000000	0	T:8456.0(16.17%),B:4616.1(18.14%),P:1e0	Tpos:265.9,Tstd:182.2,Bpos:534.5,Bstd:1465.9,StrandBias:0.0,Multiplicity:1.21
0.025	0.117	0.833	0.025
0.055	0.228	0.700	0.017
0.088	0.059	0.852	0.001
0.001	0.279	0.684	0.036
0.012	0.624	0.363	0.001
0.001	0.230	0.736	0.033
0.048	0.104	0.846	0.002
0.105	0.390	0.426	0.079
>CGCGCGCG	23-CGCGCGCG	6.537807	-0.000000	0	T:8964.0(17.15%),B:5310.0(20.87%),P:1e0	Tpos:269.6,Tstd:176.8,Bpos:543.5,Bstd:1711.9,StrandBias:0.0,Multiplicity:1.76
0.083	0.783	0.110	0.024
0.047	0.203	0.651	0.099
0.050	0.747	0.109	0.094
0.148	0.173	0.598	0.081
0.071	0.855	0.032	0.042
0.019	0.088	0.858	0.035
0.086	0.709	0.108	0.097
0.089	0.041	0.800	0.070
>GCGCTGCG	24-GCGCTGCG	6.445159	-0.000000	0	T:13219.0(25.28%),B:8819.9(34.67%),P:1e0	Tpos:258.1,Tstd:177.7,Bpos:487.0,Bstd:1547.7,StrandBias:0.0,Multiplicity:1.22
0.049	0.313	0.550	0.088
0.045	0.811	0.097	0.047
0.039	0.027	0.903	0.031
0.082	0.687	0.164	0.067
0.341	0.001	0.048	0.610
0.072	0.201	0.617	0.110
0.023	0.624	0.287	0.066
0.054	0.323	0.575	0.048
>NGSCAGCG	25-NGSCAGCG	8.062635	-0.000000	0	T:1167.0(2.23%),B:930.3(3.66%),P:1e0	Tpos:265.6,Tstd:180.1,Bpos:636.7,Bstd:1232.2,StrandBias:-0.2,Multiplicity:1.02
0.213	0.274	0.257	0.256
0.001	0.293	0.670	0.036
0.056	0.527	0.416	0.001
0.001	0.963	0.024	0.012
0.607	0.001	0.292	0.100
0.001	0.001	0.997	0.001
0.056	0.880	0.001	0.063
0.001	0.022	0.976	0.001
