>NVRCCACGTGSY	1-NVRCCACGTGSY	7.446063	-459.925966	0	T:13804.0(26.40%),B:4286.3(16.85%),P:1e-199	Tpos:220.0,Tstd:95.2,Bpos:500.2,Bstd:1161.8,StrandBias:0.0,Multiplicity:1.14
0.208	0.300	0.285	0.208
0.246	0.230	0.346	0.178
0.272	0.207	0.408	0.112
0.177	0.473	0.197	0.153
0.001	0.997	0.001	0.001
0.953	0.001	0.045	0.001
0.001	0.822	0.001	0.176
0.071	0.001	0.927	0.001
0.001	0.061	0.001	0.937
0.001	0.001	0.997	0.001
0.162	0.287	0.392	0.159
0.117	0.410	0.190	0.282
>CCACCAGGKGGC	2-CCACCAGGKGGC	9.584608	-282.572881	0	T:5495.0(10.51%),B:1415.1(5.56%),P:1e-122	Tpos:222.4,Tstd:107.9,Bpos:529.8,Bstd:966.8,StrandBias:-0.0,Multiplicity:1.04
0.041	0.875	0.034	0.050
0.001	0.997	0.001	0.001
0.548	0.109	0.204	0.139
0.008	0.736	0.255	0.001
0.108	0.613	0.073	0.206
0.676	0.038	0.033	0.253
0.001	0.187	0.764	0.048
0.250	0.001	0.748	0.001
0.033	0.068	0.440	0.460
0.001	0.001	0.997	0.001
0.001	0.014	0.920	0.065
0.206	0.665	0.027	0.102
>GVTGASTCABCN	3-GVTGASTCABCN	9.696657	-220.275450	0	T:3517.0(6.73%),B:823.9(3.24%),P:1e-95	Tpos:224.3,Tstd:115.5,Bpos:491.7,Bstd:434.8,StrandBias:0.0,Multiplicity:1.06
0.019	0.219	0.584	0.178
0.291	0.423	0.285	0.001
0.001	0.001	0.001	0.997
0.001	0.001	0.997	0.001
0.997	0.001	0.001	0.001
0.001	0.457	0.541	0.001
0.001	0.001	0.001	0.997
0.001	0.997	0.001	0.001
0.997	0.001	0.001	0.001
0.001	0.334	0.343	0.323
0.203	0.420	0.194	0.183
0.215	0.309	0.269	0.207
>CCGGAAGYGGSG	4-CCGGAAGYGGSG	11.902478	-197.942688	0	T:717.0(1.37%),B:29.9(0.12%),P:1e-85	Tpos:261.7,Tstd:150.5,Bpos:525.1,Bstd:537.2,StrandBias:0.1,Multiplicity:1.06
0.021	0.562	0.407	0.010
0.001	0.997	0.001	0.001
0.001	0.001	0.997	0.001
0.001	0.001	0.997	0.001
0.997	0.001	0.001	0.001
0.997	0.001	0.001	0.001
0.051	0.001	0.947	0.001
0.009	0.408	0.026	0.557
0.001	0.001	0.997	0.001
0.239	0.206	0.550	0.005
0.207	0.399	0.366	0.028
0.012	0.278	0.502	0.208
>ACTACAAYTCCC	5-ACTACAAYTCCC	11.393340	-172.657816	0	T:829.0(1.59%),B:65.3(0.26%),P:1e-74	Tpos:247.3,Tstd:155.0,Bpos:401.3,Bstd:546.5,StrandBias:-0.0,Multiplicity:1.14
0.820	0.110	0.069	0.001
0.001	0.952	0.046	0.001
0.005	0.047	0.005	0.943
0.818	0.048	0.097	0.037
0.020	0.964	0.015	0.001
0.644	0.045	0.233	0.078
0.494	0.197	0.111	0.198
0.074	0.307	0.177	0.442
0.032	0.176	0.053	0.739
0.001	0.997	0.001	0.001
0.001	0.974	0.005	0.020
0.015	0.969	0.001	0.015
>CAAGATGGCGGC	6-CAAGATGGCGGC	10.840205	-131.561391	0	T:988.0(1.89%),B:138.5(0.54%),P:1e-57	Tpos:256.6,Tstd:155.3,Bpos:500.6,Bstd:307.5,StrandBias:0.2,Multiplicity:1.04
0.118	0.515	0.278	0.089
0.989	0.001	0.001	0.009
0.875	0.060	0.001	0.064
0.105	0.166	0.662	0.067
0.891	0.026	0.073	0.010
0.010	0.038	0.054	0.898
0.013	0.003	0.981	0.003
0.005	0.003	0.976	0.016
0.045	0.915	0.017	0.023
0.071	0.108	0.593	0.228
0.099	0.001	0.813	0.087
0.077	0.784	0.053	0.086
>GCCCCGCCCCCB	7-GCCCCGCCCCCB	12.005180	-75.522294	0	T:2626.0(5.02%),B:810.2(3.18%),P:1e-32	Tpos:273.8,Tstd:185.4,Bpos:515.6,Bstd:1194.4,StrandBias:-0.1,Multiplicity:1.25
0.031	0.056	0.748	0.165
0.001	0.949	0.014	0.036
0.019	0.649	0.038	0.294
0.183	0.789	0.011	0.017
0.001	0.997	0.001	0.001
0.022	0.001	0.956	0.021
0.001	0.997	0.001	0.001
0.001	0.895	0.063	0.041
0.001	0.953	0.001	0.045
0.063	0.722	0.159	0.056
0.049	0.645	0.129	0.177
0.171	0.259	0.323	0.246
>GCGCATGCGCVS	8-GCGCATGCGCVS	9.985882	-62.444698	0	T:2620.0(5.01%),B:848.2(3.33%),P:1e-27	Tpos:271.0,Tstd:166.5,Bpos:550.1,Bstd:894.3,StrandBias:0.0,Multiplicity:1.24
0.059	0.024	0.916	0.001
0.069	0.908	0.022	0.001
0.033	0.001	0.964	0.002
0.001	0.997	0.001	0.001
0.455	0.209	0.284	0.052
0.042	0.234	0.251	0.473
0.001	0.001	0.997	0.001
0.001	0.997	0.001	0.001
0.001	0.044	0.918	0.037
0.001	0.967	0.001	0.031
0.380	0.269	0.294	0.057
0.129	0.357	0.464	0.051
>SSGCCCCGCCCC	9-SSGCCCCGCCCC	10.947778	-46.330731	0	T:4576.0(8.75%),B:1739.7(6.84%),P:1e-20	Tpos:265.2,Tstd:175.5,Bpos:458.9,Bstd:1672.2,StrandBias:-0.1,Multiplicity:1.24
0.176	0.361	0.276	0.187
0.257	0.280	0.410	0.054
0.084	0.069	0.725	0.122
0.067	0.784	0.148	0.001
0.075	0.923	0.001	0.001
0.157	0.793	0.001	0.049
0.020	0.978	0.001	0.001
0.056	0.001	0.892	0.051
0.035	0.925	0.001	0.039
0.001	0.965	0.001	0.033
0.001	0.814	0.001	0.184
0.199	0.749	0.051	0.001
>SSGCCGCGGGCG	10-SSGCCGCGGGCG	12.384674	-37.565813	0	T:405.0(0.77%),B:77.6(0.30%),P:1e-16	Tpos:267.8,Tstd:194.1,Bpos:488.2,Bstd:695.0,StrandBias:0.3,Multiplicity:1.01
0.087	0.479	0.405	0.029
0.187	0.347	0.397	0.069
0.072	0.020	0.852	0.056
0.117	0.750	0.001	0.132
0.001	0.997	0.001	0.001
0.004	0.001	0.978	0.017
0.001	0.997	0.001	0.001
0.001	0.076	0.905	0.018
0.072	0.053	0.815	0.060
0.135	0.001	0.835	0.029
0.125	0.617	0.228	0.030
0.012	0.001	0.983	0.004
>NNGKCCGCGCGA	11-NNGKCCGCGCGA	7.438905	-31.751017	0	T:191.0(0.37%),B:22.9(0.09%),P:1e-13	Tpos:241.0,Tstd:163.5,Bpos:249.9,Bstd:200.0,StrandBias:0.2,Multiplicity:1.02
0.261	0.334	0.213	0.191
0.248	0.301	0.231	0.221
0.141	0.171	0.432	0.256
0.236	0.061	0.408	0.296
0.211	0.430	0.086	0.272
0.121	0.676	0.132	0.071
0.126	0.072	0.686	0.116
0.166	0.671	0.037	0.126
0.151	0.051	0.667	0.131
0.111	0.699	0.067	0.123
0.206	0.151	0.430	0.213
0.461	0.124	0.233	0.181
>NNCGCGGMCCGA	12-NNCGCGGMCCGA	7.537714	-29.385792	0	T:137.0(0.26%),B:11.7(0.05%),P:1e-12	Tpos:266.6,Tstd:174.4,Bpos:567.0,Bstd:0.0,StrandBias:-0.2,Multiplicity:1.01
0.270	0.253	0.220	0.257
0.239	0.213	0.305	0.243
0.109	0.585	0.175	0.131
0.152	0.132	0.572	0.144
0.109	0.724	0.036	0.131
0.070	0.135	0.690	0.105
0.269	0.053	0.499	0.178
0.282	0.365	0.140	0.213
0.174	0.455	0.180	0.191
0.070	0.698	0.153	0.079
0.165	0.167	0.451	0.217
0.534	0.145	0.107	0.214
>NMWABCGNCSKS	13-NMWABCGNCSKS	6.300253	-18.319741	0	T:308.0(0.59%),B:76.7(0.30%),P:1e-7	Tpos:272.4,Tstd:205.3,Bpos:582.8,Bstd:644.3,StrandBias:0.1,Multiplicity:1.01
0.203	0.252	0.204	0.341
0.277	0.378	0.141	0.204
0.425	0.001	0.251	0.323
0.453	0.148	0.101	0.297
0.149	0.278	0.258	0.315
0.001	0.853	0.145	0.001
0.001	0.001	0.997	0.001
0.270	0.239	0.175	0.316
0.259	0.418	0.139	0.185
0.157	0.359	0.483	0.001
0.028	0.001	0.535	0.436
0.175	0.388	0.307	0.129
>CGCGKARCCGBN	14-CGCGKARCCGBN	7.708473	-15.859637	0	T:129.0(0.25%),B:21.6(0.08%),P:1e-6	Tpos:282.6,Tstd:198.5,Bpos:796.8,Bstd:523.3,StrandBias:-0.1,Multiplicity:1.01
0.200	0.412	0.147	0.241
0.182	0.211	0.450	0.157
0.146	0.713	0.038	0.103
0.043	0.217	0.637	0.103
0.145	0.075	0.379	0.401
0.827	0.031	0.026	0.116
0.312	0.109	0.436	0.144
0.198	0.482	0.080	0.240
0.145	0.557	0.159	0.139
0.152	0.014	0.616	0.218
0.180	0.234	0.340	0.246
0.271	0.268	0.266	0.195
>MSCGCGCGGGSC	15-MSCGCGCGGGSC	13.492720	-11.476646	0	T:70.0(0.13%),B:9.9(0.04%),P:1e-4	Tpos:266.2,Tstd:168.0,Bpos:478.0,Bstd:0.0,StrandBias:0.0,Multiplicity:1.00
0.334	0.450	0.100	0.116
0.018	0.393	0.536	0.053
0.001	0.997	0.001	0.001
0.001	0.001	0.997	0.001
0.001	0.997	0.001	0.001
0.001	0.001	0.997	0.001
0.001	0.997	0.001	0.001
0.001	0.001	0.997	0.001
0.001	0.001	0.997	0.001
0.069	0.207	0.621	0.103
0.087	0.367	0.421	0.125
0.014	0.699	0.185	0.102
>NGCGCCGCACBB	16-NGCGCCGCACBB	8.519767	-10.917346	0	T:68.0(0.13%),B:9.9(0.04%),P:1e-4	Tpos:298.1,Tstd:218.5,Bpos:801.0,Bstd:0.0,StrandBias:-0.1,Multiplicity:1.02
0.193	0.335	0.237	0.235
0.192	0.269	0.440	0.099
0.137	0.556	0.210	0.097
0.114	0.020	0.762	0.104
0.196	0.519	0.096	0.189
0.075	0.669	0.139	0.117
0.126	0.069	0.729	0.076
0.198	0.476	0.137	0.189
0.695	0.031	0.136	0.138
0.129	0.718	0.035	0.118
0.181	0.230	0.365	0.224
0.119	0.346	0.292	0.243
>GCGGGGGCGGGG	17-GCGGGGGCGGGG	14.435425	-9.245034	0	T:599.0(1.15%),B:218.6(0.86%),P:1e-4	Tpos:239.2,Tstd:166.9,Bpos:642.3,Bstd:427.3,StrandBias:0.3,Multiplicity:1.30
0.053	0.063	0.839	0.045
0.103	0.752	0.074	0.071
0.062	0.091	0.804	0.043
0.053	0.055	0.838	0.054
0.050	0.055	0.876	0.019
0.056	0.052	0.858	0.034
0.041	0.068	0.855	0.036
0.071	0.851	0.022	0.056
0.038	0.045	0.877	0.040
0.049	0.066	0.828	0.057
0.050	0.073	0.835	0.042
0.083	0.088	0.786	0.043
>AGGGGGCGGGGC	18-AGGGGGCGGGGC	12.738471	-3.495980	0	T:1390.0(2.66%),B:618.2(2.43%),P:1e-1	Tpos:256.1,Tstd:179.0,Bpos:408.4,Bstd:838.8,StrandBias:0.1,Multiplicity:1.03
0.417	0.242	0.221	0.120
0.117	0.001	0.881	0.001
0.176	0.173	0.534	0.117
0.097	0.001	0.901	0.001
0.010	0.085	0.904	0.001
0.001	0.010	0.988	0.001
0.101	0.856	0.001	0.042
0.001	0.001	0.997	0.001
0.001	0.038	0.913	0.048
0.096	0.116	0.752	0.036
0.069	0.035	0.895	0.001
0.115	0.744	0.116	0.025
>CVGCGACGGGNN	19-CVGCGACGGGNN	7.495353	-3.021647	0	T:74.0(0.14%),B:24.5(0.10%),P:1e-1	Tpos:290.1,Tstd:158.4,Bpos:257.0,Bstd:152.6,StrandBias:0.5,Multiplicity:1.03
0.170	0.430	0.222	0.178
0.229	0.250	0.353	0.169
0.237	0.129	0.402	0.232
0.057	0.751	0.073	0.119
0.089	0.043	0.727	0.141
0.756	0.018	0.048	0.178
0.140	0.647	0.031	0.182
0.146	0.174	0.582	0.098
0.169	0.233	0.475	0.123
0.250	0.039	0.454	0.258
0.257	0.298	0.263	0.182
0.256	0.272	0.176	0.296
>TTTWACCGTCGA	20-TTTWACCGTCGA	9.582687	-1.982622	0	T:5.0(0.01%),B:0.0(0.00%),P:1e0	Tpos:222.0,Tstd:108.6,Bpos:0.0,Bstd:0.0,StrandBias:2.0,Multiplicity:1.00
0.108	0.232	0.131	0.529
0.132	0.171	0.146	0.551
0.099	0.053	0.290	0.558
0.422	0.044	0.027	0.507
0.711	0.112	0.036	0.141
0.133	0.448	0.257	0.162
0.056	0.883	0.039	0.022
0.030	0.065	0.875	0.030
0.150	0.057	0.290	0.503
0.069	0.788	0.031	0.112
0.082	0.171	0.635	0.112
0.512	0.117	0.216	0.155
>TCCGCCCCGCCC	21-TCCGCCCCGCCC	14.429985	-1.214157	0	T:157.0(0.30%),B:70.8(0.28%),P:1e0	Tpos:239.5,Tstd:134.8,Bpos:381.8,Bstd:661.0,StrandBias:1.0,Multiplicity:1.00
0.054	0.157	0.077	0.712
0.033	0.853	0.069	0.045
0.062	0.802	0.062	0.074
0.045	0.060	0.792	0.103
0.023	0.843	0.075	0.059
0.035	0.849	0.051	0.065
0.036	0.874	0.054	0.036
0.026	0.851	0.058	0.065
0.035	0.043	0.839	0.083
0.031	0.873	0.065	0.031
0.027	0.844	0.063	0.066
0.022	0.868	0.058	0.052
>CCCGCCCCCCGC	22-CCCGCCCCCCGC	12.688256	-0.370364	0	T:1089.0(2.08%),B:543.4(2.14%),P:1e0	Tpos:273.8,Tstd:177.9,Bpos:467.2,Bstd:2168.3,StrandBias:-0.2,Multiplicity:1.06
0.001	0.997	0.001	0.001
0.001	0.997	0.001	0.001
0.001	0.947	0.001	0.051
0.001	0.001	0.833	0.165
0.001	0.979	0.019	0.001
0.001	0.981	0.017	0.001
0.001	0.690	0.116	0.193
0.058	0.543	0.267	0.132
0.001	0.623	0.232	0.144
0.149	0.534	0.247	0.070
0.001	0.356	0.554	0.089
0.001	0.997	0.001	0.001
>BSCGCCTCCCGC	23-BSCGCCTCCCGC	9.058423	-0.039990	0	T:1154.0(2.21%),B:612.1(2.41%),P:1e0	Tpos:267.8,Tstd:177.8,Bpos:399.4,Bstd:1561.2,StrandBias:-0.0,Multiplicity:1.06
0.147	0.323	0.313	0.216
0.122	0.298	0.440	0.140
0.039	0.890	0.058	0.013
0.005	0.006	0.940	0.049
0.123	0.610	0.039	0.228
0.128	0.513	0.190	0.169
0.093	0.001	0.112	0.794
0.206	0.631	0.025	0.138
0.120	0.554	0.186	0.140
0.044	0.735	0.137	0.084
0.101	0.209	0.605	0.085
0.151	0.473	0.245	0.130
>SCCGGCCGCGRS	24-SCCGGCCGCGRS	11.499080	-0.000012	0	T:802.0(1.53%),B:496.4(1.95%),P:1e0	Tpos:266.9,Tstd:172.6,Bpos:356.9,Bstd:1099.4,StrandBias:-0.1,Multiplicity:1.05
0.085	0.379	0.367	0.169
0.205	0.383	0.232	0.180
0.025	0.973	0.001	0.001
0.003	0.172	0.793	0.032
0.039	0.001	0.907	0.053
0.079	0.831	0.007	0.083
0.001	0.977	0.001	0.021
0.018	0.001	0.975	0.006
0.013	0.985	0.001	0.001
0.007	0.001	0.983	0.009
0.338	0.208	0.366	0.087
0.130	0.398	0.327	0.146
>CGCCGCGGAGCC	25-CGCCGCGGAGCC	13.156248	-0.000000	0	T:43.0(0.08%),B:57.1(0.22%),P:1e0	Tpos:275.3,Tstd:177.4,Bpos:502.7,Bstd:355.4,StrandBias:0.2,Multiplicity:1.00
0.066	0.593	0.285	0.056
0.062	0.228	0.614	0.096
0.045	0.878	0.031	0.046
0.012	0.883	0.083	0.022
0.012	0.001	0.943	0.044
0.025	0.958	0.007	0.010
0.029	0.099	0.850	0.022
0.033	0.090	0.847	0.030
0.733	0.200	0.001	0.066
0.033	0.130	0.752	0.085
0.067	0.560	0.294	0.079
0.069	0.544	0.265	0.122
