>AAATATTTACTK	22-AAATATTTACTK	12.462906	-6.341155	0	T:104.0(0.21%),B:33.8(0.12%),P:1e-2
0.769	0.105	0.083	0.043
0.877	0.056	0.055	0.012
0.719	0.033	0.092	0.156
0.013	0.221	0.067	0.699
0.655	0.031	0.279	0.035
0.030	0.042	0.050	0.878
0.001	0.002	0.075	0.922
0.122	0.088	0.116	0.674
0.528	0.143	0.257	0.072
0.017	0.752	0.036	0.195
0.180	0.045	0.001	0.774
0.081	0.189	0.414	0.316
