>RATGASTCATNN	1-RATGASTCATNN,BestGuess:Atf3(bZIP)/GBM-ATF3-ChIP-Seq(GSE33912)/Homer(0.995)	8.332643	-5273.556542	0	T:16288.0(32.29%),B:1081.3(3.79%),P:1e-2290
0.242	0.197	0.368	0.192
0.463	0.190	0.297	0.049
0.021	0.026	0.026	0.927
0.021	0.046	0.818	0.115
0.908	0.034	0.017	0.041
0.092	0.395	0.428	0.085
0.039	0.017	0.039	0.905
0.137	0.810	0.035	0.018
0.952	0.019	0.024	0.005
0.067	0.266	0.200	0.467
0.198	0.320	0.211	0.271
0.254	0.288	0.249	0.209
