>TTACATCTGCAA	15-TTACATCTGCAA,BestGuess:Tal1(0.696)	12.249487	-19.100286	0	T:307.0(0.61%),B:90.9(0.32%),P:1e-8
0.011	0.044	0.024	0.921
0.001	0.001	0.053	0.945
0.938	0.001	0.034	0.027
0.019	0.880	0.019	0.082
0.905	0.035	0.029	0.031
0.001	0.018	0.026	0.955
0.015	0.915	0.019	0.051
0.014	0.001	0.004	0.981
0.033	0.016	0.950	0.001
0.015	0.961	0.001	0.023
0.969	0.026	0.004	0.001
0.969	0.011	0.019	0.001
