>TSAGTAAACABY	24-TSAGTAAACABY	10.735306	-0.976660	0	T:75.0(0.15%),B:39.5(0.14%),P:1e0
0.215	0.028	0.049	0.708
0.259	0.314	0.412	0.015
0.603	0.001	0.071	0.325
0.136	0.051	0.727	0.086
0.059	0.365	0.050	0.526
0.884	0.083	0.003	0.030
0.933	0.054	0.010	0.003
0.897	0.018	0.037	0.048
0.022	0.627	0.052	0.299
0.901	0.022	0.016	0.061
0.102	0.229	0.300	0.369
0.132	0.312	0.136	0.420
