>GTTAATSATTAA	20-GTTAATSATTAA,BestGuess:HNF1b(Homeobox)/PDAC-HNF1B-ChIP-Seq(GSE64557)/Homer(0.982)	11.341413	-10.057206	0	T:192.0(0.38%),B:62.9(0.22%),P:1e-4
0.054	0.038	0.823	0.085
0.048	0.072	0.045	0.835
0.140	0.061	0.057	0.742
0.882	0.039	0.051	0.028
0.844	0.079	0.026	0.051
0.143	0.014	0.038	0.805
0.109	0.401	0.438	0.052
0.732	0.022	0.043	0.203
0.044	0.032	0.058	0.866
0.027	0.030	0.039	0.904
0.708	0.073	0.101	0.118
0.792	0.101	0.077	0.030
