>GKYCAAAGTYCA	6-GKYCAAAGTYCA,BestGuess:HNF4G/MA0484.1/Jaspar(0.963)	9.634150	-76.674321	0	T:1473.0(2.92%),B:450.3(1.58%),P:1e-33
0.138	0.065	0.668	0.129
0.203	0.095	0.300	0.402
0.139	0.365	0.191	0.304
0.020	0.911	0.012	0.057
0.923	0.040	0.008	0.029
0.728	0.042	0.214	0.016
0.882	0.001	0.106	0.011
0.015	0.025	0.863	0.097
0.070	0.038	0.223	0.669
0.064	0.457	0.115	0.364
0.046	0.905	0.002	0.047
0.752	0.095	0.015	0.138
