>GGGAATTGTAGT	10-ACTACAATTCCC	12.415367	-29.783611	0	T:231.0(0.46%),B:44.9(0.16%),P:1e-12
0.029	0.018	0.904	0.049
0.056	0.014	0.911	0.019
0.035	0.038	0.887	0.040
0.847	0.042	0.076	0.035
0.676	0.100	0.127	0.097
0.208	0.063	0.089	0.640
0.023	0.070	0.039	0.868
0.014	0.036	0.910	0.040
0.030	0.083	0.087	0.800
0.837	0.036	0.093	0.034
0.050	0.042	0.871	0.037
0.027	0.048	0.068	0.857
