>TTGCAGATGTAA	15-TTACATCTGCAA	12.249487	-19.100286	0	T:307.0(0.61%),B:90.9(0.32%),P:1e-8
0.001	0.019	0.011	0.969
0.001	0.004	0.026	0.969
0.023	0.001	0.961	0.015
0.001	0.950	0.016	0.033
0.981	0.004	0.001	0.014
0.051	0.019	0.915	0.015
0.955	0.026	0.018	0.001
0.031	0.029	0.035	0.905
0.082	0.019	0.880	0.019
0.027	0.034	0.001	0.938
0.945	0.053	0.001	0.001
0.921	0.024	0.044	0.011
