>NNTGASTCABHN	4-NNTGASTCABHN	7.987398	-3409.226034	0	T:15542.0(30.81%),B:2012.7(7.06%),P:1e-1480
0.267	0.205	0.262	0.266
0.269	0.260	0.235	0.235
0.055	0.026	0.053	0.866
0.053	0.061	0.789	0.097
0.832	0.051	0.053	0.064
0.194	0.379	0.384	0.044
0.064	0.053	0.043	0.840
0.084	0.801	0.064	0.051
0.874	0.045	0.025	0.056
0.004	0.308	0.346	0.343
0.280	0.284	0.128	0.307
0.262	0.237	0.234	0.267
