>NAATGTGACCTT	12-AAGGTCACATTN	11.918002	-23.247209	0	T:138.0(0.27%),B:21.7(0.08%),P:1e-10
0.302	0.203	0.314	0.181
0.784	0.088	0.065	0.063
0.737	0.139	0.061	0.063
0.132	0.034	0.100	0.734
0.071	0.096	0.716	0.117
0.064	0.022	0.044	0.870
0.072	0.124	0.716	0.088
0.745	0.071	0.075	0.109
0.148	0.666	0.089	0.097
0.143	0.668	0.032	0.157
0.089	0.056	0.022	0.833
0.157	0.153	0.145	0.545
