>GTCACGTGACCG	11-CGGTCACGTGAC	10.850878	-28.341436	0	T:208.0(0.41%),B:38.9(0.14%),P:1e-12
0.039	0.072	0.867	0.022
0.021	0.100	0.061	0.818
0.014	0.929	0.043	0.014
0.943	0.027	0.012	0.018
0.020	0.861	0.048	0.071
0.083	0.039	0.856	0.022
0.012	0.018	0.018	0.952
0.014	0.056	0.918	0.012
0.782	0.054	0.119	0.045
0.021	0.871	0.068	0.040
0.089	0.662	0.113	0.136
0.144	0.191	0.545	0.120
