>ACTACAATTCCC	10-ACTACAATTCCC,BestGuess:GFY(?)/Promoter/Homer(0.995)	12.415367	-29.783611	0	T:231.0(0.46%),B:44.9(0.16%),P:1e-12
0.857	0.068	0.048	0.027
0.037	0.871	0.042	0.050
0.034	0.093	0.036	0.837
0.800	0.087	0.083	0.030
0.040	0.910	0.036	0.014
0.868	0.039	0.070	0.023
0.640	0.089	0.063	0.208
0.097	0.127	0.100	0.676
0.035	0.076	0.042	0.847
0.040	0.887	0.038	0.035
0.019	0.911	0.014	0.056
0.049	0.904	0.018	0.029
