>AAGGTCACATTN	12-AAGGTCACATTN,BestGuess:NR4A2/MA0160.1/Jaspar(0.811)	11.918002	-23.247209	0	T:138.0(0.27%),B:21.7(0.08%),P:1e-10
0.545	0.145	0.153	0.157
0.833	0.022	0.056	0.089
0.157	0.032	0.668	0.143
0.097	0.089	0.666	0.148
0.109	0.075	0.071	0.745
0.088	0.716	0.124	0.072
0.870	0.044	0.022	0.064
0.117	0.716	0.096	0.071
0.734	0.100	0.034	0.132
0.063	0.061	0.139	0.737
0.063	0.065	0.088	0.784
0.181	0.314	0.203	0.302
