>AGGAASTGAAAC	3-AGGAASTGAAAC	10.245154	-2015.308427	0	T:6094.0(15.74%),B:454.3(1.79%),P:1e-875
0.517	0.031	0.332	0.120
0.180	0.001	0.772	0.047
0.211	0.018	0.743	0.028
0.938	0.002	0.007	0.053
0.831	0.014	0.014	0.141
0.201	0.385	0.318	0.096
0.115	0.085	0.015	0.785
0.072	0.019	0.891	0.018
0.809	0.020	0.153	0.018
0.603	0.082	0.239	0.076
0.823	0.030	0.051	0.096
0.193	0.479	0.281	0.047
