>AAATGAGGAAGC	12-AAATGAGGAAGC	11.422893	-236.526046	0	T:760.0(1.96%),B:56.1(0.22%),P:1e-102
0.756	0.083	0.098	0.063
0.765	0.070	0.095	0.070
0.761	0.079	0.095	0.065
0.154	0.045	0.103	0.698
0.071	0.097	0.760	0.072
0.764	0.062	0.098	0.076
0.093	0.046	0.778	0.083
0.121	0.070	0.739	0.070
0.761	0.112	0.064	0.063
0.822	0.032	0.071	0.075
0.097	0.096	0.732	0.075
0.116	0.663	0.105	0.116
