>TGACTCACAGTK	22-TGACTCACAGTK	8.895750	-6.842097	0	T:191.0(0.49%),B:84.6(0.33%),P:1e-2
0.197	0.070	0.126	0.607
0.165	0.173	0.463	0.199
0.544	0.106	0.129	0.221
0.131	0.432	0.224	0.214
0.098	0.059	0.038	0.805
0.058	0.583	0.180	0.179
0.538	0.047	0.030	0.385
0.122	0.480	0.313	0.085
0.638	0.051	0.042	0.269
0.160	0.153	0.421	0.266
0.185	0.151	0.141	0.523
0.201	0.172	0.240	0.387
