>GGAASTGAAASY	6-GGAASTGAAASY	10.526981	-1831.274873	0	T:5391.0(13.93%),B:366.4(1.44%),P:1e-795
0.291	0.004	0.645	0.060
0.221	0.013	0.753	0.013
0.949	0.003	0.017	0.031
0.877	0.007	0.015	0.101
0.148	0.398	0.406	0.049
0.099	0.061	0.041	0.799
0.019	0.006	0.964	0.011
0.907	0.012	0.072	0.009
0.726	0.037	0.193	0.044
0.935	0.012	0.030	0.023
0.125	0.467	0.338	0.070
0.139	0.318	0.082	0.460
