>HNTNHMASTTTC	25-HNTNHMASTTTC	9.718637	-0.685634	0	T:15.0(0.04%),B:9.4(0.04%),P:1e0
0.286	0.307	0.054	0.352
0.266	0.272	0.217	0.245
0.079	0.049	0.061	0.811
0.187	0.270	0.289	0.254
0.366	0.367	0.013	0.255
0.472	0.482	0.019	0.027
0.834	0.050	0.052	0.064
0.018	0.542	0.420	0.020
0.045	0.045	0.024	0.886
0.035	0.052	0.040	0.873
0.025	0.074	0.048	0.853
0.051	0.837	0.054	0.058
