>GSAGAASTGAAA	9-GSAGAASTGAAA	11.165213	-416.303485	0	T:1743.0(4.50%),B:214.5(0.84%),P:1e-180
0.259	0.045	0.447	0.249
0.122	0.411	0.324	0.142
0.788	0.001	0.020	0.191
0.126	0.001	0.872	0.001
0.983	0.001	0.001	0.015
0.898	0.001	0.044	0.057
0.084	0.419	0.449	0.048
0.114	0.049	0.058	0.779
0.001	0.009	0.953	0.037
0.710	0.004	0.173	0.113
0.674	0.026	0.265	0.035
0.972	0.001	0.008	0.019
