>TCTCATGAGAAC	21-GTTCTCATGAGA	12.778208	-7.630211	0	T:129.0(0.33%),B:49.9(0.20%),P:1e-3
0.027	0.052	0.051	0.870
0.121	0.767	0.044	0.068
0.086	0.110	0.007	0.797
0.030	0.828	0.046	0.096
0.710	0.058	0.172	0.060
0.026	0.259	0.042	0.673
0.088	0.090	0.785	0.037
0.837	0.018	0.058	0.087
0.056	0.051	0.853	0.040
0.900	0.031	0.042	0.027
0.685	0.050	0.048	0.217
0.089	0.755	0.060	0.096
