>TGGACAGCKC	1-TGGACAGCKC	7.191390	-1867.338773	0	T:5692.0(36.42%),B:1292.8(8.38%),P:1e-810	Tpos:206.8,Tstd:58.4,Bpos:488.8,Bstd:416.3,StrandBias:0.0,Multiplicity:1.07
0.015	0.031	0.016	0.938
0.001	0.001	0.997	0.001
0.001	0.001	0.997	0.001
0.997	0.001	0.001	0.001
0.001	0.983	0.013	0.003
0.997	0.001	0.001	0.001
0.001	0.001	0.997	0.001
0.049	0.887	0.033	0.031
0.140	0.001	0.472	0.387
0.045	0.849	0.069	0.037
>GGACAGCDCC	2-GGACAGCDCC	7.291253	-1346.488894	0	T:4672.0(29.90%),B:1167.1(7.57%),P:1e-584	Tpos:213.8,Tstd:87.9,Bpos:504.2,Bstd:453.4,StrandBias:0.0,Multiplicity:1.02
0.247	0.053	0.543	0.157
0.262	0.030	0.697	0.011
0.522	0.171	0.012	0.295
0.215	0.427	0.190	0.169
0.969	0.013	0.009	0.009
0.012	0.003	0.984	0.001
0.131	0.540	0.092	0.237
0.372	0.010	0.305	0.314
0.229	0.460	0.185	0.125
0.100	0.571	0.018	0.311
>ACCATGGACA	3-ACCATGGACA	8.845262	-1092.416705	0	T:3064.0(19.61%),B:528.1(3.42%),P:1e-474	Tpos:206.1,Tstd:62.7,Bpos:508.9,Bstd:406.0,StrandBias:-0.0,Multiplicity:1.03
0.997	0.001	0.001	0.001
0.001	0.997	0.001	0.001
0.001	0.994	0.001	0.004
0.862	0.038	0.009	0.091
0.175	0.099	0.056	0.670
0.001	0.001	0.997	0.001
0.001	0.001	0.994	0.004
0.951	0.040	0.001	0.008
0.001	0.811	0.126	0.062
0.973	0.008	0.018	0.001
>GCTGTCCARN	4-GCTGTCCARN	8.803773	-932.375591	0	T:2425.0(15.52%),B:353.6(2.29%),P:1e-404	Tpos:210.9,Tstd:87.9,Bpos:395.6,Bstd:438.3,StrandBias:0.3,Multiplicity:1.00
0.149	0.069	0.724	0.058
0.043	0.900	0.001	0.056
0.001	0.001	0.130	0.868
0.143	0.110	0.607	0.140
0.065	0.001	0.027	0.907
0.001	0.950	0.017	0.032
0.002	0.852	0.044	0.102
0.487	0.145	0.211	0.157
0.293	0.155	0.389	0.164
0.229	0.284	0.307	0.180
>HGGTGCTGAA	5-HGGTGCTGAA	8.994419	-707.613700	0	T:3209.0(20.53%),B:976.8(6.33%),P:1e-307	Tpos:209.1,Tstd:68.1,Bpos:504.4,Bstd:393.6,StrandBias:0.1,Multiplicity:1.06
0.326	0.243	0.151	0.280
0.305	0.001	0.693	0.001
0.001	0.001	0.997	0.001
0.001	0.001	0.001	0.997
0.066	0.274	0.558	0.102
0.001	0.997	0.001	0.001
0.001	0.001	0.001	0.997
0.001	0.001	0.997	0.001
0.997	0.001	0.001	0.001
0.704	0.123	0.060	0.113
>CTGTCCAGCG	6-CTGTCCAGCG	9.946928	-467.965865	0	T:908.0(5.81%),B:54.8(0.36%),P:1e-203	Tpos:205.3,Tstd:57.1,Bpos:467.2,Bstd:398.2,StrandBias:-0.2,Multiplicity:1.01
0.018	0.913	0.015	0.054
0.023	0.035	0.070	0.872
0.144	0.065	0.730	0.061
0.116	0.007	0.123	0.754
0.054	0.835	0.052	0.059
0.052	0.890	0.034	0.024
0.880	0.033	0.049	0.038
0.075	0.081	0.772	0.072
0.089	0.741	0.098	0.072
0.247	0.029	0.616	0.108
>NNTTCAGCAC	7-NNTTCAGCAC	9.277427	-415.412433	0	T:1676.0(10.73%),B:431.0(2.79%),P:1e-180	Tpos:201.7,Tstd:78.4,Bpos:553.4,Bstd:356.9,StrandBias:0.0,Multiplicity:1.02
0.320	0.180	0.223	0.277
0.228	0.208	0.274	0.291
0.040	0.065	0.253	0.642
0.001	0.089	0.001	0.909
0.055	0.902	0.042	0.001
0.899	0.039	0.061	0.001
0.021	0.001	0.977	0.001
0.098	0.697	0.097	0.108
0.841	0.001	0.157	0.001
0.058	0.763	0.082	0.097
>TGCTSTCCAA	8-TGCTSTCCAA	9.246957	-370.962208	0	T:1259.0(8.06%),B:260.7(1.69%),P:1e-161	Tpos:209.1,Tstd:69.6,Bpos:452.8,Bstd:310.7,StrandBias:0.0,Multiplicity:1.00
0.165	0.300	0.070	0.465
0.001	0.098	0.795	0.106
0.009	0.989	0.001	0.001
0.001	0.025	0.081	0.893
0.149	0.309	0.372	0.170
0.082	0.028	0.211	0.679
0.007	0.935	0.049	0.009
0.005	0.881	0.038	0.076
0.609	0.037	0.113	0.241
0.597	0.083	0.260	0.060
>VTCTCGCGAG	9-VTCTCGCGAG	9.039939	-170.583838	0	T:331.0(2.12%),B:19.9(0.13%),P:1e-74	Tpos:222.7,Tstd:77.6,Bpos:522.0,Bstd:431.8,StrandBias:0.1,Multiplicity:1.12
0.350	0.225	0.234	0.191
0.040	0.074	0.100	0.786
0.154	0.753	0.068	0.025
0.032	0.072	0.085	0.811
0.022	0.947	0.008	0.023
0.008	0.017	0.955	0.020
0.038	0.957	0.001	0.004
0.017	0.001	0.964	0.018
0.752	0.088	0.115	0.045
0.033	0.102	0.728	0.137
>BNWGGTSCTG	10-BNWGGTSCTG	7.509374	-104.420157	0	T:614.0(3.93%),B:213.6(1.38%),P:1e-45	Tpos:207.2,Tstd:107.6,Bpos:520.3,Bstd:457.4,StrandBias:0.4,Multiplicity:1.01
0.181	0.348	0.273	0.198
0.283	0.209	0.217	0.291
0.405	0.249	0.028	0.319
0.018	0.009	0.607	0.366
0.009	0.009	0.748	0.234
0.021	0.357	0.002	0.620
0.019	0.302	0.435	0.245
0.011	0.971	0.007	0.011
0.008	0.015	0.019	0.958
0.222	0.259	0.473	0.046
>TCTCGCGCGA	11-TCTCGCGCGA	9.244702	-89.824028	0	T:244.0(1.56%),B:35.6(0.23%),P:1e-39	Tpos:222.1,Tstd:109.7,Bpos:550.4,Bstd:507.0,StrandBias:-0.1,Multiplicity:1.03
0.063	0.098	0.097	0.742
0.035	0.785	0.097	0.083
0.044	0.054	0.023	0.879
0.048	0.832	0.079	0.041
0.047	0.068	0.816	0.069
0.044	0.858	0.061	0.037
0.032	0.059	0.870	0.039
0.085	0.712	0.136	0.067
0.075	0.085	0.754	0.086
0.753	0.113	0.074	0.060
>TCAGCACYWN	12-TCAGCACYWN	8.281581	-72.695901	0	T:181.0(1.16%),B:22.9(0.15%),P:1e-31	Tpos:203.8,Tstd:67.6,Bpos:529.4,Bstd:337.6,StrandBias:0.2,Multiplicity:1.00
0.072	0.080	0.264	0.584
0.154	0.758	0.047	0.041
0.834	0.049	0.048	0.069
0.026	0.036	0.910	0.028
0.193	0.452	0.155	0.200
0.830	0.052	0.066	0.052
0.074	0.661	0.179	0.086
0.129	0.428	0.044	0.398
0.376	0.131	0.151	0.341
0.281	0.198	0.267	0.254
>AATATGGCGG	13-AATATGGCGG	8.990461	-27.118750	0	T:204.0(1.31%),B:85.1(0.55%),P:1e-11	Tpos:208.9,Tstd:104.5,Bpos:544.8,Bstd:371.9,StrandBias:0.0,Multiplicity:1.03
0.830	0.043	0.001	0.126
0.796	0.123	0.080	0.001
0.277	0.119	0.140	0.464
0.506	0.296	0.061	0.137
0.047	0.131	0.125	0.697
0.055	0.088	0.720	0.137
0.085	0.082	0.821	0.012
0.077	0.921	0.001	0.001
0.055	0.041	0.903	0.001
0.001	0.059	0.803	0.137
>VDYTTCCGSN	14-VDYTTCCGSN	6.469821	-17.133720	0	T:173.0(1.11%),B:85.8(0.56%),P:1e-7	Tpos:218.6,Tstd:132.0,Bpos:516.0,Bstd:548.1,StrandBias:0.4,Multiplicity:1.06
0.219	0.361	0.241	0.179
0.336	0.166	0.282	0.215
0.139	0.388	0.185	0.288
0.021	0.067	0.017	0.895
0.113	0.207	0.081	0.599
0.037	0.832	0.026	0.105
0.168	0.614	0.132	0.086
0.184	0.128	0.548	0.140
0.128	0.336	0.375	0.161
0.211	0.274	0.206	0.309
>GTGCTGACCA	15-GTGCTGACCA	10.093555	-13.599472	0	T:105.0(0.67%),B:46.7(0.30%),P:1e-5	Tpos:220.2,Tstd:91.9,Bpos:555.7,Bstd:379.3,StrandBias:0.1,Multiplicity:1.00
0.050	0.055	0.864	0.031
0.132	0.067	0.001	0.800
0.100	0.058	0.822	0.020
0.001	0.997	0.001	0.001
0.001	0.001	0.001	0.997
0.032	0.001	0.928	0.039
0.559	0.092	0.242	0.107
0.058	0.582	0.165	0.195
0.100	0.526	0.132	0.242
0.559	0.193	0.082	0.166
>TGCGCATGCG	16-TGCGCATGCG	11.737125	-6.674103	0	T:139.0(0.89%),B:91.5(0.59%),P:1e-2	Tpos:231.3,Tstd:134.7,Bpos:463.1,Bstd:570.2,StrandBias:0.0,Multiplicity:1.04
0.020	0.028	0.093	0.859
0.094	0.029	0.876	0.001
0.061	0.922	0.016	0.001
0.001	0.001	0.997	0.001
0.001	0.985	0.013	0.001
0.688	0.235	0.076	0.001
0.017	0.056	0.154	0.773
0.001	0.001	0.997	0.001
0.001	0.997	0.001	0.001
0.001	0.001	0.970	0.028
>GCTTTCCARG	17-GCTTTCCARG	9.718370	-4.035419	0	T:49.0(0.31%),B:29.4(0.19%),P:1e-1	Tpos:279.0,Tstd:108.3,Bpos:183.9,Bstd:116.3,StrandBias:0.0,Multiplicity:1.00
0.051	0.122	0.544	0.283
0.001	0.997	0.001	0.001
0.001	0.001	0.001	0.997
0.254	0.230	0.001	0.515
0.001	0.122	0.183	0.694
0.008	0.990	0.001	0.001
0.259	0.739	0.001	0.001
0.489	0.145	0.204	0.162
0.521	0.095	0.376	0.008
0.186	0.144	0.440	0.229
>NCTTCCGGTN	18-NCTTCCGGTN	8.863401	-1.376802	0	T:50.0(0.32%),B:42.3(0.27%),P:1e0	Tpos:197.2,Tstd:102.1,Bpos:492.1,Bstd:547.4,StrandBias:-0.1,Multiplicity:1.09
0.226	0.244	0.293	0.237
0.087	0.742	0.079	0.092
0.065	0.072	0.066	0.797
0.066	0.078	0.087	0.769
0.063	0.774	0.081	0.082
0.078	0.767	0.068	0.087
0.102	0.077	0.730	0.091
0.073	0.109	0.724	0.094
0.104	0.117	0.084	0.695
0.232	0.261	0.260	0.247
>GCGCATGCGC	19-GCGCATGCGC	7.514578	-0.489997	0	T:168.0(1.08%),B:170.9(1.11%),P:1e0	Tpos:211.5,Tstd:116.6,Bpos:458.9,Bstd:573.4,StrandBias:-0.3,Multiplicity:1.06
0.119	0.129	0.617	0.135
0.134	0.640	0.116	0.110
0.124	0.124	0.622	0.130
0.176	0.550	0.145	0.129
0.550	0.131	0.162	0.157
0.171	0.133	0.121	0.575
0.128	0.159	0.566	0.147
0.133	0.637	0.117	0.113
0.128	0.113	0.621	0.138
0.123	0.621	0.134	0.122
>RVATTCCNRR	20-RVATTCCNRR	8.148193	-0.213679	0	T:144.0(0.92%),B:156.9(1.02%),P:1e0	Tpos:217.0,Tstd:113.4,Bpos:471.2,Bstd:359.6,StrandBias:0.3,Multiplicity:1.06
0.361	0.001	0.493	0.145
0.366	0.390	0.242	0.001
0.614	0.001	0.001	0.384
0.001	0.001	0.001	0.997
0.001	0.001	0.101	0.897
0.001	0.781	0.001	0.217
0.001	0.924	0.001	0.074
0.295	0.295	0.177	0.233
0.340	0.062	0.406	0.192
0.332	0.159	0.385	0.124
>TTCCTGGAAW	21-TTCCTGGAAW	9.592286	-0.107043	0	T:73.0(0.47%),B:87.3(0.57%),P:1e0	Tpos:216.9,Tstd:88.7,Bpos:506.9,Bstd:377.8,StrandBias:-0.2,Multiplicity:1.02
0.032	0.220	0.161	0.587
0.001	0.380	0.001	0.618
0.001	0.735	0.001	0.263
0.001	0.712	0.001	0.286
0.228	0.109	0.244	0.419
0.097	0.001	0.901	0.001
0.275	0.001	0.723	0.001
0.741	0.163	0.095	0.001
0.997	0.001	0.001	0.001
0.324	0.114	0.197	0.365
>DGGAATBYBN	22-DGGAATBYBN	8.291735	-0.102198	0	T:22.0(0.14%),B:30.1(0.20%),P:1e0	Tpos:176.7,Tstd:115.6,Bpos:554.0,Bstd:328.0,StrandBias:0.8,Multiplicity:1.00
0.375	0.001	0.271	0.354
0.001	0.001	0.997	0.001
0.222	0.001	0.776	0.001
0.997	0.001	0.001	0.001
0.997	0.001	0.001	0.001
0.388	0.001	0.024	0.587
0.001	0.302	0.385	0.312
0.067	0.481	0.028	0.424
0.001	0.278	0.319	0.402
0.171	0.302	0.240	0.287
>TTGGAAAGCW	23-TTGGAAAGCW	9.359887	-0.059076	0	T:91.0(0.58%),B:112.0(0.73%),P:1e0	Tpos:208.2,Tstd:121.2,Bpos:498.1,Bstd:479.3,StrandBias:0.1,Multiplicity:1.00
0.147	0.235	0.134	0.484
0.164	0.122	0.032	0.682
0.005	0.007	0.896	0.092
0.088	0.126	0.785	0.001
0.610	0.215	0.019	0.156
0.518	0.195	0.107	0.180
0.879	0.001	0.001	0.119
0.001	0.025	0.973	0.001
0.024	0.949	0.026	0.001
0.367	0.177	0.186	0.270
>VVVWTTCCWN	24-VVVWTTCCWN	7.485621	-0.020515	0	T:25.0(0.16%),B:41.0(0.27%),P:1e0	Tpos:226.9,Tstd:151.7,Bpos:435.8,Bstd:427.8,StrandBias:-0.9,Multiplicity:1.00
0.309	0.374	0.306	0.011
0.304	0.243	0.327	0.126
0.273	0.347	0.262	0.117
0.469	0.001	0.001	0.529
0.001	0.001	0.283	0.715
0.001	0.001	0.001	0.997
0.001	0.997	0.001	0.001
0.001	0.648	0.001	0.350
0.459	0.001	0.001	0.539
0.222	0.219	0.305	0.254
>KGAATKCTGA	25-KGAATKCTGA	9.406924	-0.010428	0	T:125.0(0.80%),B:161.6(1.05%),P:1e0	Tpos:192.9,Tstd:125.2,Bpos:477.7,Bstd:330.9,StrandBias:-0.4,Multiplicity:1.10
0.021	0.001	0.427	0.551
0.126	0.001	0.560	0.313
0.586	0.104	0.229	0.081
0.786	0.012	0.201	0.001
0.169	0.001	0.065	0.765
0.013	0.001	0.418	0.568
0.001	0.997	0.001	0.001
0.284	0.015	0.001	0.700
0.001	0.088	0.910	0.001
0.519	0.257	0.104	0.120
>GCTGTCCADGGT	1-GCTGTCCADGGT	8.695246	-2052.371097	0	T:5894.0(37.72%),B:1254.6(8.14%),P:1e-891	Tpos:206.6,Tstd:55.2,Bpos:502.9,Bstd:428.5,StrandBias:-0.0,Multiplicity:1.06
0.180	0.077	0.541	0.202
0.001	0.997	0.001	0.001
0.001	0.001	0.001	0.997
0.035	0.104	0.851	0.010
0.021	0.001	0.046	0.932
0.001	0.997	0.001	0.001
0.001	0.997	0.001	0.001
0.703	0.075	0.079	0.143
0.254	0.116	0.339	0.291
0.111	0.265	0.479	0.145
0.176	0.105	0.615	0.104
0.084	0.232	0.130	0.554
>TGGACAGCTCCC	2-TGGACAGCTCCC	9.598684	-1749.807669	0	T:3887.0(24.87%),B:456.6(2.96%),P:1e-759	Tpos:208.1,Tstd:62.6,Bpos:503.0,Bstd:387.0,StrandBias:0.0,Multiplicity:1.03
0.144	0.114	0.114	0.628
0.030	0.006	0.951	0.013
0.023	0.018	0.943	0.016
0.850	0.073	0.027	0.050
0.034	0.741	0.178	0.047
0.971	0.002	0.015	0.012
0.016	0.018	0.955	0.011
0.098	0.691	0.085	0.126
0.256	0.015	0.268	0.461
0.089	0.689	0.192	0.030
0.035	0.803	0.010	0.152
0.212	0.472	0.074	0.242
>CAGSACCATGGA	3-CAGSACCATGGA	10.583745	-868.056475	0	T:2285.0(14.62%),B:337.2(2.19%),P:1e-376	Tpos:204.4,Tstd:76.7,Bpos:497.4,Bstd:619.3,StrandBias:0.1,Multiplicity:1.01
0.144	0.810	0.025	0.021
0.997	0.001	0.001	0.001
0.001	0.001	0.997	0.001
0.145	0.340	0.396	0.118
0.983	0.001	0.006	0.010
0.001	0.997	0.001	0.001
0.009	0.877	0.001	0.113
0.535	0.243	0.001	0.221
0.239	0.122	0.108	0.531
0.001	0.001	0.997	0.001
0.039	0.038	0.922	0.001
0.698	0.185	0.022	0.095
>CCNTGGTGCTGA	4-CCNTGGTGCTGA	11.097029	-783.300859	0	T:1676.0(10.73%),B:148.3(0.96%),P:1e-340	Tpos:210.2,Tstd:60.5,Bpos:531.9,Bstd:486.3,StrandBias:0.1,Multiplicity:1.02
0.046	0.661	0.082	0.211
0.075	0.686	0.091	0.148
0.314	0.245	0.253	0.188
0.331	0.070	0.100	0.499
0.001	0.001	0.997	0.001
0.001	0.001	0.997	0.001
0.001	0.001	0.001	0.997
0.071	0.113	0.751	0.065
0.001	0.997	0.001	0.001
0.001	0.001	0.001	0.997
0.001	0.001	0.997	0.001
0.867	0.051	0.081	0.001
>NDGGTGCTGAAD	5-NDGGTGCTGAAD	9.785487	-666.973110	0	T:2260.0(14.46%),B:487.7(3.16%),P:1e-289	Tpos:206.1,Tstd:68.7,Bpos:498.2,Bstd:345.5,StrandBias:0.1,Multiplicity:1.02
0.227	0.256	0.294	0.223
0.257	0.155	0.262	0.326
0.352	0.001	0.632	0.015
0.001	0.001	0.997	0.001
0.001	0.001	0.001	0.997
0.021	0.163	0.803	0.013
0.001	0.997	0.001	0.001
0.001	0.001	0.001	0.997
0.001	0.001	0.997	0.001
0.994	0.001	0.004	0.001
0.981	0.011	0.001	0.007
0.329	0.122	0.328	0.220
>CTCTCCATGGTA	6-CTCTCCATGGTA	10.790606	-258.692523	0	T:651.0(4.17%),B:80.9(0.52%),P:1e-112	Tpos:204.7,Tstd:90.0,Bpos:506.2,Bstd:354.0,StrandBias:-0.1,Multiplicity:1.00
0.001	0.954	0.001	0.044
0.001	0.089	0.001	0.909
0.112	0.827	0.001	0.060
0.001	0.001	0.001	0.997
0.001	0.997	0.001	0.001
0.001	0.997	0.001	0.001
0.708	0.027	0.203	0.062
0.241	0.001	0.001	0.757
0.001	0.001	0.997	0.001
0.001	0.001	0.997	0.001
0.001	0.001	0.001	0.997
0.703	0.084	0.212	0.001
>WNCGCTGTCCND	7-WNCGCTGTCCND	6.873286	-248.799591	0	T:1059.0(6.78%),B:281.7(1.83%),P:1e-108	Tpos:212.3,Tstd:95.0,Bpos:487.5,Bstd:452.6,StrandBias:-0.3,Multiplicity:1.01
0.367	0.202	0.185	0.246
0.178	0.257	0.314	0.251
0.109	0.781	0.045	0.065
0.094	0.064	0.780	0.062
0.112	0.616	0.103	0.169
0.105	0.165	0.209	0.521
0.173	0.100	0.591	0.136
0.156	0.105	0.097	0.642
0.195	0.571	0.099	0.135
0.112	0.612	0.177	0.099
0.186	0.268	0.299	0.247
0.269	0.160	0.254	0.316
>TCTCGCGAGANY	8-TCTCGCGAGANY	9.831272	-175.578057	0	T:317.0(2.03%),B:13.1(0.08%),P:1e-76	Tpos:224.6,Tstd:78.7,Bpos:441.7,Bstd:554.8,StrandBias:-0.0,Multiplicity:1.13
0.022	0.110	0.071	0.797
0.097	0.857	0.045	0.001
0.015	0.078	0.049	0.858
0.001	0.988	0.010	0.001
0.004	0.015	0.974	0.007
0.004	0.985	0.004	0.007
0.003	0.011	0.985	0.001
0.892	0.041	0.056	0.011
0.001	0.060	0.842	0.097
0.779	0.082	0.120	0.019
0.236	0.286	0.260	0.218
0.087	0.429	0.206	0.279
>TGCTGGACAGAG	9-TGCTGGACAGAG	11.901708	-130.085957	0	T:439.0(2.81%),B:88.6(0.57%),P:1e-56	Tpos:213.5,Tstd:74.6,Bpos:380.1,Bstd:454.9,StrandBias:0.4,Multiplicity:1.02
0.323	0.001	0.162	0.514
0.001	0.001	0.997	0.001
0.002	0.842	0.001	0.155
0.001	0.030	0.030	0.939
0.001	0.001	0.997	0.001
0.001	0.001	0.997	0.001
0.892	0.106	0.001	0.001
0.001	0.937	0.001	0.061
0.812	0.062	0.063	0.063
0.001	0.001	0.968	0.030
0.702	0.001	0.296	0.001
0.063	0.001	0.620	0.316
>TCCAAGTGCTGA	10-TCCAAGTGCTGA	12.224025	-48.924303	0	T:159.0(1.02%),B:31.5(0.20%),P:1e-21	Tpos:203.7,Tstd:96.8,Bpos:546.0,Bstd:338.3,StrandBias:0.0,Multiplicity:1.00
0.061	0.110	0.073	0.756
0.011	0.786	0.076	0.127
0.001	0.986	0.001	0.012
0.747	0.155	0.005	0.093
0.571	0.058	0.200	0.171
0.151	0.240	0.555	0.054
0.023	0.001	0.036	0.940
0.041	0.110	0.838	0.011
0.016	0.916	0.001	0.067
0.013	0.001	0.001	0.985
0.056	0.001	0.927	0.016
0.822	0.046	0.094	0.038
>GCCCCCTGGTGG	11-GCCCCCTGGTGG	12.129871	-34.879675	0	T:170.0(1.09%),B:52.7(0.34%),P:1e-15	Tpos:204.2,Tstd:80.2,Bpos:597.6,Bstd:433.3,StrandBias:-0.1,Multiplicity:1.01
0.087	0.021	0.782	0.110
0.067	0.853	0.038	0.042
0.001	0.997	0.001	0.001
0.245	0.595	0.082	0.078
0.001	0.626	0.001	0.372
0.001	0.937	0.001	0.061
0.143	0.083	0.001	0.773
0.210	0.062	0.509	0.219
0.011	0.382	0.580	0.027
0.235	0.166	0.052	0.547
0.003	0.003	0.993	0.001
0.001	0.001	0.981	0.017
>AAGATGGCGGCG	12-AAGATGGCGGCG	10.443695	-31.179625	0	T:260.0(1.66%),B:114.2(0.74%),P:1e-13	Tpos:210.4,Tstd:107.6,Bpos:566.5,Bstd:400.5,StrandBias:0.2,Multiplicity:1.02
0.949	0.001	0.038	0.012
0.835	0.006	0.075	0.084
0.211	0.276	0.489	0.024
0.839	0.001	0.118	0.042
0.127	0.001	0.084	0.788
0.005	0.001	0.993	0.001
0.001	0.041	0.957	0.001
0.001	0.992	0.001	0.006
0.035	0.001	0.731	0.233
0.140	0.125	0.681	0.054
0.188	0.493	0.139	0.180
0.096	0.251	0.464	0.188
>GCTGGCCAGCAC	13-GCTGGCCAGCAC	12.653277	-31.125251	0	T:147.0(0.94%),B:44.1(0.29%),P:1e-13	Tpos:212.9,Tstd:52.5,Bpos:448.6,Bstd:462.3,StrandBias:0.0,Multiplicity:1.00
0.001	0.001	0.934	0.064
0.001	0.997	0.001	0.001
0.001	0.001	0.001	0.997
0.001	0.001	0.997	0.001
0.092	0.001	0.906	0.001
0.001	0.717	0.001	0.281
0.001	0.997	0.001	0.001
0.997	0.001	0.001	0.001
0.001	0.001	0.997	0.001
0.001	0.997	0.001	0.001
0.566	0.001	0.276	0.157
0.157	0.546	0.296	0.001
>TAATCTGCACTA	14-TAATCTGCACTA	11.956402	-29.721056	0	T:70.0(0.45%),B:8.1(0.05%),P:1e-12	Tpos:209.4,Tstd:58.0,Bpos:544.8,Bstd:168.0,StrandBias:0.4,Multiplicity:1.00
0.001	0.009	0.018	0.972
0.963	0.001	0.018	0.018
0.981	0.001	0.017	0.001
0.018	0.036	0.036	0.910
0.018	0.963	0.018	0.001
0.001	0.001	0.017	0.981
0.036	0.001	0.945	0.018
0.018	0.945	0.001	0.036
0.946	0.018	0.018	0.018
0.001	0.963	0.001	0.035
0.001	0.001	0.001	0.997
0.837	0.001	0.161	0.001
>ATTTGGACAGCG	15-ATTTGGACAGCG	11.329429	-28.355742	0	T:65.0(0.42%),B:7.7(0.05%),P:1e-12	Tpos:185.0,Tstd:61.7,Bpos:336.6,Bstd:194.2,StrandBias:-0.5,Multiplicity:1.00
0.520	0.231	0.142	0.107
0.120	0.080	0.229	0.571
0.009	0.194	0.198	0.599
0.059	0.018	0.125	0.798
0.009	0.001	0.983	0.007
0.016	0.115	0.864	0.005
0.788	0.116	0.047	0.049
0.218	0.549	0.220	0.013
0.951	0.001	0.001	0.047
0.018	0.005	0.973	0.004
0.258	0.492	0.189	0.062
0.374	0.009	0.544	0.073
>HCTTGAGAATGA	16-HCTTGAGAATGA	10.538404	-27.185982	0	T:148.0(0.95%),B:51.0(0.33%),P:1e-11	Tpos:223.6,Tstd:139.2,Bpos:574.1,Bstd:412.3,StrandBias:-0.4,Multiplicity:1.00
0.295	0.328	0.006	0.371
0.224	0.516	0.001	0.259
0.014	0.392	0.006	0.588
0.161	0.006	0.315	0.518
0.001	0.011	0.985	0.003
0.464	0.001	0.236	0.299
0.001	0.005	0.993	0.001
0.997	0.001	0.001	0.001
0.781	0.204	0.014	0.001
0.001	0.001	0.341	0.657
0.182	0.252	0.481	0.085
0.989	0.005	0.005	0.001
>GCCCYCTRGTGG	17-GCCCYCTRGTGG	11.743930	-25.718907	0	T:146.0(0.93%),B:51.0(0.33%),P:1e-11	Tpos:193.1,Tstd:76.4,Bpos:611.5,Bstd:216.6,StrandBias:0.7,Multiplicity:1.00
0.044	0.023	0.769	0.164
0.036	0.928	0.030	0.006
0.001	0.993	0.001	0.005
0.214	0.693	0.041	0.052
0.004	0.465	0.001	0.530
0.001	0.977	0.011	0.011
0.188	0.127	0.003	0.682
0.337	0.088	0.462	0.113
0.012	0.344	0.619	0.025
0.205	0.199	0.119	0.477
0.001	0.005	0.992	0.002
0.076	0.058	0.767	0.099
>GCTTTATATATC	18-GCTTTATATATC	11.230785	-24.067959	0	T:100.0(0.64%),B:27.1(0.18%),P:1e-10	Tpos:199.7,Tstd:114.6,Bpos:591.6,Bstd:209.3,StrandBias:-0.8,Multiplicity:1.01
0.055	0.061	0.883	0.001
0.001	0.861	0.015	0.123
0.015	0.015	0.001	0.969
0.015	0.001	0.015	0.969
0.001	0.001	0.001	0.997
0.968	0.001	0.030	0.001
0.001	0.015	0.015	0.969
0.955	0.015	0.029	0.001
0.001	0.045	0.001	0.953
0.940	0.015	0.015	0.030
0.001	0.015	0.046	0.938
0.008	0.943	0.008	0.041
>TGGAGACTTCAA	19-TGGAGACTTCAA	11.731908	-23.454195	0	T:93.0(0.60%),B:24.9(0.16%),P:1e-10	Tpos:206.3,Tstd:74.5,Bpos:562.6,Bstd:413.7,StrandBias:-0.1,Multiplicity:1.02
0.001	0.001	0.001	0.997
0.106	0.001	0.892	0.001
0.018	0.001	0.951	0.030
0.984	0.014	0.001	0.001
0.136	0.001	0.856	0.007
0.966	0.015	0.018	0.001
0.001	0.915	0.030	0.054
0.030	0.030	0.001	0.939
0.001	0.001	0.001	0.997
0.001	0.958	0.001	0.040
0.969	0.015	0.015	0.001
0.953	0.045	0.001	0.001
>NGCGCAGGCGCV	20-NGCGCAGGCGCV	12.575163	-21.214828	0	T:62.0(0.40%),B:11.2(0.07%),P:1e-9	Tpos:215.4,Tstd:130.1,Bpos:528.0,Bstd:373.3,StrandBias:0.3,Multiplicity:1.03
0.169	0.300	0.216	0.315
0.225	0.017	0.733	0.025
0.001	0.997	0.001	0.001
0.027	0.048	0.924	0.001
0.015	0.896	0.088	0.001
0.934	0.001	0.004	0.061
0.058	0.125	0.645	0.172
0.025	0.176	0.767	0.032
0.065	0.853	0.001	0.081
0.070	0.035	0.824	0.071
0.001	0.900	0.053	0.046
0.349	0.325	0.218	0.108
>ATTAGAGCTRAA	21-ATTAGAGCTRAA	10.034954	-18.841866	0	T:46.0(0.29%),B:7.0(0.05%),P:1e-8	Tpos:218.1,Tstd:85.0,Bpos:498.4,Bstd:174.9,StrandBias:-0.1,Multiplicity:1.00
0.478	0.217	0.280	0.024
0.195	0.193	0.118	0.493
0.034	0.055	0.059	0.852
0.599	0.277	0.079	0.045
0.220	0.219	0.400	0.160
0.669	0.013	0.259	0.059
0.217	0.025	0.726	0.032
0.043	0.579	0.045	0.333
0.040	0.019	0.327	0.614
0.486	0.021	0.476	0.017
0.803	0.025	0.031	0.141
0.716	0.026	0.241	0.017
>CGTCACTTCCGG	22-CGTCACTTCCGG	11.799371	-16.633627	0	T:88.0(0.56%),B:30.8(0.20%),P:1e-7	Tpos:227.2,Tstd:140.0,Bpos:627.8,Bstd:403.5,StrandBias:-0.3,Multiplicity:1.00
0.169	0.588	0.186	0.057
0.038	0.198	0.631	0.133
0.045	0.206	0.184	0.565
0.030	0.876	0.064	0.030
0.849	0.057	0.060	0.034
0.001	0.931	0.015	0.053
0.001	0.034	0.022	0.943
0.008	0.066	0.045	0.881
0.001	0.991	0.001	0.007
0.007	0.920	0.001	0.072
0.018	0.001	0.837	0.144
0.001	0.100	0.869	0.030
>GGGAATTGTAGT	23-GGGAATTGTAGT	10.152137	-8.370356	0	T:273.0(1.75%),B:194.9(1.26%),P:1e-3	Tpos:201.8,Tstd:139.1,Bpos:464.3,Bstd:379.8,StrandBias:0.1,Multiplicity:1.09
0.069	0.017	0.913	0.001
0.104	0.009	0.878	0.009
0.064	0.026	0.901	0.009
0.957	0.001	0.034	0.008
0.620	0.069	0.240	0.071
0.157	0.169	0.097	0.577
0.042	0.043	0.001	0.914
0.001	0.018	0.876	0.105
0.064	0.053	0.111	0.772
0.780	0.017	0.169	0.034
0.051	0.026	0.881	0.042
0.017	0.017	0.042	0.924
>TGCGCGCGCGCG	24-TGCGCGCGCGCG	12.330057	-1.995513	0	T:51.0(0.33%),B:39.5(0.26%),P:1e0	Tpos:232.2,Tstd:127.3,Bpos:511.5,Bstd:404.7,StrandBias:0.1,Multiplicity:1.04
0.086	0.093	0.054	0.767
0.029	0.074	0.861	0.036
0.063	0.842	0.028	0.067
0.025	0.048	0.880	0.047
0.029	0.876	0.027	0.068
0.081	0.082	0.787	0.050
0.048	0.787	0.051	0.114
0.064	0.039	0.838	0.059
0.054	0.839	0.050	0.057
0.049	0.067	0.815	0.069
0.035	0.873	0.043	0.049
0.038	0.074	0.838	0.050
>CNTTAGMGCTNT	25-CNTTAGMGCTNT	7.835115	-0.283294	0	T:1.0(0.01%),B:1.9(0.01%),P:1e0	Tpos:51.0,Tstd:0.0,Bpos:488.0,Bstd:0.0,StrandBias:10.0,Multiplicity:1.00
0.259	0.427	0.177	0.137
0.224	0.307	0.249	0.221
0.114	0.238	0.221	0.427
0.124	0.208	0.211	0.457
0.486	0.287	0.155	0.073
0.017	0.200	0.713	0.070
0.398	0.327	0.173	0.102
0.088	0.149	0.721	0.042
0.062	0.772	0.139	0.027
0.059	0.145	0.304	0.492
0.181	0.304	0.296	0.219
0.204	0.279	0.004	0.513
>GCTGTCCA	1-GCTGTCCA	7.121316	-1316.379325	0	T:5940.0(38.01%),B:2015.9(13.07%),P:1e-571	Tpos:208.1,Tstd:64.6,Bpos:489.0,Bstd:411.9,StrandBias:-0.1,Multiplicity:1.08
0.088	0.001	0.807	0.104
0.001	0.997	0.001	0.001
0.001	0.001	0.001	0.997
0.026	0.001	0.972	0.001
0.001	0.001	0.001	0.997
0.001	0.997	0.001	0.001
0.001	0.997	0.001	0.001
0.914	0.001	0.084	0.001
>GGACAGCG	2-GGACAGCG	9.318895	-1101.070855	0	T:5117.0(32.74%),B:1715.3(11.12%),P:1e-478	Tpos:211.8,Tstd:93.2,Bpos:518.8,Bstd:437.6,StrandBias:0.0,Multiplicity:1.06
0.001	0.001	0.997	0.001
0.025	0.001	0.973	0.001
0.979	0.019	0.001	0.001
0.012	0.924	0.059	0.005
0.979	0.019	0.001	0.001
0.001	0.001	0.997	0.001
0.001	0.845	0.091	0.063
0.258	0.011	0.497	0.235
>CTGTCCAK	3-CTGTCCAK	9.841740	-726.704494	0	T:3844.0(24.60%),B:1353.2(8.77%),P:1e-315	Tpos:209.1,Tstd:83.1,Bpos:505.6,Bstd:432.4,StrandBias:-0.1,Multiplicity:1.02
0.001	0.997	0.001	0.001
0.001	0.001	0.001	0.997
0.001	0.001	0.997	0.001
0.001	0.001	0.001	0.997
0.001	0.997	0.001	0.001
0.001	0.997	0.001	0.001
0.997	0.001	0.001	0.001
0.197	0.090	0.420	0.293
>GTGCTGAA	4-GTGCTGAA	10.798753	-498.347940	0	T:2037.0(13.04%),B:537.0(3.48%),P:1e-216	Tpos:208.4,Tstd:64.1,Bpos:514.8,Bstd:350.2,StrandBias:0.1,Multiplicity:1.04
0.001	0.001	0.997	0.001
0.001	0.001	0.001	0.997
0.055	0.096	0.848	0.001
0.001	0.997	0.001	0.001
0.001	0.001	0.001	0.997
0.001	0.001	0.997	0.001
0.997	0.001	0.001	0.001
0.897	0.101	0.001	0.001
>GGTGCTGA	5-GGTGCTGA	9.479545	-266.552594	0	T:2574.0(16.47%),B:1237.0(8.02%),P:1e-115	Tpos:213.6,Tstd:87.7,Bpos:525.5,Bstd:438.7,StrandBias:0.0,Multiplicity:1.04
0.039	0.003	0.932	0.026
0.001	0.001	0.997	0.001
0.001	0.001	0.001	0.997
0.230	0.227	0.422	0.121
0.001	0.997	0.001	0.001
0.001	0.004	0.008	0.987
0.010	0.001	0.981	0.008
0.971	0.010	0.001	0.018
>CTGTCCAA	6-CTGTCCAA	10.607316	-233.560343	0	T:1351.0(8.65%),B:469.9(3.05%),P:1e-101	Tpos:200.9,Tstd:101.5,Bpos:489.6,Bstd:434.4,StrandBias:0.8,Multiplicity:1.00
0.001	0.997	0.001	0.001
0.001	0.001	0.001	0.997
0.001	0.001	0.997	0.001
0.001	0.001	0.001	0.997
0.001	0.997	0.001	0.001
0.001	0.997	0.001	0.001
0.864	0.001	0.134	0.001
0.727	0.271	0.001	0.001
>AGGACAGC	7-AGGACAGC	3.749056	-182.930887	0	T:7765.0(49.69%),B:6018.8(39.03%),P:1e-79	Tpos:216.8,Tstd:125.1,Bpos:500.1,Bstd:431.3,StrandBias:-0.0,Multiplicity:1.13
0.660	0.001	0.334	0.005
0.001	0.001	0.997	0.001
0.001	0.001	0.997	0.001
0.997	0.001	0.001	0.001
0.001	0.997	0.001	0.001
0.997	0.001	0.001	0.001
0.001	0.001	0.997	0.001
0.001	0.740	0.005	0.254
>TCTCGCGA	8-TCTCGCGA	10.920857	-161.907788	0	T:337.0(2.16%),B:25.2(0.16%),P:1e-70	Tpos:223.4,Tstd:77.9,Bpos:549.5,Bstd:435.5,StrandBias:0.1,Multiplicity:1.13
0.001	0.001	0.001	0.997
0.099	0.899	0.001	0.001
0.001	0.001	0.042	0.956
0.001	0.997	0.001	0.001
0.001	0.001	0.997	0.001
0.001	0.997	0.001	0.001
0.001	0.001	0.997	0.001
0.997	0.001	0.001	0.001
>GHGCTGTC	9-GHGCTGTC	8.399083	-111.502943	0	T:678.0(4.34%),B:241.1(1.56%),P:1e-48	Tpos:215.1,Tstd:117.9,Bpos:521.0,Bstd:431.6,StrandBias:-0.0,Multiplicity:1.01
0.064	0.145	0.680	0.111
0.288	0.370	0.099	0.244
0.205	0.033	0.761	0.001
0.005	0.993	0.001	0.001
0.068	0.001	0.012	0.919
0.001	0.087	0.588	0.324
0.186	0.022	0.037	0.755
0.033	0.874	0.022	0.071
>TGGTGCTG	10-TGGTGCTG	10.396670	-76.539800	0	T:1824.0(11.67%),B:1176.1(7.63%),P:1e-33	Tpos:215.9,Tstd:109.7,Bpos:528.2,Bstd:405.2,StrandBias:0.1,Multiplicity:1.04
0.126	0.081	0.142	0.651
0.050	0.001	0.948	0.001
0.001	0.001	0.997	0.001
0.001	0.001	0.001	0.997
0.001	0.001	0.997	0.001
0.001	0.997	0.001	0.001
0.001	0.001	0.001	0.997
0.070	0.001	0.822	0.107
>TCAGYACT	11-TCAGYACT	7.155307	-15.437475	0	T:6780.0(43.39%),B:6252.7(40.54%),P:1e-6	Tpos:215.6,Tstd:111.8,Bpos:500.7,Bstd:418.0,StrandBias:-0.0,Multiplicity:1.18
0.099	0.001	0.245	0.655
0.157	0.841	0.001	0.001
0.958	0.040	0.001	0.001
0.001	0.001	0.997	0.001
0.180	0.347	0.191	0.281
0.997	0.001	0.001	0.001
0.082	0.916	0.001	0.001
0.001	0.387	0.001	0.611
>ATCAGCAC	12-ATCAGCAC	9.914159	-0.662216	0	T:555.0(3.55%),B:548.4(3.56%),P:1e0	Tpos:235.1,Tstd:124.5,Bpos:481.6,Bstd:394.3,StrandBias:0.0,Multiplicity:1.00
0.459	0.166	0.196	0.179
0.001	0.001	0.162	0.836
0.001	0.997	0.001	0.001
0.997	0.001	0.001	0.001
0.001	0.001	0.997	0.001
0.179	0.816	0.004	0.001
0.997	0.001	0.001	0.001
0.001	0.997	0.001	0.001
>HTNTHGCG	13-HTNTHGCG	4.937910	-0.652003	0	T:32.0(0.20%),B:31.7(0.21%),P:1e0	Tpos:196.3,Tstd:115.9,Bpos:491.8,Bstd:445.6,StrandBias:0.5,Multiplicity:1.00
0.263	0.295	0.139	0.303
0.137	0.156	0.243	0.464
0.193	0.261	0.211	0.336
0.001	0.267	0.262	0.471
0.255	0.346	0.130	0.269
0.001	0.329	0.669	0.001
0.075	0.734	0.190	0.001
0.181	0.001	0.563	0.255
>CGGAATTC	14-CGGAATTC	7.403578	-0.491478	0	T:203.0(1.30%),B:205.4(1.33%),P:1e0	Tpos:220.1,Tstd:124.3,Bpos:508.8,Bstd:494.6,StrandBias:0.1,Multiplicity:1.07
0.085	0.758	0.097	0.060
0.158	0.064	0.703	0.075
0.057	0.061	0.859	0.023
0.737	0.129	0.097	0.037
0.824	0.057	0.052	0.067
0.097	0.042	0.175	0.686
0.041	0.148	0.070	0.741
0.059	0.695	0.144	0.102
>CGGAGAGC	15-CGGAGAGC	6.983984	-0.336795	0	T:1406.0(9.00%),B:1415.4(9.18%),P:1e0	Tpos:219.2,Tstd:109.3,Bpos:506.3,Bstd:456.0,StrandBias:0.0,Multiplicity:1.05
0.001	0.971	0.001	0.027
0.001	0.001	0.997	0.001
0.001	0.001	0.997	0.001
0.997	0.001	0.001	0.001
0.377	0.001	0.621	0.001
0.997	0.001	0.001	0.001
0.001	0.001	0.997	0.001
0.001	0.997	0.001	0.001
>VCCGGAAG	16-VCCGGAAG	8.502682	-0.302548	0	T:447.0(2.86%),B:459.1(2.98%),P:1e0	Tpos:213.7,Tstd:131.4,Bpos:526.5,Bstd:482.0,StrandBias:-0.0,Multiplicity:1.09
0.281	0.228	0.324	0.168
0.047	0.620	0.332	0.001
0.001	0.997	0.001	0.001
0.001	0.001	0.997	0.001
0.131	0.001	0.867	0.001
0.946	0.001	0.001	0.052
0.997	0.001	0.001	0.001
0.351	0.117	0.531	0.001
>CATTTCCG	17-CATTTCCG	8.656372	-0.165439	0	T:128.0(0.82%),B:142.5(0.92%),P:1e0	Tpos:212.7,Tstd:115.9,Bpos:524.2,Bstd:374.0,StrandBias:0.2,Multiplicity:1.01
0.085	0.725	0.051	0.139
0.537	0.172	0.160	0.131
0.001	0.161	0.169	0.669
0.011	0.001	0.001	0.987
0.109	0.171	0.049	0.671
0.018	0.809	0.069	0.104
0.190	0.683	0.085	0.042
0.001	0.055	0.920	0.024
>AGCGCTCT	18-AGCGCTCT	8.864615	-0.011039	0	T:171.0(1.09%),B:212.1(1.38%),P:1e0	Tpos:205.1,Tstd:131.8,Bpos:504.7,Bstd:550.0,StrandBias:-0.2,Multiplicity:1.00
0.741	0.137	0.089	0.033
0.142	0.001	0.813	0.044
0.039	0.891	0.001	0.069
0.098	0.086	0.815	0.001
0.001	0.988	0.001	0.010
0.001	0.086	0.032	0.881
0.051	0.439	0.286	0.223
0.098	0.115	0.141	0.646
>CAGTTCCG	19-CAGTTCCG	7.618466	-0.000073	0	T:224.0(1.43%),B:306.7(1.99%),P:1e0	Tpos:224.0,Tstd:127.8,Bpos:493.3,Bstd:524.2,StrandBias:-0.2,Multiplicity:1.05
0.097	0.694	0.064	0.145
0.605	0.001	0.308	0.086
0.001	0.140	0.572	0.287
0.073	0.001	0.024	0.902
0.116	0.091	0.134	0.659
0.001	0.987	0.011	0.001
0.108	0.575	0.055	0.262
0.001	0.101	0.753	0.145
>GTACTGAS	20-GTACTGAS	9.439390	-0.000000	0	T:318.0(2.03%),B:447.4(2.90%),P:1e0	Tpos:233.7,Tstd:133.4,Bpos:453.5,Bstd:398.1,StrandBias:0.0,Multiplicity:1.00
0.001	0.001	0.997	0.001
0.001	0.001	0.001	0.997
0.445	0.278	0.277	0.001
0.001	0.997	0.001	0.001
0.001	0.001	0.001	0.997
0.001	0.001	0.997	0.001
0.997	0.001	0.001	0.001
0.001	0.554	0.439	0.006
>VGCWTTCC	21-VGCWTTCC	6.999453	-0.000000	0	T:202.0(1.29%),B:334.9(2.17%),P:1e0	Tpos:215.3,Tstd:120.4,Bpos:518.0,Bstd:460.9,StrandBias:-0.0,Multiplicity:1.01
0.291	0.320	0.271	0.117
0.349	0.134	0.516	0.001
0.334	0.509	0.156	0.001
0.485	0.001	0.001	0.513
0.049	0.164	0.001	0.786
0.001	0.001	0.069	0.929
0.001	0.816	0.135	0.048
0.199	0.651	0.001	0.149
>GGACAGAG	22-GGACAGAG	8.233342	-0.000000	0	T:2913.0(18.64%),B:3324.1(21.55%),P:1e0	Tpos:215.0,Tstd:114.8,Bpos:536.1,Bstd:439.3,StrandBias:0.1,Multiplicity:1.02
0.001	0.001	0.997	0.001
0.001	0.001	0.997	0.001
0.997	0.001	0.001	0.001
0.001	0.997	0.001	0.001
0.997	0.001	0.001	0.001
0.001	0.001	0.997	0.001
0.893	0.001	0.001	0.105
0.288	0.001	0.557	0.154
>CTCAGCAC	23-CTCAGCAC	10.192273	-0.000000	0	T:806.0(5.16%),B:1177.5(7.63%),P:1e0	Tpos:210.1,Tstd:123.7,Bpos:520.7,Bstd:402.7,StrandBias:-0.0,Multiplicity:1.00
0.210	0.697	0.092	0.001
0.001	0.001	0.071	0.927
0.001	0.997	0.001	0.001
0.997	0.001	0.001	0.001
0.001	0.001	0.997	0.001
0.065	0.640	0.149	0.146
0.997	0.001	0.001	0.001
0.001	0.997	0.001	0.001
>GKGGACAG	24-GKGGACAG	10.303604	-0.000000	0	T:1633.0(10.45%),B:2112.8(13.70%),P:1e0	Tpos:211.5,Tstd:137.2,Bpos:519.5,Bstd:465.9,StrandBias:0.1,Multiplicity:1.02
0.001	0.001	0.997	0.001
0.001	0.001	0.533	0.465
0.001	0.001	0.997	0.001
0.001	0.001	0.997	0.001
0.997	0.001	0.001	0.001
0.001	0.997	0.001	0.001
0.997	0.001	0.001	0.001
0.001	0.001	0.997	0.001
>GGACAGGG	25-GGACAGGG	10.141734	-0.000000	0	T:983.0(6.29%),B:1320.7(8.56%),P:1e0	Tpos:220.8,Tstd:104.5,Bpos:492.0,Bstd:485.5,StrandBias:0.4,Multiplicity:1.01
0.001	0.001	0.997	0.001
0.001	0.001	0.997	0.001
0.997	0.001	0.001	0.001
0.001	0.997	0.001	0.001
0.997	0.001	0.001	0.001
0.001	0.001	0.997	0.001
0.001	0.001	0.848	0.150
0.200	0.176	0.465	0.159
