>GCTGTCCADGGT	1-GCTGTCCADGGT	8.695246	-2052.371097	0	T:5894.0(37.72%),B:1254.6(8.14%),P:1e-891	Tpos:206.6,Tstd:55.2,Bpos:502.9,Bstd:428.5,StrandBias:-0.0,Multiplicity:1.06
0.180	0.077	0.541	0.202
0.001	0.997	0.001	0.001
0.001	0.001	0.001	0.997
0.035	0.104	0.851	0.010
0.021	0.001	0.046	0.932
0.001	0.997	0.001	0.001
0.001	0.997	0.001	0.001
0.703	0.075	0.079	0.143
0.254	0.116	0.339	0.291
0.111	0.265	0.479	0.145
0.176	0.105	0.615	0.104
0.084	0.232	0.130	0.554
>TGGACAGCTCCC	2-TGGACAGCTCCC	9.598684	-1749.807669	0	T:3887.0(24.87%),B:456.6(2.96%),P:1e-759	Tpos:208.1,Tstd:62.6,Bpos:503.0,Bstd:387.0,StrandBias:0.0,Multiplicity:1.03
0.144	0.114	0.114	0.628
0.030	0.006	0.951	0.013
0.023	0.018	0.943	0.016
0.850	0.073	0.027	0.050
0.034	0.741	0.178	0.047
0.971	0.002	0.015	0.012
0.016	0.018	0.955	0.011
0.098	0.691	0.085	0.126
0.256	0.015	0.268	0.461
0.089	0.689	0.192	0.030
0.035	0.803	0.010	0.152
0.212	0.472	0.074	0.242
>CAGSACCATGGA	3-CAGSACCATGGA	10.583745	-868.056475	0	T:2285.0(14.62%),B:337.2(2.19%),P:1e-376	Tpos:204.4,Tstd:76.7,Bpos:497.4,Bstd:619.3,StrandBias:0.1,Multiplicity:1.01
0.144	0.810	0.025	0.021
0.997	0.001	0.001	0.001
0.001	0.001	0.997	0.001
0.145	0.340	0.396	0.118
0.983	0.001	0.006	0.010
0.001	0.997	0.001	0.001
0.009	0.877	0.001	0.113
0.535	0.243	0.001	0.221
0.239	0.122	0.108	0.531
0.001	0.001	0.997	0.001
0.039	0.038	0.922	0.001
0.698	0.185	0.022	0.095
>CCNTGGTGCTGA	4-CCNTGGTGCTGA	11.097029	-783.300859	0	T:1676.0(10.73%),B:148.3(0.96%),P:1e-340	Tpos:210.2,Tstd:60.5,Bpos:531.9,Bstd:486.3,StrandBias:0.1,Multiplicity:1.02
0.046	0.661	0.082	0.211
0.075	0.686	0.091	0.148
0.314	0.245	0.253	0.188
0.331	0.070	0.100	0.499
0.001	0.001	0.997	0.001
0.001	0.001	0.997	0.001
0.001	0.001	0.001	0.997
0.071	0.113	0.751	0.065
0.001	0.997	0.001	0.001
0.001	0.001	0.001	0.997
0.001	0.001	0.997	0.001
0.867	0.051	0.081	0.001
>NDGGTGCTGAAD	5-NDGGTGCTGAAD	9.785487	-666.973110	0	T:2260.0(14.46%),B:487.7(3.16%),P:1e-289	Tpos:206.1,Tstd:68.7,Bpos:498.2,Bstd:345.5,StrandBias:0.1,Multiplicity:1.02
0.227	0.256	0.294	0.223
0.257	0.155	0.262	0.326
0.352	0.001	0.632	0.015
0.001	0.001	0.997	0.001
0.001	0.001	0.001	0.997
0.021	0.163	0.803	0.013
0.001	0.997	0.001	0.001
0.001	0.001	0.001	0.997
0.001	0.001	0.997	0.001
0.994	0.001	0.004	0.001
0.981	0.011	0.001	0.007
0.329	0.122	0.328	0.220
>CTCTCCATGGTA	6-CTCTCCATGGTA	10.790606	-258.692523	0	T:651.0(4.17%),B:80.9(0.52%),P:1e-112	Tpos:204.7,Tstd:90.0,Bpos:506.2,Bstd:354.0,StrandBias:-0.1,Multiplicity:1.00
0.001	0.954	0.001	0.044
0.001	0.089	0.001	0.909
0.112	0.827	0.001	0.060
0.001	0.001	0.001	0.997
0.001	0.997	0.001	0.001
0.001	0.997	0.001	0.001
0.708	0.027	0.203	0.062
0.241	0.001	0.001	0.757
0.001	0.001	0.997	0.001
0.001	0.001	0.997	0.001
0.001	0.001	0.001	0.997
0.703	0.084	0.212	0.001
>WNCGCTGTCCND	7-WNCGCTGTCCND	6.873286	-248.799591	0	T:1059.0(6.78%),B:281.7(1.83%),P:1e-108	Tpos:212.3,Tstd:95.0,Bpos:487.5,Bstd:452.6,StrandBias:-0.3,Multiplicity:1.01
0.367	0.202	0.185	0.246
0.178	0.257	0.314	0.251
0.109	0.781	0.045	0.065
0.094	0.064	0.780	0.062
0.112	0.616	0.103	0.169
0.105	0.165	0.209	0.521
0.173	0.100	0.591	0.136
0.156	0.105	0.097	0.642
0.195	0.571	0.099	0.135
0.112	0.612	0.177	0.099
0.186	0.268	0.299	0.247
0.269	0.160	0.254	0.316
>TCTCGCGAGANY	8-TCTCGCGAGANY	9.831272	-175.578057	0	T:317.0(2.03%),B:13.1(0.08%),P:1e-76	Tpos:224.6,Tstd:78.7,Bpos:441.7,Bstd:554.8,StrandBias:-0.0,Multiplicity:1.13
0.022	0.110	0.071	0.797
0.097	0.857	0.045	0.001
0.015	0.078	0.049	0.858
0.001	0.988	0.010	0.001
0.004	0.015	0.974	0.007
0.004	0.985	0.004	0.007
0.003	0.011	0.985	0.001
0.892	0.041	0.056	0.011
0.001	0.060	0.842	0.097
0.779	0.082	0.120	0.019
0.236	0.286	0.260	0.218
0.087	0.429	0.206	0.279
>TGCTGGACAGAG	9-TGCTGGACAGAG	11.901708	-130.085957	0	T:439.0(2.81%),B:88.6(0.57%),P:1e-56	Tpos:213.5,Tstd:74.6,Bpos:380.1,Bstd:454.9,StrandBias:0.4,Multiplicity:1.02
0.323	0.001	0.162	0.514
0.001	0.001	0.997	0.001
0.002	0.842	0.001	0.155
0.001	0.030	0.030	0.939
0.001	0.001	0.997	0.001
0.001	0.001	0.997	0.001
0.892	0.106	0.001	0.001
0.001	0.937	0.001	0.061
0.812	0.062	0.063	0.063
0.001	0.001	0.968	0.030
0.702	0.001	0.296	0.001
0.063	0.001	0.620	0.316
>TCCAAGTGCTGA	10-TCCAAGTGCTGA	12.224025	-48.924303	0	T:159.0(1.02%),B:31.5(0.20%),P:1e-21	Tpos:203.7,Tstd:96.8,Bpos:546.0,Bstd:338.3,StrandBias:0.0,Multiplicity:1.00
0.061	0.110	0.073	0.756
0.011	0.786	0.076	0.127
0.001	0.986	0.001	0.012
0.747	0.155	0.005	0.093
0.571	0.058	0.200	0.171
0.151	0.240	0.555	0.054
0.023	0.001	0.036	0.940
0.041	0.110	0.838	0.011
0.016	0.916	0.001	0.067
0.013	0.001	0.001	0.985
0.056	0.001	0.927	0.016
0.822	0.046	0.094	0.038
>GCCCCCTGGTGG	11-GCCCCCTGGTGG	12.129871	-34.879675	0	T:170.0(1.09%),B:52.7(0.34%),P:1e-15	Tpos:204.2,Tstd:80.2,Bpos:597.6,Bstd:433.3,StrandBias:-0.1,Multiplicity:1.01
0.087	0.021	0.782	0.110
0.067	0.853	0.038	0.042
0.001	0.997	0.001	0.001
0.245	0.595	0.082	0.078
0.001	0.626	0.001	0.372
0.001	0.937	0.001	0.061
0.143	0.083	0.001	0.773
0.210	0.062	0.509	0.219
0.011	0.382	0.580	0.027
0.235	0.166	0.052	0.547
0.003	0.003	0.993	0.001
0.001	0.001	0.981	0.017
>AAGATGGCGGCG	12-AAGATGGCGGCG	10.443695	-31.179625	0	T:260.0(1.66%),B:114.2(0.74%),P:1e-13	Tpos:210.4,Tstd:107.6,Bpos:566.5,Bstd:400.5,StrandBias:0.2,Multiplicity:1.02
0.949	0.001	0.038	0.012
0.835	0.006	0.075	0.084
0.211	0.276	0.489	0.024
0.839	0.001	0.118	0.042
0.127	0.001	0.084	0.788
0.005	0.001	0.993	0.001
0.001	0.041	0.957	0.001
0.001	0.992	0.001	0.006
0.035	0.001	0.731	0.233
0.140	0.125	0.681	0.054
0.188	0.493	0.139	0.180
0.096	0.251	0.464	0.188
>GCTGGCCAGCAC	13-GCTGGCCAGCAC	12.653277	-31.125251	0	T:147.0(0.94%),B:44.1(0.29%),P:1e-13	Tpos:212.9,Tstd:52.5,Bpos:448.6,Bstd:462.3,StrandBias:0.0,Multiplicity:1.00
0.001	0.001	0.934	0.064
0.001	0.997	0.001	0.001
0.001	0.001	0.001	0.997
0.001	0.001	0.997	0.001
0.092	0.001	0.906	0.001
0.001	0.717	0.001	0.281
0.001	0.997	0.001	0.001
0.997	0.001	0.001	0.001
0.001	0.001	0.997	0.001
0.001	0.997	0.001	0.001
0.566	0.001	0.276	0.157
0.157	0.546	0.296	0.001
>TAATCTGCACTA	14-TAATCTGCACTA	11.956402	-29.721056	0	T:70.0(0.45%),B:8.1(0.05%),P:1e-12	Tpos:209.4,Tstd:58.0,Bpos:544.8,Bstd:168.0,StrandBias:0.4,Multiplicity:1.00
0.001	0.009	0.018	0.972
0.963	0.001	0.018	0.018
0.981	0.001	0.017	0.001
0.018	0.036	0.036	0.910
0.018	0.963	0.018	0.001
0.001	0.001	0.017	0.981
0.036	0.001	0.945	0.018
0.018	0.945	0.001	0.036
0.946	0.018	0.018	0.018
0.001	0.963	0.001	0.035
0.001	0.001	0.001	0.997
0.837	0.001	0.161	0.001
>ATTTGGACAGCG	15-ATTTGGACAGCG	11.329429	-28.355742	0	T:65.0(0.42%),B:7.7(0.05%),P:1e-12	Tpos:185.0,Tstd:61.7,Bpos:336.6,Bstd:194.2,StrandBias:-0.5,Multiplicity:1.00
0.520	0.231	0.142	0.107
0.120	0.080	0.229	0.571
0.009	0.194	0.198	0.599
0.059	0.018	0.125	0.798
0.009	0.001	0.983	0.007
0.016	0.115	0.864	0.005
0.788	0.116	0.047	0.049
0.218	0.549	0.220	0.013
0.951	0.001	0.001	0.047
0.018	0.005	0.973	0.004
0.258	0.492	0.189	0.062
0.374	0.009	0.544	0.073
>HCTTGAGAATGA	16-HCTTGAGAATGA	10.538404	-27.185982	0	T:148.0(0.95%),B:51.0(0.33%),P:1e-11	Tpos:223.6,Tstd:139.2,Bpos:574.1,Bstd:412.3,StrandBias:-0.4,Multiplicity:1.00
0.295	0.328	0.006	0.371
0.224	0.516	0.001	0.259
0.014	0.392	0.006	0.588
0.161	0.006	0.315	0.518
0.001	0.011	0.985	0.003
0.464	0.001	0.236	0.299
0.001	0.005	0.993	0.001
0.997	0.001	0.001	0.001
0.781	0.204	0.014	0.001
0.001	0.001	0.341	0.657
0.182	0.252	0.481	0.085
0.989	0.005	0.005	0.001
>GCCCYCTRGTGG	17-GCCCYCTRGTGG	11.743930	-25.718907	0	T:146.0(0.93%),B:51.0(0.33%),P:1e-11	Tpos:193.1,Tstd:76.4,Bpos:611.5,Bstd:216.6,StrandBias:0.7,Multiplicity:1.00
0.044	0.023	0.769	0.164
0.036	0.928	0.030	0.006
0.001	0.993	0.001	0.005
0.214	0.693	0.041	0.052
0.004	0.465	0.001	0.530
0.001	0.977	0.011	0.011
0.188	0.127	0.003	0.682
0.337	0.088	0.462	0.113
0.012	0.344	0.619	0.025
0.205	0.199	0.119	0.477
0.001	0.005	0.992	0.002
0.076	0.058	0.767	0.099
>GCTTTATATATC	18-GCTTTATATATC	11.230785	-24.067959	0	T:100.0(0.64%),B:27.1(0.18%),P:1e-10	Tpos:199.7,Tstd:114.6,Bpos:591.6,Bstd:209.3,StrandBias:-0.8,Multiplicity:1.01
0.055	0.061	0.883	0.001
0.001	0.861	0.015	0.123
0.015	0.015	0.001	0.969
0.015	0.001	0.015	0.969
0.001	0.001	0.001	0.997
0.968	0.001	0.030	0.001
0.001	0.015	0.015	0.969
0.955	0.015	0.029	0.001
0.001	0.045	0.001	0.953
0.940	0.015	0.015	0.030
0.001	0.015	0.046	0.938
0.008	0.943	0.008	0.041
>TGGAGACTTCAA	19-TGGAGACTTCAA	11.731908	-23.454195	0	T:93.0(0.60%),B:24.9(0.16%),P:1e-10	Tpos:206.3,Tstd:74.5,Bpos:562.6,Bstd:413.7,StrandBias:-0.1,Multiplicity:1.02
0.001	0.001	0.001	0.997
0.106	0.001	0.892	0.001
0.018	0.001	0.951	0.030
0.984	0.014	0.001	0.001
0.136	0.001	0.856	0.007
0.966	0.015	0.018	0.001
0.001	0.915	0.030	0.054
0.030	0.030	0.001	0.939
0.001	0.001	0.001	0.997
0.001	0.958	0.001	0.040
0.969	0.015	0.015	0.001
0.953	0.045	0.001	0.001
>NGCGCAGGCGCV	20-NGCGCAGGCGCV	12.575163	-21.214828	0	T:62.0(0.40%),B:11.2(0.07%),P:1e-9	Tpos:215.4,Tstd:130.1,Bpos:528.0,Bstd:373.3,StrandBias:0.3,Multiplicity:1.03
0.169	0.300	0.216	0.315
0.225	0.017	0.733	0.025
0.001	0.997	0.001	0.001
0.027	0.048	0.924	0.001
0.015	0.896	0.088	0.001
0.934	0.001	0.004	0.061
0.058	0.125	0.645	0.172
0.025	0.176	0.767	0.032
0.065	0.853	0.001	0.081
0.070	0.035	0.824	0.071
0.001	0.900	0.053	0.046
0.349	0.325	0.218	0.108
>ATTAGAGCTRAA	21-ATTAGAGCTRAA	10.034954	-18.841866	0	T:46.0(0.29%),B:7.0(0.05%),P:1e-8	Tpos:218.1,Tstd:85.0,Bpos:498.4,Bstd:174.9,StrandBias:-0.1,Multiplicity:1.00
0.478	0.217	0.280	0.024
0.195	0.193	0.118	0.493
0.034	0.055	0.059	0.852
0.599	0.277	0.079	0.045
0.220	0.219	0.400	0.160
0.669	0.013	0.259	0.059
0.217	0.025	0.726	0.032
0.043	0.579	0.045	0.333
0.040	0.019	0.327	0.614
0.486	0.021	0.476	0.017
0.803	0.025	0.031	0.141
0.716	0.026	0.241	0.017
>CGTCACTTCCGG	22-CGTCACTTCCGG	11.799371	-16.633627	0	T:88.0(0.56%),B:30.8(0.20%),P:1e-7	Tpos:227.2,Tstd:140.0,Bpos:627.8,Bstd:403.5,StrandBias:-0.3,Multiplicity:1.00
0.169	0.588	0.186	0.057
0.038	0.198	0.631	0.133
0.045	0.206	0.184	0.565
0.030	0.876	0.064	0.030
0.849	0.057	0.060	0.034
0.001	0.931	0.015	0.053
0.001	0.034	0.022	0.943
0.008	0.066	0.045	0.881
0.001	0.991	0.001	0.007
0.007	0.920	0.001	0.072
0.018	0.001	0.837	0.144
0.001	0.100	0.869	0.030
>GGGAATTGTAGT	23-GGGAATTGTAGT	10.152137	-8.370356	0	T:273.0(1.75%),B:194.9(1.26%),P:1e-3	Tpos:201.8,Tstd:139.1,Bpos:464.3,Bstd:379.8,StrandBias:0.1,Multiplicity:1.09
0.069	0.017	0.913	0.001
0.104	0.009	0.878	0.009
0.064	0.026	0.901	0.009
0.957	0.001	0.034	0.008
0.620	0.069	0.240	0.071
0.157	0.169	0.097	0.577
0.042	0.043	0.001	0.914
0.001	0.018	0.876	0.105
0.064	0.053	0.111	0.772
0.780	0.017	0.169	0.034
0.051	0.026	0.881	0.042
0.017	0.017	0.042	0.924
>TGCGCGCGCGCG	24-TGCGCGCGCGCG	12.330057	-1.995513	0	T:51.0(0.33%),B:39.5(0.26%),P:1e0	Tpos:232.2,Tstd:127.3,Bpos:511.5,Bstd:404.7,StrandBias:0.1,Multiplicity:1.04
0.086	0.093	0.054	0.767
0.029	0.074	0.861	0.036
0.063	0.842	0.028	0.067
0.025	0.048	0.880	0.047
0.029	0.876	0.027	0.068
0.081	0.082	0.787	0.050
0.048	0.787	0.051	0.114
0.064	0.039	0.838	0.059
0.054	0.839	0.050	0.057
0.049	0.067	0.815	0.069
0.035	0.873	0.043	0.049
0.038	0.074	0.838	0.050
>CNTTAGMGCTNT	25-CNTTAGMGCTNT	7.835115	-0.283294	0	T:1.0(0.01%),B:1.9(0.01%),P:1e0	Tpos:51.0,Tstd:0.0,Bpos:488.0,Bstd:0.0,StrandBias:10.0,Multiplicity:1.00
0.259	0.427	0.177	0.137
0.224	0.307	0.249	0.221
0.114	0.238	0.221	0.427
0.124	0.208	0.211	0.457
0.486	0.287	0.155	0.073
0.017	0.200	0.713	0.070
0.398	0.327	0.173	0.102
0.088	0.149	0.721	0.042
0.062	0.772	0.139	0.027
0.059	0.145	0.304	0.492
0.181	0.304	0.296	0.219
0.204	0.279	0.004	0.513
