>GCTGTCCA	1-GCTGTCCA	7.121316	-1316.379325	0	T:5940.0(38.01%),B:2015.9(13.07%),P:1e-571	Tpos:208.1,Tstd:64.6,Bpos:489.0,Bstd:411.9,StrandBias:-0.1,Multiplicity:1.08
0.088	0.001	0.807	0.104
0.001	0.997	0.001	0.001
0.001	0.001	0.001	0.997
0.026	0.001	0.972	0.001
0.001	0.001	0.001	0.997
0.001	0.997	0.001	0.001
0.001	0.997	0.001	0.001
0.914	0.001	0.084	0.001
>GGACAGCG	2-GGACAGCG	9.318895	-1101.070855	0	T:5117.0(32.74%),B:1715.3(11.12%),P:1e-478	Tpos:211.8,Tstd:93.2,Bpos:518.8,Bstd:437.6,StrandBias:0.0,Multiplicity:1.06
0.001	0.001	0.997	0.001
0.025	0.001	0.973	0.001
0.979	0.019	0.001	0.001
0.012	0.924	0.059	0.005
0.979	0.019	0.001	0.001
0.001	0.001	0.997	0.001
0.001	0.845	0.091	0.063
0.258	0.011	0.497	0.235
>CTGTCCAK	3-CTGTCCAK	9.841740	-726.704494	0	T:3844.0(24.60%),B:1353.2(8.77%),P:1e-315	Tpos:209.1,Tstd:83.1,Bpos:505.6,Bstd:432.4,StrandBias:-0.1,Multiplicity:1.02
0.001	0.997	0.001	0.001
0.001	0.001	0.001	0.997
0.001	0.001	0.997	0.001
0.001	0.001	0.001	0.997
0.001	0.997	0.001	0.001
0.001	0.997	0.001	0.001
0.997	0.001	0.001	0.001
0.197	0.090	0.420	0.293
>GTGCTGAA	4-GTGCTGAA	10.798753	-498.347940	0	T:2037.0(13.04%),B:537.0(3.48%),P:1e-216	Tpos:208.4,Tstd:64.1,Bpos:514.8,Bstd:350.2,StrandBias:0.1,Multiplicity:1.04
0.001	0.001	0.997	0.001
0.001	0.001	0.001	0.997
0.055	0.096	0.848	0.001
0.001	0.997	0.001	0.001
0.001	0.001	0.001	0.997
0.001	0.001	0.997	0.001
0.997	0.001	0.001	0.001
0.897	0.101	0.001	0.001
>GGTGCTGA	5-GGTGCTGA	9.479545	-266.552594	0	T:2574.0(16.47%),B:1237.0(8.02%),P:1e-115	Tpos:213.6,Tstd:87.7,Bpos:525.5,Bstd:438.7,StrandBias:0.0,Multiplicity:1.04
0.039	0.003	0.932	0.026
0.001	0.001	0.997	0.001
0.001	0.001	0.001	0.997
0.230	0.227	0.422	0.121
0.001	0.997	0.001	0.001
0.001	0.004	0.008	0.987
0.010	0.001	0.981	0.008
0.971	0.010	0.001	0.018
>CTGTCCAA	6-CTGTCCAA	10.607316	-233.560343	0	T:1351.0(8.65%),B:469.9(3.05%),P:1e-101	Tpos:200.9,Tstd:101.5,Bpos:489.6,Bstd:434.4,StrandBias:0.8,Multiplicity:1.00
0.001	0.997	0.001	0.001
0.001	0.001	0.001	0.997
0.001	0.001	0.997	0.001
0.001	0.001	0.001	0.997
0.001	0.997	0.001	0.001
0.001	0.997	0.001	0.001
0.864	0.001	0.134	0.001
0.727	0.271	0.001	0.001
>AGGACAGC	7-AGGACAGC	3.749056	-182.930887	0	T:7765.0(49.69%),B:6018.8(39.03%),P:1e-79	Tpos:216.8,Tstd:125.1,Bpos:500.1,Bstd:431.3,StrandBias:-0.0,Multiplicity:1.13
0.660	0.001	0.334	0.005
0.001	0.001	0.997	0.001
0.001	0.001	0.997	0.001
0.997	0.001	0.001	0.001
0.001	0.997	0.001	0.001
0.997	0.001	0.001	0.001
0.001	0.001	0.997	0.001
0.001	0.740	0.005	0.254
>TCTCGCGA	8-TCTCGCGA	10.920857	-161.907788	0	T:337.0(2.16%),B:25.2(0.16%),P:1e-70	Tpos:223.4,Tstd:77.9,Bpos:549.5,Bstd:435.5,StrandBias:0.1,Multiplicity:1.13
0.001	0.001	0.001	0.997
0.099	0.899	0.001	0.001
0.001	0.001	0.042	0.956
0.001	0.997	0.001	0.001
0.001	0.001	0.997	0.001
0.001	0.997	0.001	0.001
0.001	0.001	0.997	0.001
0.997	0.001	0.001	0.001
>GHGCTGTC	9-GHGCTGTC	8.399083	-111.502943	0	T:678.0(4.34%),B:241.1(1.56%),P:1e-48	Tpos:215.1,Tstd:117.9,Bpos:521.0,Bstd:431.6,StrandBias:-0.0,Multiplicity:1.01
0.064	0.145	0.680	0.111
0.288	0.370	0.099	0.244
0.205	0.033	0.761	0.001
0.005	0.993	0.001	0.001
0.068	0.001	0.012	0.919
0.001	0.087	0.588	0.324
0.186	0.022	0.037	0.755
0.033	0.874	0.022	0.071
>TGGTGCTG	10-TGGTGCTG	10.396670	-76.539800	0	T:1824.0(11.67%),B:1176.1(7.63%),P:1e-33	Tpos:215.9,Tstd:109.7,Bpos:528.2,Bstd:405.2,StrandBias:0.1,Multiplicity:1.04
0.126	0.081	0.142	0.651
0.050	0.001	0.948	0.001
0.001	0.001	0.997	0.001
0.001	0.001	0.001	0.997
0.001	0.001	0.997	0.001
0.001	0.997	0.001	0.001
0.001	0.001	0.001	0.997
0.070	0.001	0.822	0.107
>TCAGYACT	11-TCAGYACT	7.155307	-15.437475	0	T:6780.0(43.39%),B:6252.7(40.54%),P:1e-6	Tpos:215.6,Tstd:111.8,Bpos:500.7,Bstd:418.0,StrandBias:-0.0,Multiplicity:1.18
0.099	0.001	0.245	0.655
0.157	0.841	0.001	0.001
0.958	0.040	0.001	0.001
0.001	0.001	0.997	0.001
0.180	0.347	0.191	0.281
0.997	0.001	0.001	0.001
0.082	0.916	0.001	0.001
0.001	0.387	0.001	0.611
>ATCAGCAC	12-ATCAGCAC	9.914159	-0.662216	0	T:555.0(3.55%),B:548.4(3.56%),P:1e0	Tpos:235.1,Tstd:124.5,Bpos:481.6,Bstd:394.3,StrandBias:0.0,Multiplicity:1.00
0.459	0.166	0.196	0.179
0.001	0.001	0.162	0.836
0.001	0.997	0.001	0.001
0.997	0.001	0.001	0.001
0.001	0.001	0.997	0.001
0.179	0.816	0.004	0.001
0.997	0.001	0.001	0.001
0.001	0.997	0.001	0.001
>HTNTHGCG	13-HTNTHGCG	4.937910	-0.652003	0	T:32.0(0.20%),B:31.7(0.21%),P:1e0	Tpos:196.3,Tstd:115.9,Bpos:491.8,Bstd:445.6,StrandBias:0.5,Multiplicity:1.00
0.263	0.295	0.139	0.303
0.137	0.156	0.243	0.464
0.193	0.261	0.211	0.336
0.001	0.267	0.262	0.471
0.255	0.346	0.130	0.269
0.001	0.329	0.669	0.001
0.075	0.734	0.190	0.001
0.181	0.001	0.563	0.255
>CGGAATTC	14-CGGAATTC	7.403578	-0.491478	0	T:203.0(1.30%),B:205.4(1.33%),P:1e0	Tpos:220.1,Tstd:124.3,Bpos:508.8,Bstd:494.6,StrandBias:0.1,Multiplicity:1.07
0.085	0.758	0.097	0.060
0.158	0.064	0.703	0.075
0.057	0.061	0.859	0.023
0.737	0.129	0.097	0.037
0.824	0.057	0.052	0.067
0.097	0.042	0.175	0.686
0.041	0.148	0.070	0.741
0.059	0.695	0.144	0.102
>CGGAGAGC	15-CGGAGAGC	6.983984	-0.336795	0	T:1406.0(9.00%),B:1415.4(9.18%),P:1e0	Tpos:219.2,Tstd:109.3,Bpos:506.3,Bstd:456.0,StrandBias:0.0,Multiplicity:1.05
0.001	0.971	0.001	0.027
0.001	0.001	0.997	0.001
0.001	0.001	0.997	0.001
0.997	0.001	0.001	0.001
0.377	0.001	0.621	0.001
0.997	0.001	0.001	0.001
0.001	0.001	0.997	0.001
0.001	0.997	0.001	0.001
>VCCGGAAG	16-VCCGGAAG	8.502682	-0.302548	0	T:447.0(2.86%),B:459.1(2.98%),P:1e0	Tpos:213.7,Tstd:131.4,Bpos:526.5,Bstd:482.0,StrandBias:-0.0,Multiplicity:1.09
0.281	0.228	0.324	0.168
0.047	0.620	0.332	0.001
0.001	0.997	0.001	0.001
0.001	0.001	0.997	0.001
0.131	0.001	0.867	0.001
0.946	0.001	0.001	0.052
0.997	0.001	0.001	0.001
0.351	0.117	0.531	0.001
>CATTTCCG	17-CATTTCCG	8.656372	-0.165439	0	T:128.0(0.82%),B:142.5(0.92%),P:1e0	Tpos:212.7,Tstd:115.9,Bpos:524.2,Bstd:374.0,StrandBias:0.2,Multiplicity:1.01
0.085	0.725	0.051	0.139
0.537	0.172	0.160	0.131
0.001	0.161	0.169	0.669
0.011	0.001	0.001	0.987
0.109	0.171	0.049	0.671
0.018	0.809	0.069	0.104
0.190	0.683	0.085	0.042
0.001	0.055	0.920	0.024
>AGCGCTCT	18-AGCGCTCT	8.864615	-0.011039	0	T:171.0(1.09%),B:212.1(1.38%),P:1e0	Tpos:205.1,Tstd:131.8,Bpos:504.7,Bstd:550.0,StrandBias:-0.2,Multiplicity:1.00
0.741	0.137	0.089	0.033
0.142	0.001	0.813	0.044
0.039	0.891	0.001	0.069
0.098	0.086	0.815	0.001
0.001	0.988	0.001	0.010
0.001	0.086	0.032	0.881
0.051	0.439	0.286	0.223
0.098	0.115	0.141	0.646
>CAGTTCCG	19-CAGTTCCG	7.618466	-0.000073	0	T:224.0(1.43%),B:306.7(1.99%),P:1e0	Tpos:224.0,Tstd:127.8,Bpos:493.3,Bstd:524.2,StrandBias:-0.2,Multiplicity:1.05
0.097	0.694	0.064	0.145
0.605	0.001	0.308	0.086
0.001	0.140	0.572	0.287
0.073	0.001	0.024	0.902
0.116	0.091	0.134	0.659
0.001	0.987	0.011	0.001
0.108	0.575	0.055	0.262
0.001	0.101	0.753	0.145
>GTACTGAS	20-GTACTGAS	9.439390	-0.000000	0	T:318.0(2.03%),B:447.4(2.90%),P:1e0	Tpos:233.7,Tstd:133.4,Bpos:453.5,Bstd:398.1,StrandBias:0.0,Multiplicity:1.00
0.001	0.001	0.997	0.001
0.001	0.001	0.001	0.997
0.445	0.278	0.277	0.001
0.001	0.997	0.001	0.001
0.001	0.001	0.001	0.997
0.001	0.001	0.997	0.001
0.997	0.001	0.001	0.001
0.001	0.554	0.439	0.006
>VGCWTTCC	21-VGCWTTCC	6.999453	-0.000000	0	T:202.0(1.29%),B:334.9(2.17%),P:1e0	Tpos:215.3,Tstd:120.4,Bpos:518.0,Bstd:460.9,StrandBias:-0.0,Multiplicity:1.01
0.291	0.320	0.271	0.117
0.349	0.134	0.516	0.001
0.334	0.509	0.156	0.001
0.485	0.001	0.001	0.513
0.049	0.164	0.001	0.786
0.001	0.001	0.069	0.929
0.001	0.816	0.135	0.048
0.199	0.651	0.001	0.149
>GGACAGAG	22-GGACAGAG	8.233342	-0.000000	0	T:2913.0(18.64%),B:3324.1(21.55%),P:1e0	Tpos:215.0,Tstd:114.8,Bpos:536.1,Bstd:439.3,StrandBias:0.1,Multiplicity:1.02
0.001	0.001	0.997	0.001
0.001	0.001	0.997	0.001
0.997	0.001	0.001	0.001
0.001	0.997	0.001	0.001
0.997	0.001	0.001	0.001
0.001	0.001	0.997	0.001
0.893	0.001	0.001	0.105
0.288	0.001	0.557	0.154
>CTCAGCAC	23-CTCAGCAC	10.192273	-0.000000	0	T:806.0(5.16%),B:1177.5(7.63%),P:1e0	Tpos:210.1,Tstd:123.7,Bpos:520.7,Bstd:402.7,StrandBias:-0.0,Multiplicity:1.00
0.210	0.697	0.092	0.001
0.001	0.001	0.071	0.927
0.001	0.997	0.001	0.001
0.997	0.001	0.001	0.001
0.001	0.001	0.997	0.001
0.065	0.640	0.149	0.146
0.997	0.001	0.001	0.001
0.001	0.997	0.001	0.001
>GKGGACAG	24-GKGGACAG	10.303604	-0.000000	0	T:1633.0(10.45%),B:2112.8(13.70%),P:1e0	Tpos:211.5,Tstd:137.2,Bpos:519.5,Bstd:465.9,StrandBias:0.1,Multiplicity:1.02
0.001	0.001	0.997	0.001
0.001	0.001	0.533	0.465
0.001	0.001	0.997	0.001
0.001	0.001	0.997	0.001
0.997	0.001	0.001	0.001
0.001	0.997	0.001	0.001
0.997	0.001	0.001	0.001
0.001	0.001	0.997	0.001
>GGACAGGG	25-GGACAGGG	10.141734	-0.000000	0	T:983.0(6.29%),B:1320.7(8.56%),P:1e0	Tpos:220.8,Tstd:104.5,Bpos:492.0,Bstd:485.5,StrandBias:0.4,Multiplicity:1.01
0.001	0.001	0.997	0.001
0.001	0.001	0.997	0.001
0.997	0.001	0.001	0.001
0.001	0.997	0.001	0.001
0.997	0.001	0.001	0.001
0.001	0.001	0.997	0.001
0.001	0.001	0.848	0.150
0.200	0.176	0.465	0.159
