>TGGACAGCKC	1-TGGACAGCKC	7.191390	-1867.338773	0	T:5692.0(36.42%),B:1292.8(8.38%),P:1e-810	Tpos:206.8,Tstd:58.4,Bpos:488.8,Bstd:416.3,StrandBias:0.0,Multiplicity:1.07
0.015	0.031	0.016	0.938
0.001	0.001	0.997	0.001
0.001	0.001	0.997	0.001
0.997	0.001	0.001	0.001
0.001	0.983	0.013	0.003
0.997	0.001	0.001	0.001
0.001	0.001	0.997	0.001
0.049	0.887	0.033	0.031
0.140	0.001	0.472	0.387
0.045	0.849	0.069	0.037
>GGACAGCDCC	2-GGACAGCDCC	7.291253	-1346.488894	0	T:4672.0(29.90%),B:1167.1(7.57%),P:1e-584	Tpos:213.8,Tstd:87.9,Bpos:504.2,Bstd:453.4,StrandBias:0.0,Multiplicity:1.02
0.247	0.053	0.543	0.157
0.262	0.030	0.697	0.011
0.522	0.171	0.012	0.295
0.215	0.427	0.190	0.169
0.969	0.013	0.009	0.009
0.012	0.003	0.984	0.001
0.131	0.540	0.092	0.237
0.372	0.010	0.305	0.314
0.229	0.460	0.185	0.125
0.100	0.571	0.018	0.311
>ACCATGGACA	3-ACCATGGACA	8.845262	-1092.416705	0	T:3064.0(19.61%),B:528.1(3.42%),P:1e-474	Tpos:206.1,Tstd:62.7,Bpos:508.9,Bstd:406.0,StrandBias:-0.0,Multiplicity:1.03
0.997	0.001	0.001	0.001
0.001	0.997	0.001	0.001
0.001	0.994	0.001	0.004
0.862	0.038	0.009	0.091
0.175	0.099	0.056	0.670
0.001	0.001	0.997	0.001
0.001	0.001	0.994	0.004
0.951	0.040	0.001	0.008
0.001	0.811	0.126	0.062
0.973	0.008	0.018	0.001
>GCTGTCCARN	4-GCTGTCCARN	8.803773	-932.375591	0	T:2425.0(15.52%),B:353.6(2.29%),P:1e-404	Tpos:210.9,Tstd:87.9,Bpos:395.6,Bstd:438.3,StrandBias:0.3,Multiplicity:1.00
0.149	0.069	0.724	0.058
0.043	0.900	0.001	0.056
0.001	0.001	0.130	0.868
0.143	0.110	0.607	0.140
0.065	0.001	0.027	0.907
0.001	0.950	0.017	0.032
0.002	0.852	0.044	0.102
0.487	0.145	0.211	0.157
0.293	0.155	0.389	0.164
0.229	0.284	0.307	0.180
>HGGTGCTGAA	5-HGGTGCTGAA	8.994419	-707.613700	0	T:3209.0(20.53%),B:976.8(6.33%),P:1e-307	Tpos:209.1,Tstd:68.1,Bpos:504.4,Bstd:393.6,StrandBias:0.1,Multiplicity:1.06
0.326	0.243	0.151	0.280
0.305	0.001	0.693	0.001
0.001	0.001	0.997	0.001
0.001	0.001	0.001	0.997
0.066	0.274	0.558	0.102
0.001	0.997	0.001	0.001
0.001	0.001	0.001	0.997
0.001	0.001	0.997	0.001
0.997	0.001	0.001	0.001
0.704	0.123	0.060	0.113
>CTGTCCAGCG	6-CTGTCCAGCG	9.946928	-467.965865	0	T:908.0(5.81%),B:54.8(0.36%),P:1e-203	Tpos:205.3,Tstd:57.1,Bpos:467.2,Bstd:398.2,StrandBias:-0.2,Multiplicity:1.01
0.018	0.913	0.015	0.054
0.023	0.035	0.070	0.872
0.144	0.065	0.730	0.061
0.116	0.007	0.123	0.754
0.054	0.835	0.052	0.059
0.052	0.890	0.034	0.024
0.880	0.033	0.049	0.038
0.075	0.081	0.772	0.072
0.089	0.741	0.098	0.072
0.247	0.029	0.616	0.108
>NNTTCAGCAC	7-NNTTCAGCAC	9.277427	-415.412433	0	T:1676.0(10.73%),B:431.0(2.79%),P:1e-180	Tpos:201.7,Tstd:78.4,Bpos:553.4,Bstd:356.9,StrandBias:0.0,Multiplicity:1.02
0.320	0.180	0.223	0.277
0.228	0.208	0.274	0.291
0.040	0.065	0.253	0.642
0.001	0.089	0.001	0.909
0.055	0.902	0.042	0.001
0.899	0.039	0.061	0.001
0.021	0.001	0.977	0.001
0.098	0.697	0.097	0.108
0.841	0.001	0.157	0.001
0.058	0.763	0.082	0.097
>TGCTSTCCAA	8-TGCTSTCCAA	9.246957	-370.962208	0	T:1259.0(8.06%),B:260.7(1.69%),P:1e-161	Tpos:209.1,Tstd:69.6,Bpos:452.8,Bstd:310.7,StrandBias:0.0,Multiplicity:1.00
0.165	0.300	0.070	0.465
0.001	0.098	0.795	0.106
0.009	0.989	0.001	0.001
0.001	0.025	0.081	0.893
0.149	0.309	0.372	0.170
0.082	0.028	0.211	0.679
0.007	0.935	0.049	0.009
0.005	0.881	0.038	0.076
0.609	0.037	0.113	0.241
0.597	0.083	0.260	0.060
>VTCTCGCGAG	9-VTCTCGCGAG	9.039939	-170.583838	0	T:331.0(2.12%),B:19.9(0.13%),P:1e-74	Tpos:222.7,Tstd:77.6,Bpos:522.0,Bstd:431.8,StrandBias:0.1,Multiplicity:1.12
0.350	0.225	0.234	0.191
0.040	0.074	0.100	0.786
0.154	0.753	0.068	0.025
0.032	0.072	0.085	0.811
0.022	0.947	0.008	0.023
0.008	0.017	0.955	0.020
0.038	0.957	0.001	0.004
0.017	0.001	0.964	0.018
0.752	0.088	0.115	0.045
0.033	0.102	0.728	0.137
>BNWGGTSCTG	10-BNWGGTSCTG	7.509374	-104.420157	0	T:614.0(3.93%),B:213.6(1.38%),P:1e-45	Tpos:207.2,Tstd:107.6,Bpos:520.3,Bstd:457.4,StrandBias:0.4,Multiplicity:1.01
0.181	0.348	0.273	0.198
0.283	0.209	0.217	0.291
0.405	0.249	0.028	0.319
0.018	0.009	0.607	0.366
0.009	0.009	0.748	0.234
0.021	0.357	0.002	0.620
0.019	0.302	0.435	0.245
0.011	0.971	0.007	0.011
0.008	0.015	0.019	0.958
0.222	0.259	0.473	0.046
>TCTCGCGCGA	11-TCTCGCGCGA	9.244702	-89.824028	0	T:244.0(1.56%),B:35.6(0.23%),P:1e-39	Tpos:222.1,Tstd:109.7,Bpos:550.4,Bstd:507.0,StrandBias:-0.1,Multiplicity:1.03
0.063	0.098	0.097	0.742
0.035	0.785	0.097	0.083
0.044	0.054	0.023	0.879
0.048	0.832	0.079	0.041
0.047	0.068	0.816	0.069
0.044	0.858	0.061	0.037
0.032	0.059	0.870	0.039
0.085	0.712	0.136	0.067
0.075	0.085	0.754	0.086
0.753	0.113	0.074	0.060
>TCAGCACYWN	12-TCAGCACYWN	8.281581	-72.695901	0	T:181.0(1.16%),B:22.9(0.15%),P:1e-31	Tpos:203.8,Tstd:67.6,Bpos:529.4,Bstd:337.6,StrandBias:0.2,Multiplicity:1.00
0.072	0.080	0.264	0.584
0.154	0.758	0.047	0.041
0.834	0.049	0.048	0.069
0.026	0.036	0.910	0.028
0.193	0.452	0.155	0.200
0.830	0.052	0.066	0.052
0.074	0.661	0.179	0.086
0.129	0.428	0.044	0.398
0.376	0.131	0.151	0.341
0.281	0.198	0.267	0.254
>AATATGGCGG	13-AATATGGCGG	8.990461	-27.118750	0	T:204.0(1.31%),B:85.1(0.55%),P:1e-11	Tpos:208.9,Tstd:104.5,Bpos:544.8,Bstd:371.9,StrandBias:0.0,Multiplicity:1.03
0.830	0.043	0.001	0.126
0.796	0.123	0.080	0.001
0.277	0.119	0.140	0.464
0.506	0.296	0.061	0.137
0.047	0.131	0.125	0.697
0.055	0.088	0.720	0.137
0.085	0.082	0.821	0.012
0.077	0.921	0.001	0.001
0.055	0.041	0.903	0.001
0.001	0.059	0.803	0.137
>VDYTTCCGSN	14-VDYTTCCGSN	6.469821	-17.133720	0	T:173.0(1.11%),B:85.8(0.56%),P:1e-7	Tpos:218.6,Tstd:132.0,Bpos:516.0,Bstd:548.1,StrandBias:0.4,Multiplicity:1.06
0.219	0.361	0.241	0.179
0.336	0.166	0.282	0.215
0.139	0.388	0.185	0.288
0.021	0.067	0.017	0.895
0.113	0.207	0.081	0.599
0.037	0.832	0.026	0.105
0.168	0.614	0.132	0.086
0.184	0.128	0.548	0.140
0.128	0.336	0.375	0.161
0.211	0.274	0.206	0.309
>GTGCTGACCA	15-GTGCTGACCA	10.093555	-13.599472	0	T:105.0(0.67%),B:46.7(0.30%),P:1e-5	Tpos:220.2,Tstd:91.9,Bpos:555.7,Bstd:379.3,StrandBias:0.1,Multiplicity:1.00
0.050	0.055	0.864	0.031
0.132	0.067	0.001	0.800
0.100	0.058	0.822	0.020
0.001	0.997	0.001	0.001
0.001	0.001	0.001	0.997
0.032	0.001	0.928	0.039
0.559	0.092	0.242	0.107
0.058	0.582	0.165	0.195
0.100	0.526	0.132	0.242
0.559	0.193	0.082	0.166
>TGCGCATGCG	16-TGCGCATGCG	11.737125	-6.674103	0	T:139.0(0.89%),B:91.5(0.59%),P:1e-2	Tpos:231.3,Tstd:134.7,Bpos:463.1,Bstd:570.2,StrandBias:0.0,Multiplicity:1.04
0.020	0.028	0.093	0.859
0.094	0.029	0.876	0.001
0.061	0.922	0.016	0.001
0.001	0.001	0.997	0.001
0.001	0.985	0.013	0.001
0.688	0.235	0.076	0.001
0.017	0.056	0.154	0.773
0.001	0.001	0.997	0.001
0.001	0.997	0.001	0.001
0.001	0.001	0.970	0.028
>GCTTTCCARG	17-GCTTTCCARG	9.718370	-4.035419	0	T:49.0(0.31%),B:29.4(0.19%),P:1e-1	Tpos:279.0,Tstd:108.3,Bpos:183.9,Bstd:116.3,StrandBias:0.0,Multiplicity:1.00
0.051	0.122	0.544	0.283
0.001	0.997	0.001	0.001
0.001	0.001	0.001	0.997
0.254	0.230	0.001	0.515
0.001	0.122	0.183	0.694
0.008	0.990	0.001	0.001
0.259	0.739	0.001	0.001
0.489	0.145	0.204	0.162
0.521	0.095	0.376	0.008
0.186	0.144	0.440	0.229
>NCTTCCGGTN	18-NCTTCCGGTN	8.863401	-1.376802	0	T:50.0(0.32%),B:42.3(0.27%),P:1e0	Tpos:197.2,Tstd:102.1,Bpos:492.1,Bstd:547.4,StrandBias:-0.1,Multiplicity:1.09
0.226	0.244	0.293	0.237
0.087	0.742	0.079	0.092
0.065	0.072	0.066	0.797
0.066	0.078	0.087	0.769
0.063	0.774	0.081	0.082
0.078	0.767	0.068	0.087
0.102	0.077	0.730	0.091
0.073	0.109	0.724	0.094
0.104	0.117	0.084	0.695
0.232	0.261	0.260	0.247
>GCGCATGCGC	19-GCGCATGCGC	7.514578	-0.489997	0	T:168.0(1.08%),B:170.9(1.11%),P:1e0	Tpos:211.5,Tstd:116.6,Bpos:458.9,Bstd:573.4,StrandBias:-0.3,Multiplicity:1.06
0.119	0.129	0.617	0.135
0.134	0.640	0.116	0.110
0.124	0.124	0.622	0.130
0.176	0.550	0.145	0.129
0.550	0.131	0.162	0.157
0.171	0.133	0.121	0.575
0.128	0.159	0.566	0.147
0.133	0.637	0.117	0.113
0.128	0.113	0.621	0.138
0.123	0.621	0.134	0.122
>RVATTCCNRR	20-RVATTCCNRR	8.148193	-0.213679	0	T:144.0(0.92%),B:156.9(1.02%),P:1e0	Tpos:217.0,Tstd:113.4,Bpos:471.2,Bstd:359.6,StrandBias:0.3,Multiplicity:1.06
0.361	0.001	0.493	0.145
0.366	0.390	0.242	0.001
0.614	0.001	0.001	0.384
0.001	0.001	0.001	0.997
0.001	0.001	0.101	0.897
0.001	0.781	0.001	0.217
0.001	0.924	0.001	0.074
0.295	0.295	0.177	0.233
0.340	0.062	0.406	0.192
0.332	0.159	0.385	0.124
>TTCCTGGAAW	21-TTCCTGGAAW	9.592286	-0.107043	0	T:73.0(0.47%),B:87.3(0.57%),P:1e0	Tpos:216.9,Tstd:88.7,Bpos:506.9,Bstd:377.8,StrandBias:-0.2,Multiplicity:1.02
0.032	0.220	0.161	0.587
0.001	0.380	0.001	0.618
0.001	0.735	0.001	0.263
0.001	0.712	0.001	0.286
0.228	0.109	0.244	0.419
0.097	0.001	0.901	0.001
0.275	0.001	0.723	0.001
0.741	0.163	0.095	0.001
0.997	0.001	0.001	0.001
0.324	0.114	0.197	0.365
>DGGAATBYBN	22-DGGAATBYBN	8.291735	-0.102198	0	T:22.0(0.14%),B:30.1(0.20%),P:1e0	Tpos:176.7,Tstd:115.6,Bpos:554.0,Bstd:328.0,StrandBias:0.8,Multiplicity:1.00
0.375	0.001	0.271	0.354
0.001	0.001	0.997	0.001
0.222	0.001	0.776	0.001
0.997	0.001	0.001	0.001
0.997	0.001	0.001	0.001
0.388	0.001	0.024	0.587
0.001	0.302	0.385	0.312
0.067	0.481	0.028	0.424
0.001	0.278	0.319	0.402
0.171	0.302	0.240	0.287
>TTGGAAAGCW	23-TTGGAAAGCW	9.359887	-0.059076	0	T:91.0(0.58%),B:112.0(0.73%),P:1e0	Tpos:208.2,Tstd:121.2,Bpos:498.1,Bstd:479.3,StrandBias:0.1,Multiplicity:1.00
0.147	0.235	0.134	0.484
0.164	0.122	0.032	0.682
0.005	0.007	0.896	0.092
0.088	0.126	0.785	0.001
0.610	0.215	0.019	0.156
0.518	0.195	0.107	0.180
0.879	0.001	0.001	0.119
0.001	0.025	0.973	0.001
0.024	0.949	0.026	0.001
0.367	0.177	0.186	0.270
>VVVWTTCCWN	24-VVVWTTCCWN	7.485621	-0.020515	0	T:25.0(0.16%),B:41.0(0.27%),P:1e0	Tpos:226.9,Tstd:151.7,Bpos:435.8,Bstd:427.8,StrandBias:-0.9,Multiplicity:1.00
0.309	0.374	0.306	0.011
0.304	0.243	0.327	0.126
0.273	0.347	0.262	0.117
0.469	0.001	0.001	0.529
0.001	0.001	0.283	0.715
0.001	0.001	0.001	0.997
0.001	0.997	0.001	0.001
0.001	0.648	0.001	0.350
0.459	0.001	0.001	0.539
0.222	0.219	0.305	0.254
>KGAATKCTGA	25-KGAATKCTGA	9.406924	-0.010428	0	T:125.0(0.80%),B:161.6(1.05%),P:1e0	Tpos:192.9,Tstd:125.2,Bpos:477.7,Bstd:330.9,StrandBias:-0.4,Multiplicity:1.10
0.021	0.001	0.427	0.551
0.126	0.001	0.560	0.313
0.586	0.104	0.229	0.081
0.786	0.012	0.201	0.001
0.169	0.001	0.065	0.765
0.013	0.001	0.418	0.568
0.001	0.997	0.001	0.001
0.284	0.015	0.001	0.700
0.001	0.088	0.910	0.001
0.519	0.257	0.104	0.120
