Oligo	TargetCounts	BackgroundCounts	NormalizationFactor
A	24.39%	24.42%	0.999
C	25.61%	25.58%	1.001
G	25.61%	25.58%	1.001
T	24.39%	24.42%	0.999
AA	6.85%	6.81%	1.006
CA	7.30%	7.45%	0.980
GA	6.24%	6.10%	1.022
TA	4.00%	4.06%	0.987
AC	4.87%	4.98%	0.978
CC	7.84%	8.07%	0.971
GC	6.66%	6.42%	1.037
TC	6.24%	6.10%	1.022
AG	7.70%	7.47%	1.031
CG	2.77%	2.58%	1.073
GG	7.84%	8.07%	0.971
TG	7.30%	7.45%	0.980
AT	4.96%	5.15%	0.962
CT	7.70%	7.47%	1.031
GT	4.87%	4.98%	0.978
TT	6.85%	6.81%	1.006
AAA	2.32%	2.47%	0.938
CAA	1.52%	1.52%	1.002
GAA	1.81%	1.64%	1.100
TAA	1.20%	1.17%	1.021
ACA	1.68%	1.75%	0.957
CCA	2.19%	2.30%	0.954
GCA	1.76%	1.71%	1.030
TCA	1.67%	1.69%	0.987
AGA	2.03%	2.00%	1.015
CGA	0.45%	0.42%	1.074
GGA	2.09%	2.00%	1.048
TGA	1.67%	1.69%	0.987
ATA	1.02%	1.10%	0.927
CTA	1.00%	0.97%	1.024
GTA	0.79%	0.82%	0.972
TTA	1.20%	1.17%	1.021
AAC	1.20%	1.17%	1.027
CAC	1.68%	1.86%	0.903
GAC	1.20%	1.14%	1.056
TAC	0.79%	0.82%	0.972
ACC	1.36%	1.43%	0.950
CCC	2.37%	2.52%	0.940
GCC	2.02%	2.13%	0.949
TCC	2.09%	2.00%	1.048
AGC	1.95%	1.78%	1.100
CGC	0.93%	0.81%	1.146
GGC	2.02%	2.13%	0.949
TGC	1.76%	1.71%	1.030
ATC	1.06%	1.12%	0.949
CTC	2.17%	2.20%	0.983
GTC	1.20%	1.14%	1.056
TTC	1.81%	1.64%	1.100
AAG	1.86%	1.70%	1.089
CAG	2.69%	2.59%	1.035
GAG	2.17%	2.20%	0.983
TAG	1.00%	0.97%	1.024
ACG	0.45%	0.45%	1.012
CCG	0.94%	0.91%	1.037
GCG	0.93%	0.81%	1.146
TCG	0.45%	0.42%	1.074
AGG	2.34%	2.35%	0.995
CGG	0.94%	0.91%	1.037
GGG	2.37%	2.52%	0.940
TGG	2.19%	2.30%	0.954
ATG	1.41%	1.47%	0.956
CTG	2.69%	2.59%	1.035
GTG	1.68%	1.86%	0.903
TTG	1.52%	1.52%	1.002
AAT	1.47%	1.46%	1.007
CAT	1.41%	1.47%	0.956
GAT	1.06%	1.12%	0.949
TAT	1.02%	1.10%	0.927
ACT	1.38%	1.35%	1.025
CCT	2.34%	2.35%	0.995
GCT	1.95%	1.78%	1.100
TCT	2.03%	2.00%	1.015
AGT	1.38%	1.35%	1.025
CGT	0.45%	0.45%	1.012
GGT	1.36%	1.43%	0.950
TGT	1.68%	1.75%	0.957
ATT	1.47%	1.46%	1.007
CTT	1.86%	1.70%	1.089
GTT	1.20%	1.17%	1.027
TTT	2.32%	2.47%	0.938
