>ACTTMCGK	1-ACTTMCGK	7.409605	-43.908089	0	T:1015.0(12.64%),B:542.3(8.08%),P:1e-19	Tpos:213.5,Tstd:126.2,Bpos:499.4,Bstd:861.5,StrandBias:-0.1,Multiplicity:1.17
0.700	0.001	0.249	0.050
0.001	0.602	0.001	0.396
0.055	0.001	0.060	0.884
0.001	0.147	0.001	0.851
0.261	0.406	0.195	0.138
0.001	0.997	0.001	0.001
0.001	0.001	0.995	0.003
0.001	0.223	0.365	0.411
>GTTTCCGS	2-GTTTCCGS	8.057164	-26.197310	0	T:197.0(2.45%),B:66.9(1.00%),P:1e-11	Tpos:199.0,Tstd:113.7,Bpos:453.8,Bstd:545.9,StrandBias:0.2,Multiplicity:1.01
0.134	0.087	0.495	0.284
0.064	0.196	0.143	0.597
0.027	0.001	0.001	0.971
0.297	0.001	0.060	0.642
0.156	0.625	0.091	0.128
0.001	0.916	0.054	0.029
0.001	0.066	0.885	0.048
0.032	0.385	0.516	0.067
>TTCCGGTC	3-TTCCGGTC	8.231293	-16.581105	0	T:303.0(3.77%),B:152.8(2.28%),P:1e-7	Tpos:213.5,Tstd:111.9,Bpos:545.8,Bstd:567.2,StrandBias:0.2,Multiplicity:1.03
0.001	0.060	0.028	0.911
0.001	0.059	0.046	0.894
0.001	0.997	0.001	0.001
0.001	0.951	0.001	0.047
0.049	0.077	0.873	0.001
0.023	0.037	0.893	0.047
0.001	0.115	0.056	0.828
0.012	0.811	0.062	0.115
>TCTCGCGA	4-TCTCGCGA	8.739842	-10.390433	0	T:126.0(1.57%),B:56.2(0.84%),P:1e-4	Tpos:217.1,Tstd:130.1,Bpos:74.7,Bstd:277.0,StrandBias:0.2,Multiplicity:1.15
0.101	0.120	0.104	0.675
0.120	0.672	0.116	0.092
0.148	0.060	0.089	0.703
0.043	0.771	0.088	0.098
0.079	0.015	0.856	0.050
0.022	0.826	0.076	0.076
0.041	0.050	0.869	0.040
0.631	0.123	0.086	0.160
>NTTCCGGN	5-NTTCCGGN	7.054826	-7.698292	0	T:157.0(1.96%),B:84.8(1.26%),P:1e-3	Tpos:208.7,Tstd:119.2,Bpos:569.2,Bstd:521.3,StrandBias:0.3,Multiplicity:1.00
0.154	0.296	0.247	0.303
0.051	0.077	0.101	0.771
0.088	0.050	0.050	0.812
0.101	0.566	0.081	0.252
0.001	0.973	0.025	0.001
0.001	0.129	0.869	0.001
0.034	0.242	0.571	0.153
0.205	0.341	0.219	0.234
>GCCATCTT	6-GCCATCTT	10.755313	-4.802162	0	T:403.0(5.02%),B:280.6(4.18%),P:1e-2	Tpos:212.8,Tstd:130.5,Bpos:624.4,Bstd:1025.0,StrandBias:-0.1,Multiplicity:1.09
0.001	0.001	0.997	0.001
0.001	0.997	0.001	0.001
0.001	0.997	0.001	0.001
0.997	0.001	0.001	0.001
0.001	0.001	0.001	0.997
0.001	0.803	0.001	0.195
0.001	0.001	0.001	0.997
0.091	0.001	0.001	0.907
>ASGCGCGA	7-ASGCGCGA	5.553479	-3.820274	0	T:85.0(1.06%),B:49.4(0.74%),P:1e-1	Tpos:216.9,Tstd:118.9,Bpos:379.4,Bstd:272.2,StrandBias:0.3,Multiplicity:1.03
0.540	0.231	0.202	0.027
0.200	0.393	0.279	0.128
0.198	0.137	0.467	0.199
0.192	0.646	0.094	0.068
0.258	0.169	0.490	0.083
0.246	0.507	0.104	0.143
0.134	0.180	0.517	0.169
0.479	0.256	0.250	0.015
>CGTDMGGC	8-CGTDMGGC	8.220344	-3.493751	0	T:66.0(0.82%),B:37.5(0.56%),P:1e-1	Tpos:218.7,Tstd:121.7,Bpos:532.3,Bstd:754.7,StrandBias:-0.2,Multiplicity:1.00
0.001	0.984	0.001	0.014
0.001	0.155	0.619	0.225
0.068	0.121	0.001	0.810
0.294	0.038	0.309	0.359
0.418	0.503	0.044	0.035
0.019	0.001	0.979	0.001
0.133	0.001	0.826	0.040
0.087	0.787	0.088	0.038
>RCGTVACG	9-RCGTVACG	6.563880	-2.555317	0	T:154.0(1.92%),B:107.1(1.60%),P:1e-1	Tpos:203.2,Tstd:122.6,Bpos:463.6,Bstd:719.2,StrandBias:0.2,Multiplicity:1.04
0.415	0.160	0.424	0.001
0.156	0.763	0.080	0.001
0.001	0.203	0.795	0.001
0.089	0.015	0.342	0.554
0.343	0.296	0.204	0.158
0.884	0.114	0.001	0.001
0.001	0.661	0.154	0.184
0.133	0.246	0.439	0.183
>CRGCGGAA	10-CRGCGGAA	8.237741	-1.209908	0	T:348.0(4.33%),B:278.4(4.15%),P:1e0	Tpos:212.0,Tstd:121.4,Bpos:581.6,Bstd:1050.7,StrandBias:-0.2,Multiplicity:1.03
0.001	0.500	0.300	0.199
0.282	0.238	0.400	0.080
0.125	0.294	0.580	0.001
0.001	0.997	0.001	0.001
0.001	0.284	0.714	0.001
0.001	0.001	0.997	0.001
0.997	0.001	0.001	0.001
0.997	0.001	0.001	0.001
>TTCCGCSR	11-TTCCGCSR	7.668505	-1.166047	0	T:68.0(0.85%),B:51.3(0.76%),P:1e0	Tpos:205.5,Tstd:136.6,Bpos:485.5,Bstd:731.1,StrandBias:0.2,Multiplicity:1.00
0.024	0.026	0.101	0.849
0.070	0.058	0.066	0.806
0.135	0.612	0.098	0.155
0.041	0.653	0.235	0.071
0.001	0.062	0.919	0.018
0.034	0.724	0.151	0.091
0.089	0.336	0.442	0.133
0.406	0.179	0.346	0.068
>TVCGGAAG	12-TVCGGAAG	8.142130	-1.124705	0	T:45.0(0.56%),B:33.2(0.49%),P:1e0	Tpos:197.3,Tstd:115.8,Bpos:334.6,Bstd:188.4,StrandBias:-0.2,Multiplicity:1.00
0.154	0.217	0.132	0.498
0.378	0.368	0.253	0.001
0.001	0.997	0.001	0.001
0.001	0.001	0.997	0.001
0.001	0.216	0.613	0.170
0.796	0.001	0.001	0.202
0.997	0.001	0.001	0.001
0.001	0.422	0.576	0.001
>CGGCCGWA	13-CGGCCGWA	7.722038	-1.109628	0	T:112.0(1.39%),B:87.4(1.30%),P:1e0	Tpos:224.1,Tstd:149.7,Bpos:513.7,Bstd:766.5,StrandBias:-0.4,Multiplicity:1.00
0.001	0.727	0.271	0.001
0.001	0.350	0.648	0.001
0.230	0.001	0.726	0.043
0.001	0.997	0.001	0.001
0.001	0.635	0.295	0.069
0.296	0.001	0.548	0.155
0.469	0.039	0.026	0.467
0.619	0.001	0.001	0.379
>NACGTAAN	14-NACGTAAN	5.131350	-0.502445	0	T:22.0(0.27%),B:19.5(0.29%),P:1e0	Tpos:194.5,Tstd:122.0,Bpos:602.8,Bstd:267.3,StrandBias:0.5,Multiplicity:1.00
0.255	0.271	0.263	0.212
0.419	0.197	0.256	0.128
0.095	0.722	0.118	0.065
0.050	0.132	0.728	0.090
0.140	0.188	0.219	0.454
0.531	0.164	0.174	0.131
0.568	0.155	0.170	0.107
0.195	0.308	0.316	0.181
>SCGGAAGS	15-SCGGAAGS	9.298065	-0.438180	0	T:768.0(9.57%),B:653.8(9.74%),P:1e0	Tpos:227.7,Tstd:126.3,Bpos:563.7,Bstd:579.4,StrandBias:0.2,Multiplicity:1.05
0.111	0.432	0.456	0.001
0.001	0.997	0.001	0.001
0.001	0.001	0.997	0.001
0.001	0.040	0.958	0.001
0.997	0.001	0.001	0.001
0.997	0.001	0.001	0.001
0.001	0.264	0.734	0.001
0.001	0.555	0.443	0.001
>CGTCACGT	16-CGTCACGT	8.031943	-0.370770	0	T:199.0(2.48%),B:175.0(2.61%),P:1e0	Tpos:218.4,Tstd:122.7,Bpos:463.6,Bstd:989.1,StrandBias:-0.0,Multiplicity:1.03
0.169	0.661	0.080	0.090
0.069	0.063	0.867	0.001
0.001	0.001	0.001	0.997
0.062	0.565	0.298	0.075
0.760	0.108	0.131	0.001
0.001	0.782	0.088	0.129
0.011	0.001	0.724	0.264
0.018	0.209	0.132	0.641
>YNSTTCCG	17-YNSTTCCG	7.103938	-0.247090	0	T:513.0(6.39%),B:449.7(6.70%),P:1e0	Tpos:213.3,Tstd:126.8,Bpos:425.1,Bstd:1634.5,StrandBias:-0.1,Multiplicity:1.07
0.057	0.437	0.188	0.318
0.201	0.210	0.336	0.254
0.084	0.349	0.415	0.152
0.001	0.050	0.001	0.948
0.162	0.001	0.054	0.783
0.116	0.547	0.265	0.072
0.001	0.997	0.001	0.001
0.001	0.103	0.895	0.001
>TGGTTCCG	18-TGGTTCCG	8.756650	-0.093677	0	T:122.0(1.52%),B:120.7(1.80%),P:1e0	Tpos:201.9,Tstd:116.0,Bpos:433.3,Bstd:802.9,StrandBias:-0.0,Multiplicity:1.02
0.089	0.162	0.090	0.659
0.126	0.111	0.684	0.079
0.045	0.132	0.686	0.137
0.036	0.095	0.035	0.834
0.089	0.092	0.064	0.755
0.081	0.721	0.124	0.074
0.030	0.824	0.115	0.031
0.029	0.051	0.838	0.082
>TTCGCTTC	19-TTCGCTTC	8.070418	-0.045603	0	T:126.0(1.57%),B:129.5(1.93%),P:1e0	Tpos:231.6,Tstd:167.2,Bpos:470.2,Bstd:594.2,StrandBias:-0.3,Multiplicity:1.02
0.097	0.139	0.180	0.584
0.127	0.109	0.036	0.728
0.001	0.928	0.052	0.019
0.095	0.080	0.824	0.001
0.028	0.689	0.272	0.011
0.023	0.001	0.347	0.629
0.039	0.107	0.049	0.805
0.027	0.780	0.125	0.068
>CSTTSCGB	20-CSTTSCGB	7.207317	-0.017469	0	T:133.0(1.66%),B:142.7(2.13%),P:1e0	Tpos:208.7,Tstd:147.8,Bpos:430.7,Bstd:643.4,StrandBias:0.4,Multiplicity:1.00
0.120	0.413	0.231	0.236
0.001	0.549	0.449	0.001
0.018	0.001	0.001	0.980
0.176	0.135	0.001	0.688
0.203	0.308	0.395	0.094
0.001	0.997	0.001	0.001
0.001	0.001	0.997	0.001
0.067	0.298	0.343	0.291
>CTTCCGSG	21-CTTCCGSG	9.209789	-0.003515	0	T:682.0(8.49%),B:655.6(9.77%),P:1e0	Tpos:209.5,Tstd:121.7,Bpos:544.7,Bstd:1016.4,StrandBias:-0.1,Multiplicity:1.01
0.001	0.997	0.001	0.001
0.001	0.001	0.001	0.997
0.001	0.001	0.001	0.997
0.001	0.652	0.346	0.001
0.001	0.997	0.001	0.001
0.001	0.001	0.997	0.001
0.001	0.454	0.544	0.001
0.240	0.032	0.523	0.205
>CGCGHRAS	22-CGCGHRAS	5.318714	-0.002640	0	T:397.0(4.94%),B:401.2(5.98%),P:1e0	Tpos:225.5,Tstd:122.8,Bpos:544.3,Bstd:1451.9,StrandBias:-0.2,Multiplicity:1.03
0.020	0.622	0.213	0.145
0.311	0.010	0.535	0.144
0.001	0.791	0.133	0.075
0.196	0.069	0.529	0.206
0.339	0.222	0.115	0.324
0.357	0.166	0.283	0.193
0.595	0.225	0.071	0.109
0.067	0.410	0.387	0.136
>CCTAGCGG	23-CCTAGCGG	6.485041	-0.000000	0	T:500.0(6.23%),B:562.0(8.38%),P:1e0	Tpos:215.2,Tstd:120.1,Bpos:418.0,Bstd:940.7,StrandBias:-0.0,Multiplicity:1.03
0.157	0.471	0.161	0.211
0.030	0.760	0.015	0.195
0.215	0.010	0.027	0.748
0.569	0.043	0.001	0.387
0.238	0.089	0.544	0.129
0.074	0.778	0.069	0.079
0.046	0.096	0.852	0.006
0.153	0.182	0.508	0.157
>CGCGKGCK	24-CGCGKGCK	8.336524	-0.000000	0	T:375.0(4.67%),B:477.6(7.12%),P:1e0	Tpos:223.3,Tstd:122.5,Bpos:518.2,Bstd:948.4,StrandBias:-0.1,Multiplicity:1.06
0.001	0.767	0.001	0.231
0.001	0.001	0.902	0.096
0.092	0.826	0.081	0.001
0.286	0.001	0.712	0.001
0.048	0.152	0.427	0.373
0.002	0.136	0.766	0.096
0.017	0.841	0.098	0.044
0.001	0.001	0.429	0.569
>CGCAAGCG	25-CGCAAGCG	6.084131	-0.000000	0	T:2469.0(30.75%),B:2863.1(42.67%),P:1e0	Tpos:214.4,Tstd:124.8,Bpos:505.2,Bstd:1152.4,StrandBias:0.0,Multiplicity:1.30
0.067	0.896	0.036	0.001
0.086	0.001	0.876	0.037
0.061	0.701	0.226	0.012
0.830	0.001	0.078	0.091
0.813	0.042	0.073	0.072
0.054	0.161	0.736	0.049
0.164	0.548	0.182	0.106
0.148	0.116	0.598	0.138
