>CACYAGGGGG	1-CACYAGGGGG	9.675957	-115.484917	0	T:532.0(6.63%),B:118.4(1.76%),P:1e-50	Tpos:200.4,Tstd:91.6,Bpos:480.5,Bstd:453.5,StrandBias:-0.3,Multiplicity:1.11
0.025	0.965	0.001	0.009
0.809	0.069	0.043	0.079
0.017	0.708	0.267	0.008
0.149	0.378	0.001	0.472
0.893	0.069	0.037	0.001
0.010	0.001	0.988	0.001
0.217	0.001	0.771	0.011
0.005	0.004	0.720	0.271
0.050	0.013	0.893	0.044
0.016	0.045	0.938	0.001
>ACTACAATTC	2-ACTACAATTC	9.216086	-79.933628	0	T:295.0(3.67%),B:51.0(0.76%),P:1e-34	Tpos:201.9,Tstd:117.2,Bpos:517.6,Bstd:194.5,StrandBias:-0.1,Multiplicity:1.20
0.988	0.010	0.001	0.001
0.001	0.997	0.001	0.001
0.001	0.001	0.001	0.997
0.967	0.016	0.001	0.016
0.001	0.979	0.019	0.001
0.991	0.001	0.007	0.001
0.626	0.091	0.055	0.228
0.043	0.291	0.110	0.556
0.003	0.030	0.001	0.966
0.001	0.997	0.001	0.001
>CGCCATCTTG	3-CGCCATCTTG	9.929790	-76.522970	0	T:381.0(4.75%),B:91.1(1.36%),P:1e-33	Tpos:209.2,Tstd:116.9,Bpos:585.8,Bstd:546.1,StrandBias:-0.1,Multiplicity:1.06
0.043	0.922	0.034	0.001
0.012	0.001	0.977	0.010
0.009	0.984	0.006	0.001
0.001	0.997	0.001	0.001
0.962	0.019	0.001	0.018
0.001	0.010	0.001	0.988
0.026	0.813	0.027	0.134
0.027	0.019	0.001	0.953
0.069	0.001	0.051	0.879
0.090	0.091	0.734	0.085
>VCCGGAAGYG	4-VCCGGAAGYG	8.607825	-59.734704	0	T:1175.0(14.63%),B:601.8(8.97%),P:1e-25	Tpos:210.6,Tstd:122.6,Bpos:436.1,Bstd:1133.6,StrandBias:-0.0,Multiplicity:1.22
0.321	0.237	0.298	0.144
0.001	0.628	0.370	0.001
0.174	0.824	0.001	0.001
0.001	0.001	0.997	0.001
0.001	0.001	0.997	0.001
0.997	0.001	0.001	0.001
0.997	0.001	0.001	0.001
0.272	0.109	0.618	0.001
0.122	0.422	0.001	0.456
0.122	0.223	0.525	0.130
>GRACBCGCGA	5-GRACBCGCGA	6.517130	-45.781700	0	T:113.0(1.41%),B:9.8(0.15%),P:1e-19	Tpos:209.6,Tstd:128.1,Bpos:662.3,Bstd:223.1,StrandBias:0.6,Multiplicity:1.03
0.266	0.078	0.581	0.075
0.288	0.209	0.383	0.121
0.483	0.250	0.004	0.262
0.005	0.519	0.290	0.186
0.151	0.214	0.292	0.343
0.023	0.544	0.215	0.218
0.130	0.251	0.546	0.073
0.254	0.674	0.066	0.006
0.120	0.125	0.743	0.012
0.418	0.257	0.256	0.069
>GCGGCCATTT	6-GCGGCCATTT	9.421037	-40.158155	0	T:210.0(2.62%),B:53.9(0.80%),P:1e-17	Tpos:207.0,Tstd:115.7,Bpos:519.4,Bstd:356.2,StrandBias:-0.2,Multiplicity:1.02
0.019	0.001	0.964	0.016
0.021	0.913	0.024	0.042
0.077	0.079	0.783	0.061
0.006	0.019	0.974	0.001
0.013	0.983	0.001	0.003
0.001	0.964	0.009	0.026
0.878	0.058	0.039	0.025
0.006	0.001	0.001	0.992
0.023	0.177	0.041	0.759
0.001	0.028	0.072	0.899
>CAGGTGGCGC	7-CAGGTGGCGC	9.243157	-37.125888	0	T:596.0(7.42%),B:283.4(4.22%),P:1e-16	Tpos:212.8,Tstd:113.1,Bpos:428.8,Bstd:650.2,StrandBias:-0.0,Multiplicity:1.05
0.038	0.831	0.044	0.087
0.983	0.015	0.001	0.001
0.001	0.001	0.986	0.012
0.001	0.012	0.986	0.001
0.062	0.222	0.125	0.591
0.001	0.036	0.962	0.001
0.001	0.068	0.878	0.053
0.014	0.959	0.001	0.026
0.001	0.001	0.997	0.001
0.035	0.885	0.054	0.026
>AGGCCGCGCC	8-AGGCCGCGCC	10.431873	-26.511503	0	T:371.0(4.62%),B:168.7(2.51%),P:1e-11	Tpos:219.1,Tstd:129.2,Bpos:459.5,Bstd:606.9,StrandBias:0.1,Multiplicity:1.05
0.839	0.001	0.001	0.159
0.112	0.286	0.566	0.036
0.001	0.001	0.997	0.001
0.001	0.997	0.001	0.001
0.001	0.772	0.185	0.042
0.208	0.001	0.775	0.016
0.074	0.715	0.184	0.027
0.021	0.049	0.887	0.043
0.001	0.956	0.042	0.001
0.001	0.997	0.001	0.001
>CGTCAGGCGG	9-CGTCAGGCGG	9.262679	-25.012368	0	T:272.0(3.39%),B:111.9(1.67%),P:1e-10	Tpos:224.1,Tstd:129.4,Bpos:523.8,Bstd:608.6,StrandBias:-0.1,Multiplicity:1.02
0.001	0.953	0.001	0.045
0.017	0.046	0.894	0.043
0.047	0.114	0.102	0.737
0.013	0.961	0.020	0.006
0.881	0.073	0.020	0.026
0.006	0.040	0.942	0.012
0.013	0.012	0.969	0.006
0.087	0.900	0.001	0.012
0.012	0.069	0.885	0.034
0.026	0.001	0.921	0.052
>RGCTCTCGCG	10-RGCTCTCGCG	9.818043	-23.044756	0	T:94.0(1.17%),B:19.9(0.30%),P:1e-10	Tpos:223.8,Tstd:132.3,Bpos:537.2,Bstd:368.2,StrandBias:0.5,Multiplicity:1.08
0.391	0.234	0.245	0.129
0.240	0.040	0.685	0.035
0.099	0.554	0.260	0.087
0.083	0.068	0.001	0.848
0.001	0.869	0.108	0.022
0.001	0.188	0.237	0.574
0.001	0.990	0.008	0.001
0.001	0.001	0.963	0.035
0.044	0.896	0.001	0.059
0.008	0.001	0.990	0.001
>GGCGGAACCA	11-GGCGGAACCA	9.751903	-22.426387	0	T:53.0(0.66%),B:4.7(0.07%),P:1e-9	Tpos:203.4,Tstd:110.4,Bpos:435.3,Bstd:126.8,StrandBias:0.2,Multiplicity:1.02
0.075	0.072	0.800	0.053
0.038	0.105	0.825	0.032
0.055	0.819	0.071	0.055
0.038	0.055	0.854	0.053
0.067	0.063	0.834	0.036
0.757	0.112	0.100	0.031
0.767	0.085	0.094	0.054
0.071	0.830	0.064	0.035
0.048	0.818	0.079	0.055
0.697	0.083	0.112	0.108
>CGTCACGTSA	12-CGTCACGTSA	8.362316	-22.422251	0	T:324.0(4.04%),B:150.0(2.24%),P:1e-9	Tpos:210.7,Tstd:123.7,Bpos:466.3,Bstd:462.5,StrandBias:-0.0,Multiplicity:1.08
0.162	0.706	0.088	0.044
0.051	0.061	0.858	0.030
0.027	0.016	0.037	0.920
0.088	0.524	0.253	0.135
0.901	0.030	0.054	0.015
0.015	0.924	0.031	0.030
0.037	0.026	0.912	0.025
0.007	0.051	0.067	0.875
0.162	0.448	0.386	0.003
0.910	0.066	0.017	0.007
>CGGCGCCGTA	13-CGGCGCCGTA	8.826193	-20.762887	0	T:243.0(3.03%),B:103.4(1.54%),P:1e-9	Tpos:222.8,Tstd:129.7,Bpos:718.3,Bstd:411.8,StrandBias:0.0,Multiplicity:1.01
0.073	0.777	0.091	0.059
0.037	0.071	0.832	0.060
0.036	0.080	0.834	0.050
0.067	0.867	0.041	0.025
0.047	0.068	0.829	0.056
0.031	0.874	0.058	0.037
0.049	0.786	0.090	0.075
0.056	0.086	0.786	0.072
0.131	0.128	0.078	0.663
0.751	0.074	0.062	0.113
>GGCCGCTCTT	14-GGCCGCTCTT	9.230528	-16.945499	0	T:326.0(4.06%),B:166.6(2.48%),P:1e-7	Tpos:220.4,Tstd:143.6,Bpos:495.3,Bstd:632.9,StrandBias:0.1,Multiplicity:1.04
0.065	0.038	0.888	0.009
0.008	0.059	0.897	0.036
0.030	0.932	0.012	0.026
0.032	0.884	0.083	0.001
0.033	0.050	0.882	0.035
0.011	0.947	0.001	0.041
0.029	0.001	0.061	0.909
0.029	0.937	0.001	0.033
0.012	0.046	0.015	0.927
0.071	0.001	0.122	0.806
>CAGGGGAAAC	15-CAGGGGAAAC	10.494941	-16.448555	0	T:123.0(1.53%),B:42.5(0.63%),P:1e-7	Tpos:236.7,Tstd:119.2,Bpos:508.1,Bstd:248.3,StrandBias:-0.2,Multiplicity:1.01
0.040	0.851	0.108	0.001
0.868	0.026	0.082	0.024
0.001	0.001	0.981	0.017
0.016	0.021	0.937	0.026
0.038	0.021	0.933	0.008
0.030	0.026	0.916	0.028
0.939	0.001	0.036	0.024
0.859	0.120	0.020	0.001
0.887	0.048	0.052	0.013
0.025	0.891	0.083	0.001
>TCGCTACCGC	16-TCGCTACCGC	7.308959	-13.890871	0	T:223.0(2.78%),B:108.1(1.61%),P:1e-6	Tpos:228.0,Tstd:126.9,Bpos:441.4,Bstd:686.6,StrandBias:0.2,Multiplicity:1.02
0.054	0.076	0.080	0.790
0.064	0.784	0.080	0.072
0.090	0.070	0.757	0.083
0.002	0.888	0.051	0.059
0.082	0.077	0.068	0.773
0.771	0.082	0.066	0.081
0.019	0.810	0.099	0.072
0.065	0.795	0.050	0.090
0.063	0.082	0.798	0.057
0.059	0.830	0.070	0.041
>CGCATGCGCA	17-CGCATGCGCA	9.237399	-11.971949	0	T:678.0(8.44%),B:438.2(6.53%),P:1e-5	Tpos:211.8,Tstd:122.9,Bpos:516.7,Bstd:913.1,StrandBias:0.0,Multiplicity:1.19
0.051	0.882	0.042	0.025
0.025	0.026	0.888	0.061
0.041	0.885	0.045	0.029
0.688	0.096	0.143	0.073
0.089	0.165	0.099	0.647
0.016	0.061	0.875	0.048
0.037	0.884	0.064	0.015
0.029	0.048	0.863	0.060
0.032	0.874	0.034	0.060
0.513	0.129	0.276	0.082
>CGCCGCGSWT	18-CGCCGCGSWT	9.861745	-11.227971	0	T:200.0(2.49%),B:101.4(1.51%),P:1e-4	Tpos:232.6,Tstd:119.6,Bpos:624.2,Bstd:673.7,StrandBias:-0.0,Multiplicity:1.02
0.015	0.655	0.318	0.012
0.001	0.023	0.975	0.001
0.011	0.987	0.001	0.001
0.088	0.758	0.136	0.018
0.001	0.001	0.997	0.001
0.010	0.965	0.024	0.001
0.001	0.001	0.997	0.001
0.001	0.550	0.448	0.001
0.419	0.116	0.185	0.280
0.228	0.212	0.121	0.438
>GGCGCGACCA	19-GGCGCGACCA	8.142541	-9.776747	0	T:437.0(5.44%),B:273.3(4.07%),P:1e-4	Tpos:214.4,Tstd:123.5,Bpos:582.1,Bstd:711.1,StrandBias:0.0,Multiplicity:1.05
0.043	0.087	0.808	0.062
0.044	0.122	0.807	0.027
0.045	0.852	0.044	0.059
0.022	0.102	0.836	0.040
0.057	0.756	0.110	0.077
0.057	0.061	0.840	0.042
0.715	0.120	0.095	0.070
0.046	0.842	0.075	0.037
0.055	0.803	0.085	0.057
0.742	0.066	0.137	0.055
>HCGSCGGAAM	20-HCGSCGGAAM	9.490276	-9.270010	0	T:107.0(1.33%),B:47.7(0.71%),P:1e-4	Tpos:218.3,Tstd:118.6,Bpos:342.0,Bstd:401.1,StrandBias:-0.3,Multiplicity:1.02
0.284	0.352	0.001	0.363
0.060	0.800	0.115	0.025
0.060	0.070	0.789	0.081
0.092	0.477	0.427	0.003
0.054	0.863	0.059	0.024
0.032	0.041	0.901	0.026
0.021	0.039	0.919	0.021
0.859	0.083	0.035	0.023
0.871	0.048	0.063	0.018
0.381	0.276	0.176	0.168
>GCGTCGCTCT	21-GCGTCGCTCT	9.110506	-7.920319	0	T:189.0(2.35%),B:105.5(1.57%),P:1e-3	Tpos:222.4,Tstd:125.7,Bpos:534.8,Bstd:627.5,StrandBias:-0.0,Multiplicity:1.02
0.036	0.098	0.807	0.059
0.045	0.819	0.087	0.049
0.026	0.050	0.878	0.046
0.060	0.169	0.089	0.682
0.057	0.840	0.053	0.050
0.057	0.088	0.833	0.022
0.022	0.886	0.053	0.039
0.054	0.062	0.137	0.747
0.033	0.814	0.066	0.087
0.079	0.130	0.094	0.697
>GGAGCGGAAA	22-GGAGCGGAAA	7.640145	-7.616922	0	T:487.0(6.07%),B:323.5(4.82%),P:1e-3	Tpos:222.9,Tstd:116.8,Bpos:538.2,Bstd:566.2,StrandBias:-0.1,Multiplicity:1.03
0.096	0.140	0.684	0.080
0.102	0.131	0.721	0.046
0.484	0.287	0.162	0.066
0.101	0.242	0.603	0.054
0.093	0.715	0.136	0.056
0.008	0.190	0.788	0.014
0.096	0.105	0.797	0.002
0.660	0.179	0.147	0.014
0.616	0.159	0.135	0.090
0.562	0.206	0.136	0.096
>ACAGGAAGTG	23-ACAGGAAGTG	8.821089	-5.462617	0	T:262.0(3.26%),B:169.5(2.53%),P:1e-2	Tpos:230.4,Tstd:126.9,Bpos:489.5,Bstd:591.6,StrandBias:-0.1,Multiplicity:1.03
0.613	0.085	0.207	0.095
0.233	0.534	0.162	0.071
0.606	0.126	0.252	0.016
0.051	0.018	0.908	0.023
0.073	0.049	0.824	0.054
0.846	0.050	0.078	0.026
0.722	0.107	0.111	0.060
0.050	0.218	0.702	0.030
0.084	0.303	0.121	0.492
0.077	0.116	0.768	0.039
>TTCGCTTCCT	24-TTCGCTTCCT	11.613741	-3.325026	0	T:8.0(0.10%),B:1.8(0.03%),P:1e-1	Tpos:195.7,Tstd:176.1,Bpos:700.6,Bstd:95.5,StrandBias:-0.4,Multiplicity:1.00
0.051	0.068	0.106	0.775
0.050	0.121	0.124	0.705
0.053	0.829	0.056	0.062
0.107	0.036	0.840	0.017
0.027	0.778	0.110	0.085
0.045	0.057	0.115	0.783
0.024	0.053	0.104	0.819
0.033	0.843	0.034	0.090
0.017	0.886	0.036	0.061
0.062	0.125	0.069	0.744
>CCGCGGCCAA	25-CCGCGGCCAA	9.228555	-1.104339	0	T:248.0(3.09%),B:198.8(2.96%),P:1e0	Tpos:209.4,Tstd:121.0,Bpos:448.0,Bstd:637.9,StrandBias:0.2,Multiplicity:1.03
0.069	0.795	0.078	0.058
0.055	0.778	0.110	0.057
0.061	0.050	0.814	0.075
0.065	0.823	0.073	0.039
0.065	0.053	0.831	0.051
0.089	0.085	0.770	0.056
0.045	0.853	0.063	0.039
0.047	0.814	0.074	0.065
0.744	0.051	0.102	0.103
0.780	0.070	0.074	0.076
