>CACYAGGGGG	1-CACYAGGGGG	9.675957	-115.484917	0	T:532.0(6.63%),B:118.4(1.76%),P:1e-50	Tpos:200.4,Tstd:91.6,Bpos:480.5,Bstd:453.5,StrandBias:-0.3,Multiplicity:1.11
0.025	0.965	0.001	0.009
0.809	0.069	0.043	0.079
0.017	0.708	0.267	0.008
0.149	0.378	0.001	0.472
0.893	0.069	0.037	0.001
0.010	0.001	0.988	0.001
0.217	0.001	0.771	0.011
0.005	0.004	0.720	0.271
0.050	0.013	0.893	0.044
0.016	0.045	0.938	0.001
>ACTACAATTC	2-ACTACAATTC	9.216086	-79.933628	0	T:295.0(3.67%),B:51.0(0.76%),P:1e-34	Tpos:201.9,Tstd:117.2,Bpos:517.6,Bstd:194.5,StrandBias:-0.1,Multiplicity:1.20
0.988	0.010	0.001	0.001
0.001	0.997	0.001	0.001
0.001	0.001	0.001	0.997
0.967	0.016	0.001	0.016
0.001	0.979	0.019	0.001
0.991	0.001	0.007	0.001
0.626	0.091	0.055	0.228
0.043	0.291	0.110	0.556
0.003	0.030	0.001	0.966
0.001	0.997	0.001	0.001
>CGCCATCTTG	3-CGCCATCTTG	9.929790	-76.522970	0	T:381.0(4.75%),B:91.1(1.36%),P:1e-33	Tpos:209.2,Tstd:116.9,Bpos:585.8,Bstd:546.1,StrandBias:-0.1,Multiplicity:1.06
0.043	0.922	0.034	0.001
0.012	0.001	0.977	0.010
0.009	0.984	0.006	0.001
0.001	0.997	0.001	0.001
0.962	0.019	0.001	0.018
0.001	0.010	0.001	0.988
0.026	0.813	0.027	0.134
0.027	0.019	0.001	0.953
0.069	0.001	0.051	0.879
0.090	0.091	0.734	0.085
>VCCGGAAGYG	4-VCCGGAAGYG	8.607825	-59.734704	0	T:1175.0(14.63%),B:601.8(8.97%),P:1e-25	Tpos:210.6,Tstd:122.6,Bpos:436.1,Bstd:1133.6,StrandBias:-0.0,Multiplicity:1.22
0.321	0.237	0.298	0.144
0.001	0.628	0.370	0.001
0.174	0.824	0.001	0.001
0.001	0.001	0.997	0.001
0.001	0.001	0.997	0.001
0.997	0.001	0.001	0.001
0.997	0.001	0.001	0.001
0.272	0.109	0.618	0.001
0.122	0.422	0.001	0.456
0.122	0.223	0.525	0.130
>GRACBCGCGA	5-GRACBCGCGA	6.517130	-45.781700	0	T:113.0(1.41%),B:9.8(0.15%),P:1e-19	Tpos:209.6,Tstd:128.1,Bpos:662.3,Bstd:223.1,StrandBias:0.6,Multiplicity:1.03
0.266	0.078	0.581	0.075
0.288	0.209	0.383	0.121
0.483	0.250	0.004	0.262
0.005	0.519	0.290	0.186
0.151	0.214	0.292	0.343
0.023	0.544	0.215	0.218
0.130	0.251	0.546	0.073
0.254	0.674	0.066	0.006
0.120	0.125	0.743	0.012
0.418	0.257	0.256	0.069
>GCGGCCATTT	6-GCGGCCATTT	9.421037	-40.158155	0	T:210.0(2.62%),B:53.9(0.80%),P:1e-17	Tpos:207.0,Tstd:115.7,Bpos:519.4,Bstd:356.2,StrandBias:-0.2,Multiplicity:1.02
0.019	0.001	0.964	0.016
0.021	0.913	0.024	0.042
0.077	0.079	0.783	0.061
0.006	0.019	0.974	0.001
0.013	0.983	0.001	0.003
0.001	0.964	0.009	0.026
0.878	0.058	0.039	0.025
0.006	0.001	0.001	0.992
0.023	0.177	0.041	0.759
0.001	0.028	0.072	0.899
>CAGGTGGCGC	7-CAGGTGGCGC	9.243157	-37.125888	0	T:596.0(7.42%),B:283.4(4.22%),P:1e-16	Tpos:212.8,Tstd:113.1,Bpos:428.8,Bstd:650.2,StrandBias:-0.0,Multiplicity:1.05
0.038	0.831	0.044	0.087
0.983	0.015	0.001	0.001
0.001	0.001	0.986	0.012
0.001	0.012	0.986	0.001
0.062	0.222	0.125	0.591
0.001	0.036	0.962	0.001
0.001	0.068	0.878	0.053
0.014	0.959	0.001	0.026
0.001	0.001	0.997	0.001
0.035	0.885	0.054	0.026
>AGGCCGCGCC	8-AGGCCGCGCC	10.431873	-26.511503	0	T:371.0(4.62%),B:168.7(2.51%),P:1e-11	Tpos:219.1,Tstd:129.2,Bpos:459.5,Bstd:606.9,StrandBias:0.1,Multiplicity:1.05
0.839	0.001	0.001	0.159
0.112	0.286	0.566	0.036
0.001	0.001	0.997	0.001
0.001	0.997	0.001	0.001
0.001	0.772	0.185	0.042
0.208	0.001	0.775	0.016
0.074	0.715	0.184	0.027
0.021	0.049	0.887	0.043
0.001	0.956	0.042	0.001
0.001	0.997	0.001	0.001
>CGTCAGGCGG	9-CGTCAGGCGG	9.262679	-25.012368	0	T:272.0(3.39%),B:111.9(1.67%),P:1e-10	Tpos:224.1,Tstd:129.4,Bpos:523.8,Bstd:608.6,StrandBias:-0.1,Multiplicity:1.02
0.001	0.953	0.001	0.045
0.017	0.046	0.894	0.043
0.047	0.114	0.102	0.737
0.013	0.961	0.020	0.006
0.881	0.073	0.020	0.026
0.006	0.040	0.942	0.012
0.013	0.012	0.969	0.006
0.087	0.900	0.001	0.012
0.012	0.069	0.885	0.034
0.026	0.001	0.921	0.052
>RGCTCTCGCG	10-RGCTCTCGCG	9.818043	-23.044756	0	T:94.0(1.17%),B:19.9(0.30%),P:1e-10	Tpos:223.8,Tstd:132.3,Bpos:537.2,Bstd:368.2,StrandBias:0.5,Multiplicity:1.08
0.391	0.234	0.245	0.129
0.240	0.040	0.685	0.035
0.099	0.554	0.260	0.087
0.083	0.068	0.001	0.848
0.001	0.869	0.108	0.022
0.001	0.188	0.237	0.574
0.001	0.990	0.008	0.001
0.001	0.001	0.963	0.035
0.044	0.896	0.001	0.059
0.008	0.001	0.990	0.001
>GGCGGAACCA	11-GGCGGAACCA	9.751903	-22.426387	0	T:53.0(0.66%),B:4.7(0.07%),P:1e-9	Tpos:203.4,Tstd:110.4,Bpos:435.3,Bstd:126.8,StrandBias:0.2,Multiplicity:1.02
0.075	0.072	0.800	0.053
0.038	0.105	0.825	0.032
0.055	0.819	0.071	0.055
0.038	0.055	0.854	0.053
0.067	0.063	0.834	0.036
0.757	0.112	0.100	0.031
0.767	0.085	0.094	0.054
0.071	0.830	0.064	0.035
0.048	0.818	0.079	0.055
0.697	0.083	0.112	0.108
>CGTCACGTSA	12-CGTCACGTSA	8.362316	-22.422251	0	T:324.0(4.04%),B:150.0(2.24%),P:1e-9	Tpos:210.7,Tstd:123.7,Bpos:466.3,Bstd:462.5,StrandBias:-0.0,Multiplicity:1.08
0.162	0.706	0.088	0.044
0.051	0.061	0.858	0.030
0.027	0.016	0.037	0.920
0.088	0.524	0.253	0.135
0.901	0.030	0.054	0.015
0.015	0.924	0.031	0.030
0.037	0.026	0.912	0.025
0.007	0.051	0.067	0.875
0.162	0.448	0.386	0.003
0.910	0.066	0.017	0.007
>CGGCGCCGTA	13-CGGCGCCGTA	8.826193	-20.762887	0	T:243.0(3.03%),B:103.4(1.54%),P:1e-9	Tpos:222.8,Tstd:129.7,Bpos:718.3,Bstd:411.8,StrandBias:0.0,Multiplicity:1.01
0.073	0.777	0.091	0.059
0.037	0.071	0.832	0.060
0.036	0.080	0.834	0.050
0.067	0.867	0.041	0.025
0.047	0.068	0.829	0.056
0.031	0.874	0.058	0.037
0.049	0.786	0.090	0.075
0.056	0.086	0.786	0.072
0.131	0.128	0.078	0.663
0.751	0.074	0.062	0.113
>GGCCGCTCTT	14-GGCCGCTCTT	9.230528	-16.945499	0	T:326.0(4.06%),B:166.6(2.48%),P:1e-7	Tpos:220.4,Tstd:143.6,Bpos:495.3,Bstd:632.9,StrandBias:0.1,Multiplicity:1.04
0.065	0.038	0.888	0.009
0.008	0.059	0.897	0.036
0.030	0.932	0.012	0.026
0.032	0.884	0.083	0.001
0.033	0.050	0.882	0.035
0.011	0.947	0.001	0.041
0.029	0.001	0.061	0.909
0.029	0.937	0.001	0.033
0.012	0.046	0.015	0.927
0.071	0.001	0.122	0.806
>CAGGGGAAAC	15-CAGGGGAAAC	10.494941	-16.448555	0	T:123.0(1.53%),B:42.5(0.63%),P:1e-7	Tpos:236.7,Tstd:119.2,Bpos:508.1,Bstd:248.3,StrandBias:-0.2,Multiplicity:1.01
0.040	0.851	0.108	0.001
0.868	0.026	0.082	0.024
0.001	0.001	0.981	0.017
0.016	0.021	0.937	0.026
0.038	0.021	0.933	0.008
0.030	0.026	0.916	0.028
0.939	0.001	0.036	0.024
0.859	0.120	0.020	0.001
0.887	0.048	0.052	0.013
0.025	0.891	0.083	0.001
>TCGCTACCGC	16-TCGCTACCGC	7.308959	-13.890871	0	T:223.0(2.78%),B:108.1(1.61%),P:1e-6	Tpos:228.0,Tstd:126.9,Bpos:441.4,Bstd:686.6,StrandBias:0.2,Multiplicity:1.02
0.054	0.076	0.080	0.790
0.064	0.784	0.080	0.072
0.090	0.070	0.757	0.083
0.002	0.888	0.051	0.059
0.082	0.077	0.068	0.773
0.771	0.082	0.066	0.081
0.019	0.810	0.099	0.072
0.065	0.795	0.050	0.090
0.063	0.082	0.798	0.057
0.059	0.830	0.070	0.041
>CGCATGCGCA	17-CGCATGCGCA	9.237399	-11.971949	0	T:678.0(8.44%),B:438.2(6.53%),P:1e-5	Tpos:211.8,Tstd:122.9,Bpos:516.7,Bstd:913.1,StrandBias:0.0,Multiplicity:1.19
0.051	0.882	0.042	0.025
0.025	0.026	0.888	0.061
0.041	0.885	0.045	0.029
0.688	0.096	0.143	0.073
0.089	0.165	0.099	0.647
0.016	0.061	0.875	0.048
0.037	0.884	0.064	0.015
0.029	0.048	0.863	0.060
0.032	0.874	0.034	0.060
0.513	0.129	0.276	0.082
>CGCCGCGSWT	18-CGCCGCGSWT	9.861745	-11.227971	0	T:200.0(2.49%),B:101.4(1.51%),P:1e-4	Tpos:232.6,Tstd:119.6,Bpos:624.2,Bstd:673.7,StrandBias:-0.0,Multiplicity:1.02
0.015	0.655	0.318	0.012
0.001	0.023	0.975	0.001
0.011	0.987	0.001	0.001
0.088	0.758	0.136	0.018
0.001	0.001	0.997	0.001
0.010	0.965	0.024	0.001
0.001	0.001	0.997	0.001
0.001	0.550	0.448	0.001
0.419	0.116	0.185	0.280
0.228	0.212	0.121	0.438
>GGCGCGACCA	19-GGCGCGACCA	8.142541	-9.776747	0	T:437.0(5.44%),B:273.3(4.07%),P:1e-4	Tpos:214.4,Tstd:123.5,Bpos:582.1,Bstd:711.1,StrandBias:0.0,Multiplicity:1.05
0.043	0.087	0.808	0.062
0.044	0.122	0.807	0.027
0.045	0.852	0.044	0.059
0.022	0.102	0.836	0.040
0.057	0.756	0.110	0.077
0.057	0.061	0.840	0.042
0.715	0.120	0.095	0.070
0.046	0.842	0.075	0.037
0.055	0.803	0.085	0.057
0.742	0.066	0.137	0.055
>HCGSCGGAAM	20-HCGSCGGAAM	9.490276	-9.270010	0	T:107.0(1.33%),B:47.7(0.71%),P:1e-4	Tpos:218.3,Tstd:118.6,Bpos:342.0,Bstd:401.1,StrandBias:-0.3,Multiplicity:1.02
0.284	0.352	0.001	0.363
0.060	0.800	0.115	0.025
0.060	0.070	0.789	0.081
0.092	0.477	0.427	0.003
0.054	0.863	0.059	0.024
0.032	0.041	0.901	0.026
0.021	0.039	0.919	0.021
0.859	0.083	0.035	0.023
0.871	0.048	0.063	0.018
0.381	0.276	0.176	0.168
>GCGTCGCTCT	21-GCGTCGCTCT	9.110506	-7.920319	0	T:189.0(2.35%),B:105.5(1.57%),P:1e-3	Tpos:222.4,Tstd:125.7,Bpos:534.8,Bstd:627.5,StrandBias:-0.0,Multiplicity:1.02
0.036	0.098	0.807	0.059
0.045	0.819	0.087	0.049
0.026	0.050	0.878	0.046
0.060	0.169	0.089	0.682
0.057	0.840	0.053	0.050
0.057	0.088	0.833	0.022
0.022	0.886	0.053	0.039
0.054	0.062	0.137	0.747
0.033	0.814	0.066	0.087
0.079	0.130	0.094	0.697
>GGAGCGGAAA	22-GGAGCGGAAA	7.640145	-7.616922	0	T:487.0(6.07%),B:323.5(4.82%),P:1e-3	Tpos:222.9,Tstd:116.8,Bpos:538.2,Bstd:566.2,StrandBias:-0.1,Multiplicity:1.03
0.096	0.140	0.684	0.080
0.102	0.131	0.721	0.046
0.484	0.287	0.162	0.066
0.101	0.242	0.603	0.054
0.093	0.715	0.136	0.056
0.008	0.190	0.788	0.014
0.096	0.105	0.797	0.002
0.660	0.179	0.147	0.014
0.616	0.159	0.135	0.090
0.562	0.206	0.136	0.096
>ACAGGAAGTG	23-ACAGGAAGTG	8.821089	-5.462617	0	T:262.0(3.26%),B:169.5(2.53%),P:1e-2	Tpos:230.4,Tstd:126.9,Bpos:489.5,Bstd:591.6,StrandBias:-0.1,Multiplicity:1.03
0.613	0.085	0.207	0.095
0.233	0.534	0.162	0.071
0.606	0.126	0.252	0.016
0.051	0.018	0.908	0.023
0.073	0.049	0.824	0.054
0.846	0.050	0.078	0.026
0.722	0.107	0.111	0.060
0.050	0.218	0.702	0.030
0.084	0.303	0.121	0.492
0.077	0.116	0.768	0.039
>TTCGCTTCCT	24-TTCGCTTCCT	11.613741	-3.325026	0	T:8.0(0.10%),B:1.8(0.03%),P:1e-1	Tpos:195.7,Tstd:176.1,Bpos:700.6,Bstd:95.5,StrandBias:-0.4,Multiplicity:1.00
0.051	0.068	0.106	0.775
0.050	0.121	0.124	0.705
0.053	0.829	0.056	0.062
0.107	0.036	0.840	0.017
0.027	0.778	0.110	0.085
0.045	0.057	0.115	0.783
0.024	0.053	0.104	0.819
0.033	0.843	0.034	0.090
0.017	0.886	0.036	0.061
0.062	0.125	0.069	0.744
>CCGCGGCCAA	25-CCGCGGCCAA	9.228555	-1.104339	0	T:248.0(3.09%),B:198.8(2.96%),P:1e0	Tpos:209.4,Tstd:121.0,Bpos:448.0,Bstd:637.9,StrandBias:0.2,Multiplicity:1.03
0.069	0.795	0.078	0.058
0.055	0.778	0.110	0.057
0.061	0.050	0.814	0.075
0.065	0.823	0.073	0.039
0.065	0.053	0.831	0.051
0.089	0.085	0.770	0.056
0.045	0.853	0.063	0.039
0.047	0.814	0.074	0.065
0.744	0.051	0.102	0.103
0.780	0.070	0.074	0.076
>GCCCCCTGGTGG	1-GCCCCCTGGTGG	10.698993	-245.801847	0	T:806.0(10.04%),B:118.1(1.76%),P:1e-106	Tpos:201.0,Tstd:87.4,Bpos:465.4,Bstd:596.8,StrandBias:0.1,Multiplicity:1.08
0.083	0.001	0.817	0.099
0.082	0.877	0.001	0.040
0.008	0.990	0.001	0.001
0.334	0.647	0.001	0.018
0.001	0.644	0.009	0.346
0.001	0.967	0.002	0.030
0.123	0.108	0.009	0.760
0.277	0.111	0.494	0.118
0.021	0.334	0.624	0.021
0.129	0.242	0.001	0.628
0.001	0.001	0.997	0.001
0.063	0.075	0.758	0.104
>ACTACAATTCCC	2-ACTACAATTCCC	10.446316	-132.550366	0	T:294.0(3.66%),B:16.4(0.24%),P:1e-57	Tpos:206.4,Tstd:117.6,Bpos:608.2,Bstd:167.3,StrandBias:-0.1,Multiplicity:1.22
0.997	0.001	0.001	0.001
0.003	0.995	0.001	0.001
0.001	0.003	0.001	0.995
0.974	0.004	0.011	0.011
0.001	0.993	0.003	0.003
0.989	0.001	0.007	0.003
0.640	0.089	0.048	0.223
0.046	0.313	0.104	0.537
0.004	0.019	0.004	0.973
0.001	0.997	0.001	0.001
0.003	0.995	0.001	0.001
0.003	0.995	0.001	0.001
>GCCGCCATCTTG	3-GCCGCCATCTTG	10.010445	-108.667879	0	T:529.0(6.59%),B:124.7(1.86%),P:1e-47	Tpos:214.9,Tstd:121.4,Bpos:519.7,Bstd:554.8,StrandBias:-0.1,Multiplicity:1.09
0.180	0.086	0.618	0.116
0.035	0.645	0.199	0.121
0.168	0.710	0.121	0.001
0.017	0.001	0.913	0.069
0.017	0.974	0.001	0.008
0.001	0.997	0.001	0.001
0.966	0.001	0.025	0.008
0.001	0.008	0.017	0.974
0.034	0.515	0.226	0.225
0.052	0.060	0.060	0.828
0.008	0.001	0.001	0.990
0.121	0.233	0.559	0.087
>GGGCCGGAAGTG	4-GGGCCGGAAGTG	12.418913	-53.054407	0	T:87.0(1.08%),B:0.8(0.01%),P:1e-23	Tpos:200.4,Tstd:106.4,Bpos:727.3,Bstd:26.6,StrandBias:-0.2,Multiplicity:1.02
0.124	0.202	0.638	0.036
0.137	0.229	0.605	0.029
0.199	0.123	0.652	0.026
0.020	0.762	0.205	0.013
0.129	0.857	0.013	0.001
0.003	0.006	0.990	0.001
0.001	0.001	0.997	0.001
0.878	0.029	0.086	0.007
0.932	0.013	0.045	0.010
0.013	0.013	0.971	0.003
0.036	0.266	0.095	0.603
0.023	0.097	0.838	0.042
>CGCCGGCGCCAT	5-CGCCGGCGCCAT	9.497338	-39.251662	0	T:195.0(2.43%),B:47.3(0.71%),P:1e-17	Tpos:221.6,Tstd:122.5,Bpos:523.7,Bstd:671.7,StrandBias:-0.3,Multiplicity:1.01
0.096	0.692	0.125	0.087
0.076	0.136	0.686	0.102
0.065	0.712	0.155	0.068
0.094	0.695	0.118	0.093
0.093	0.120	0.695	0.092
0.067	0.172	0.683	0.078
0.090	0.710	0.127	0.073
0.082	0.128	0.685	0.105
0.070	0.717	0.136	0.077
0.066	0.751	0.110	0.073
0.488	0.195	0.185	0.132
0.112	0.180	0.219	0.488
>GCCCCCGACGCG	6-GCCCCCGACGCG	10.908093	-39.073019	0	T:121.0(1.51%),B:16.8(0.25%),P:1e-16	Tpos:235.3,Tstd:125.9,Bpos:523.9,Bstd:539.7,StrandBias:-0.5,Multiplicity:1.01
0.039	0.058	0.875	0.028
0.081	0.793	0.075	0.051
0.028	0.792	0.113	0.067
0.028	0.884	0.058	0.030
0.019	0.851	0.074	0.056
0.046	0.833	0.071	0.050
0.032	0.062	0.840	0.066
0.649	0.192	0.110	0.049
0.054	0.837	0.079	0.030
0.030	0.045	0.884	0.041
0.028	0.906	0.030	0.036
0.048	0.051	0.856	0.045
>CTGCGCABGCGC	7-CTGCGCABGCGC	12.999204	-38.375434	0	T:63.0(0.78%),B:0.0(0.00%),P:1e-16	Tpos:201.1,Tstd:121.8,Bpos:0.0,Bstd:0.0,StrandBias:-0.2,Multiplicity:1.00
0.121	0.568	0.206	0.105
0.074	0.273	0.166	0.486
0.004	0.069	0.925	0.002
0.007	0.956	0.001	0.036
0.004	0.050	0.942	0.004
0.001	0.886	0.112	0.001
0.474	0.251	0.229	0.046
0.046	0.283	0.368	0.303
0.002	0.055	0.916	0.027
0.034	0.923	0.002	0.041
0.002	0.003	0.946	0.049
0.002	0.927	0.002	0.069
>GGGTCACGTGAC	8-GGGTCACGTGAC	11.769571	-33.195631	0	T:60.0(0.75%),B:1.1(0.02%),P:1e-14	Tpos:214.1,Tstd:116.5,Bpos:224.5,Bstd:65.3,StrandBias:0.2,Multiplicity:1.12
0.063	0.322	0.485	0.130
0.090	0.259	0.543	0.108
0.113	0.062	0.797	0.028
0.045	0.164	0.085	0.706
0.005	0.972	0.022	0.001
0.815	0.084	0.062	0.039
0.011	0.932	0.017	0.040
0.051	0.056	0.882	0.011
0.001	0.028	0.028	0.943
0.011	0.011	0.977	0.001
0.633	0.085	0.203	0.079
0.051	0.643	0.193	0.113
>CGCCTCCTGGCG	9-CGCCTCCTGGCG	11.944280	-30.652128	0	T:150.0(1.87%),B:36.5(0.54%),P:1e-13	Tpos:228.1,Tstd:118.5,Bpos:525.8,Bstd:517.2,StrandBias:0.0,Multiplicity:1.01
0.001	0.978	0.001	0.020
0.051	0.001	0.897	0.051
0.010	0.814	0.175	0.001
0.001	0.989	0.001	0.009
0.010	0.113	0.041	0.836
0.001	0.979	0.010	0.010
0.001	0.997	0.001	0.001
0.012	0.223	0.062	0.703
0.010	0.015	0.965	0.010
0.010	0.115	0.844	0.031
0.020	0.897	0.001	0.082
0.031	0.082	0.877	0.010
>GCCGCGCGGCCC	10-GCCGCGCGGCCC	11.500936	-30.431322	0	T:219.0(2.73%),B:71.7(1.07%),P:1e-13	Tpos:208.1,Tstd:116.2,Bpos:523.6,Bstd:891.5,StrandBias:-0.3,Multiplicity:1.04
0.059	0.115	0.825	0.001
0.001	0.815	0.140	0.044
0.044	0.868	0.001	0.087
0.038	0.001	0.881	0.080
0.044	0.937	0.001	0.018
0.001	0.103	0.825	0.071
0.113	0.767	0.057	0.063
0.060	0.001	0.913	0.026
0.009	0.073	0.867	0.051
0.071	0.792	0.080	0.057
0.053	0.757	0.087	0.103
0.001	0.754	0.144	0.101
>NNTTHCGGCSDW	11-NNTTHCGGCSDW	6.427618	-25.686383	0	T:59.0(0.73%),B:4.8(0.07%),P:1e-11	Tpos:229.1,Tstd:134.8,Bpos:415.2,Bstd:114.4,StrandBias:0.2,Multiplicity:1.00
0.315	0.235	0.252	0.198
0.185	0.261	0.311	0.244
0.210	0.097	0.193	0.500
0.318	0.030	0.046	0.606
0.318	0.358	0.114	0.210
0.046	0.756	0.168	0.030
0.030	0.223	0.713	0.034
0.214	0.076	0.504	0.206
0.172	0.522	0.084	0.222
0.126	0.383	0.302	0.189
0.306	0.073	0.315	0.306
0.311	0.202	0.067	0.420
>CGCCGGGCGGTG	12-CGCCGGGCGGTG	10.770684	-24.402024	0	T:173.0(2.15%),B:56.7(0.85%),P:1e-10	Tpos:221.5,Tstd:131.2,Bpos:408.9,Bstd:622.2,StrandBias:0.1,Multiplicity:1.02
0.044	0.835	0.070	0.051
0.030	0.095	0.796	0.079
0.030	0.828	0.112	0.030
0.077	0.762	0.090	0.071
0.045	0.045	0.872	0.038
0.035	0.076	0.859	0.030
0.026	0.038	0.897	0.039
0.061	0.840	0.056	0.043
0.032	0.062	0.867	0.039
0.022	0.098	0.852	0.028
0.047	0.092	0.154	0.707
0.022	0.059	0.889	0.030
>CTTCCGGKCCGS	13-CTTCCGGKCCGS	12.969292	-23.626169	0	T:48.0(0.60%),B:2.8(0.04%),P:1e-10	Tpos:190.2,Tstd:120.4,Bpos:378.0,Bstd:0.0,StrandBias:-0.1,Multiplicity:1.00
0.001	0.960	0.001	0.038
0.001	0.001	0.001	0.997
0.001	0.001	0.001	0.997
0.001	0.997	0.001	0.001
0.001	0.997	0.001	0.001
0.001	0.001	0.997	0.001
0.001	0.001	0.997	0.001
0.001	0.074	0.512	0.413
0.001	0.997	0.001	0.001
0.001	0.997	0.001	0.001
0.001	0.137	0.861	0.001
0.078	0.532	0.389	0.001
>NNTCGCGAGANN	14-NNTCGCGAGANN	7.415809	-17.636768	0	T:29.0(0.36%),B:0.0(0.00%),P:1e-7	Tpos:198.4,Tstd:135.6,Bpos:0.0,Bstd:0.0,StrandBias:0.5,Multiplicity:1.07
0.219	0.230	0.208	0.342
0.195	0.336	0.261	0.207
0.155	0.149	0.211	0.485
0.114	0.662	0.094	0.130
0.083	0.069	0.757	0.091
0.126	0.651	0.098	0.125
0.125	0.097	0.664	0.114
0.516	0.197	0.139	0.148
0.200	0.169	0.457	0.174
0.537	0.138	0.153	0.172
0.225	0.266	0.206	0.303
0.178	0.288	0.305	0.230
>CAGGCCGCGCCT	15-CAGGCCGCGCCT	12.681191	-15.810056	0	T:26.0(0.32%),B:0.0(0.00%),P:1e-6	Tpos:207.7,Tstd:141.0,Bpos:0.0,Bstd:0.0,StrandBias:0.6,Multiplicity:1.00
0.035	0.871	0.065	0.029
0.752	0.102	0.089	0.057
0.029	0.071	0.876	0.024
0.035	0.074	0.860	0.031
0.028	0.901	0.043	0.028
0.048	0.828	0.075	0.049
0.052	0.099	0.787	0.062
0.038	0.829	0.087	0.046
0.029	0.062	0.829	0.080
0.020	0.875	0.077	0.028
0.025	0.902	0.044	0.029
0.048	0.139	0.122	0.691
>TCCTGGCCGCGC	16-TCCTGGCCGCGC	10.086360	-15.193626	0	T:93.0(1.16%),B:28.2(0.42%),P:1e-6	Tpos:204.4,Tstd:125.8,Bpos:564.9,Bstd:223.0,StrandBias:-0.8,Multiplicity:1.01
0.099	0.175	0.156	0.570
0.066	0.698	0.142	0.094
0.071	0.744	0.105	0.080
0.121	0.165	0.172	0.542
0.074	0.142	0.699	0.085
0.074	0.147	0.691	0.088
0.076	0.712	0.138	0.074
0.105	0.649	0.140	0.106
0.077	0.159	0.657	0.107
0.096	0.690	0.125	0.089
0.083	0.142	0.669	0.106
0.077	0.680	0.162	0.081
>NNCGHCGDAMSB	17-NNCGHCGDAMSB	6.561181	-14.840562	0	T:92.0(1.15%),B:28.4(0.42%),P:1e-6	Tpos:226.7,Tstd:116.1,Bpos:539.3,Bstd:575.9,StrandBias:-0.4,Multiplicity:1.01
0.320	0.200	0.238	0.242
0.277	0.166	0.243	0.315
0.196	0.490	0.158	0.156
0.118	0.082	0.720	0.080
0.233	0.340	0.081	0.347
0.043	0.756	0.197	0.004
0.080	0.005	0.873	0.042
0.333	0.153	0.269	0.245
0.756	0.082	0.045	0.117
0.335	0.349	0.159	0.156
0.089	0.283	0.394	0.234
0.166	0.201	0.282	0.351
>SGCGCATGCGCA	18-SGCGCATGCGCA	11.166251	-13.967380	0	T:523.0(6.51%),B:314.7(4.69%),P:1e-6	Tpos:218.4,Tstd:124.9,Bpos:548.8,Bstd:796.9,StrandBias:0.0,Multiplicity:1.10
0.001	0.423	0.379	0.197
0.383	0.069	0.547	0.001
0.274	0.724	0.001	0.001
0.017	0.001	0.981	0.001
0.001	0.997	0.001	0.001
0.642	0.186	0.171	0.001
0.001	0.126	0.238	0.635
0.001	0.001	0.997	0.001
0.001	0.997	0.001	0.001
0.001	0.001	0.997	0.001
0.001	0.997	0.001	0.001
0.650	0.088	0.102	0.160
>GGCGGGACCGCG	19-GGCGGGACCGCG	11.956332	-13.072309	0	T:85.0(1.06%),B:27.4(0.41%),P:1e-5	Tpos:225.2,Tstd:153.0,Bpos:598.8,Bstd:614.4,StrandBias:-0.1,Multiplicity:1.02
0.055	0.049	0.862	0.034
0.029	0.079	0.860	0.032
0.049	0.876	0.032	0.043
0.045	0.058	0.867	0.030
0.046	0.054	0.856	0.044
0.040	0.061	0.880	0.019
0.681	0.056	0.219	0.044
0.065	0.851	0.059	0.025
0.046	0.834	0.071	0.049
0.065	0.094	0.771	0.070
0.060	0.812	0.077	0.051
0.047	0.075	0.850	0.028
>CGCGCGTGCGCG	20-CGCGCGTGCGCG	11.315575	-10.269629	0	T:282.0(3.51%),B:160.7(2.40%),P:1e-4	Tpos:205.7,Tstd:129.0,Bpos:512.4,Bstd:637.0,StrandBias:-0.1,Multiplicity:1.13
0.045	0.602	0.153	0.200
0.012	0.062	0.919	0.007
0.001	0.774	0.104	0.121
0.004	0.001	0.994	0.001
0.068	0.845	0.032	0.055
0.001	0.217	0.750	0.032
0.098	0.124	0.214	0.564
0.001	0.032	0.966	0.001
0.001	0.756	0.202	0.041
0.035	0.032	0.932	0.001
0.001	0.952	0.005	0.042
0.129	0.131	0.664	0.076
>SCCGCTTCCGSS	21-SCCGCTTCCGSS	10.219358	-9.394472	0	T:375.0(4.67%),B:230.7(3.44%),P:1e-4	Tpos:219.0,Tstd:116.4,Bpos:325.0,Bstd:1190.9,StrandBias:-0.2,Multiplicity:1.04
0.062	0.319	0.397	0.222
0.088	0.486	0.308	0.117
0.001	0.798	0.200	0.001
0.259	0.001	0.716	0.024
0.014	0.770	0.135	0.081
0.001	0.001	0.218	0.780
0.019	0.001	0.001	0.979
0.001	0.936	0.026	0.037
0.001	0.908	0.090	0.001
0.001	0.234	0.764	0.001
0.062	0.363	0.501	0.074
0.100	0.385	0.412	0.103
>ACSDCGGAWTCN	22-ACSDCGGAWTCN	7.048427	-3.645066	0	T:6.0(0.07%),B:1.0(0.01%),P:1e-1	Tpos:200.5,Tstd:116.5,Bpos:225.2,Bstd:126.6,StrandBias:-2.3,Multiplicity:1.00
0.472	0.260	0.154	0.115
0.043	0.479	0.186	0.292
0.217	0.327	0.416	0.040
0.220	0.076	0.340	0.364
0.110	0.741	0.074	0.075
0.038	0.256	0.667	0.039
0.256	0.005	0.448	0.292
0.700	0.039	0.003	0.258
0.450	0.221	0.003	0.327
0.184	0.149	0.232	0.435
0.188	0.440	0.152	0.220
0.257	0.226	0.223	0.293
>MDTMCGCGDBGV	23-MDTMCGCGDBGV	6.032966	-3.335999	0	T:118.0(1.47%),B:75.2(1.12%),P:1e-1	Tpos:222.1,Tstd:136.7,Bpos:462.5,Bstd:768.6,StrandBias:-1.0,Multiplicity:1.05
0.334	0.367	0.170	0.130
0.334	0.168	0.251	0.248
0.049	0.284	0.220	0.447
0.406	0.300	0.164	0.129
0.084	0.626	0.165	0.125
0.087	0.083	0.665	0.165
0.086	0.586	0.123	0.205
0.085	0.164	0.546	0.205
0.289	0.004	0.378	0.328
0.165	0.345	0.204	0.286
0.206	0.253	0.456	0.086
0.369	0.372	0.254	0.004
>GGCCGGCGCCGC	24-GGCCGGCGCCGC	10.271128	-1.562648	0	T:411.0(5.12%),B:323.2(4.82%),P:1e0	Tpos:212.0,Tstd:126.1,Bpos:550.7,Bstd:736.1,StrandBias:0.1,Multiplicity:1.05
0.081	0.101	0.765	0.053
0.029	0.081	0.848	0.042
0.024	0.853	0.084	0.039
0.069	0.837	0.052	0.042
0.059	0.083	0.808	0.050
0.034	0.090	0.830	0.046
0.079	0.784	0.092	0.045
0.022	0.086	0.852	0.040
0.025	0.867	0.063	0.045
0.036	0.812	0.071	0.081
0.029	0.065	0.852	0.054
0.032	0.893	0.042	0.033
>NSGCGTCCCGNN	25-NSGCGTCCCGNN	7.691713	-1.079441	0	T:32.0(0.40%),B:23.7(0.35%),P:1e0	Tpos:237.6,Tstd:131.4,Bpos:554.1,Bstd:425.0,StrandBias:0.1,Multiplicity:1.03
0.232	0.297	0.245	0.226
0.178	0.355	0.284	0.183
0.145	0.105	0.584	0.166
0.140	0.673	0.080	0.107
0.130	0.069	0.676	0.125
0.193	0.061	0.070	0.676
0.246	0.473	0.089	0.192
0.178	0.452	0.191	0.179
0.106	0.661	0.135	0.098
0.128	0.076	0.668	0.128
0.276	0.264	0.280	0.180
0.244	0.326	0.211	0.220
>ACTTMCGK	1-ACTTMCGK	7.409605	-43.908089	0	T:1015.0(12.64%),B:542.3(8.08%),P:1e-19	Tpos:213.5,Tstd:126.2,Bpos:499.4,Bstd:861.5,StrandBias:-0.1,Multiplicity:1.17
0.700	0.001	0.249	0.050
0.001	0.602	0.001	0.396
0.055	0.001	0.060	0.884
0.001	0.147	0.001	0.851
0.261	0.406	0.195	0.138
0.001	0.997	0.001	0.001
0.001	0.001	0.995	0.003
0.001	0.223	0.365	0.411
>GTTTCCGS	2-GTTTCCGS	8.057164	-26.197310	0	T:197.0(2.45%),B:66.9(1.00%),P:1e-11	Tpos:199.0,Tstd:113.7,Bpos:453.8,Bstd:545.9,StrandBias:0.2,Multiplicity:1.01
0.134	0.087	0.495	0.284
0.064	0.196	0.143	0.597
0.027	0.001	0.001	0.971
0.297	0.001	0.060	0.642
0.156	0.625	0.091	0.128
0.001	0.916	0.054	0.029
0.001	0.066	0.885	0.048
0.032	0.385	0.516	0.067
>TTCCGGTC	3-TTCCGGTC	8.231293	-16.581105	0	T:303.0(3.77%),B:152.8(2.28%),P:1e-7	Tpos:213.5,Tstd:111.9,Bpos:545.8,Bstd:567.2,StrandBias:0.2,Multiplicity:1.03
0.001	0.060	0.028	0.911
0.001	0.059	0.046	0.894
0.001	0.997	0.001	0.001
0.001	0.951	0.001	0.047
0.049	0.077	0.873	0.001
0.023	0.037	0.893	0.047
0.001	0.115	0.056	0.828
0.012	0.811	0.062	0.115
>TCTCGCGA	4-TCTCGCGA	8.739842	-10.390433	0	T:126.0(1.57%),B:56.2(0.84%),P:1e-4	Tpos:217.1,Tstd:130.1,Bpos:74.7,Bstd:277.0,StrandBias:0.2,Multiplicity:1.15
0.101	0.120	0.104	0.675
0.120	0.672	0.116	0.092
0.148	0.060	0.089	0.703
0.043	0.771	0.088	0.098
0.079	0.015	0.856	0.050
0.022	0.826	0.076	0.076
0.041	0.050	0.869	0.040
0.631	0.123	0.086	0.160
>NTTCCGGN	5-NTTCCGGN	7.054826	-7.698292	0	T:157.0(1.96%),B:84.8(1.26%),P:1e-3	Tpos:208.7,Tstd:119.2,Bpos:569.2,Bstd:521.3,StrandBias:0.3,Multiplicity:1.00
0.154	0.296	0.247	0.303
0.051	0.077	0.101	0.771
0.088	0.050	0.050	0.812
0.101	0.566	0.081	0.252
0.001	0.973	0.025	0.001
0.001	0.129	0.869	0.001
0.034	0.242	0.571	0.153
0.205	0.341	0.219	0.234
>GCCATCTT	6-GCCATCTT	10.755313	-4.802162	0	T:403.0(5.02%),B:280.6(4.18%),P:1e-2	Tpos:212.8,Tstd:130.5,Bpos:624.4,Bstd:1025.0,StrandBias:-0.1,Multiplicity:1.09
0.001	0.001	0.997	0.001
0.001	0.997	0.001	0.001
0.001	0.997	0.001	0.001
0.997	0.001	0.001	0.001
0.001	0.001	0.001	0.997
0.001	0.803	0.001	0.195
0.001	0.001	0.001	0.997
0.091	0.001	0.001	0.907
>ASGCGCGA	7-ASGCGCGA	5.553479	-3.820274	0	T:85.0(1.06%),B:49.4(0.74%),P:1e-1	Tpos:216.9,Tstd:118.9,Bpos:379.4,Bstd:272.2,StrandBias:0.3,Multiplicity:1.03
0.540	0.231	0.202	0.027
0.200	0.393	0.279	0.128
0.198	0.137	0.467	0.199
0.192	0.646	0.094	0.068
0.258	0.169	0.490	0.083
0.246	0.507	0.104	0.143
0.134	0.180	0.517	0.169
0.479	0.256	0.250	0.015
>CGTDMGGC	8-CGTDMGGC	8.220344	-3.493751	0	T:66.0(0.82%),B:37.5(0.56%),P:1e-1	Tpos:218.7,Tstd:121.7,Bpos:532.3,Bstd:754.7,StrandBias:-0.2,Multiplicity:1.00
0.001	0.984	0.001	0.014
0.001	0.155	0.619	0.225
0.068	0.121	0.001	0.810
0.294	0.038	0.309	0.359
0.418	0.503	0.044	0.035
0.019	0.001	0.979	0.001
0.133	0.001	0.826	0.040
0.087	0.787	0.088	0.038
>RCGTVACG	9-RCGTVACG	6.563880	-2.555317	0	T:154.0(1.92%),B:107.1(1.60%),P:1e-1	Tpos:203.2,Tstd:122.6,Bpos:463.6,Bstd:719.2,StrandBias:0.2,Multiplicity:1.04
0.415	0.160	0.424	0.001
0.156	0.763	0.080	0.001
0.001	0.203	0.795	0.001
0.089	0.015	0.342	0.554
0.343	0.296	0.204	0.158
0.884	0.114	0.001	0.001
0.001	0.661	0.154	0.184
0.133	0.246	0.439	0.183
>CRGCGGAA	10-CRGCGGAA	8.237741	-1.209908	0	T:348.0(4.33%),B:278.4(4.15%),P:1e0	Tpos:212.0,Tstd:121.4,Bpos:581.6,Bstd:1050.7,StrandBias:-0.2,Multiplicity:1.03
0.001	0.500	0.300	0.199
0.282	0.238	0.400	0.080
0.125	0.294	0.580	0.001
0.001	0.997	0.001	0.001
0.001	0.284	0.714	0.001
0.001	0.001	0.997	0.001
0.997	0.001	0.001	0.001
0.997	0.001	0.001	0.001
>TTCCGCSR	11-TTCCGCSR	7.668505	-1.166047	0	T:68.0(0.85%),B:51.3(0.76%),P:1e0	Tpos:205.5,Tstd:136.6,Bpos:485.5,Bstd:731.1,StrandBias:0.2,Multiplicity:1.00
0.024	0.026	0.101	0.849
0.070	0.058	0.066	0.806
0.135	0.612	0.098	0.155
0.041	0.653	0.235	0.071
0.001	0.062	0.919	0.018
0.034	0.724	0.151	0.091
0.089	0.336	0.442	0.133
0.406	0.179	0.346	0.068
>TVCGGAAG	12-TVCGGAAG	8.142130	-1.124705	0	T:45.0(0.56%),B:33.2(0.49%),P:1e0	Tpos:197.3,Tstd:115.8,Bpos:334.6,Bstd:188.4,StrandBias:-0.2,Multiplicity:1.00
0.154	0.217	0.132	0.498
0.378	0.368	0.253	0.001
0.001	0.997	0.001	0.001
0.001	0.001	0.997	0.001
0.001	0.216	0.613	0.170
0.796	0.001	0.001	0.202
0.997	0.001	0.001	0.001
0.001	0.422	0.576	0.001
>CGGCCGWA	13-CGGCCGWA	7.722038	-1.109628	0	T:112.0(1.39%),B:87.4(1.30%),P:1e0	Tpos:224.1,Tstd:149.7,Bpos:513.7,Bstd:766.5,StrandBias:-0.4,Multiplicity:1.00
0.001	0.727	0.271	0.001
0.001	0.350	0.648	0.001
0.230	0.001	0.726	0.043
0.001	0.997	0.001	0.001
0.001	0.635	0.295	0.069
0.296	0.001	0.548	0.155
0.469	0.039	0.026	0.467
0.619	0.001	0.001	0.379
>NACGTAAN	14-NACGTAAN	5.131350	-0.502445	0	T:22.0(0.27%),B:19.5(0.29%),P:1e0	Tpos:194.5,Tstd:122.0,Bpos:602.8,Bstd:267.3,StrandBias:0.5,Multiplicity:1.00
0.255	0.271	0.263	0.212
0.419	0.197	0.256	0.128
0.095	0.722	0.118	0.065
0.050	0.132	0.728	0.090
0.140	0.188	0.219	0.454
0.531	0.164	0.174	0.131
0.568	0.155	0.170	0.107
0.195	0.308	0.316	0.181
>SCGGAAGS	15-SCGGAAGS	9.298065	-0.438180	0	T:768.0(9.57%),B:653.8(9.74%),P:1e0	Tpos:227.7,Tstd:126.3,Bpos:563.7,Bstd:579.4,StrandBias:0.2,Multiplicity:1.05
0.111	0.432	0.456	0.001
0.001	0.997	0.001	0.001
0.001	0.001	0.997	0.001
0.001	0.040	0.958	0.001
0.997	0.001	0.001	0.001
0.997	0.001	0.001	0.001
0.001	0.264	0.734	0.001
0.001	0.555	0.443	0.001
>CGTCACGT	16-CGTCACGT	8.031943	-0.370770	0	T:199.0(2.48%),B:175.0(2.61%),P:1e0	Tpos:218.4,Tstd:122.7,Bpos:463.6,Bstd:989.1,StrandBias:-0.0,Multiplicity:1.03
0.169	0.661	0.080	0.090
0.069	0.063	0.867	0.001
0.001	0.001	0.001	0.997
0.062	0.565	0.298	0.075
0.760	0.108	0.131	0.001
0.001	0.782	0.088	0.129
0.011	0.001	0.724	0.264
0.018	0.209	0.132	0.641
>YNSTTCCG	17-YNSTTCCG	7.103938	-0.247090	0	T:513.0(6.39%),B:449.7(6.70%),P:1e0	Tpos:213.3,Tstd:126.8,Bpos:425.1,Bstd:1634.5,StrandBias:-0.1,Multiplicity:1.07
0.057	0.437	0.188	0.318
0.201	0.210	0.336	0.254
0.084	0.349	0.415	0.152
0.001	0.050	0.001	0.948
0.162	0.001	0.054	0.783
0.116	0.547	0.265	0.072
0.001	0.997	0.001	0.001
0.001	0.103	0.895	0.001
>TGGTTCCG	18-TGGTTCCG	8.756650	-0.093677	0	T:122.0(1.52%),B:120.7(1.80%),P:1e0	Tpos:201.9,Tstd:116.0,Bpos:433.3,Bstd:802.9,StrandBias:-0.0,Multiplicity:1.02
0.089	0.162	0.090	0.659
0.126	0.111	0.684	0.079
0.045	0.132	0.686	0.137
0.036	0.095	0.035	0.834
0.089	0.092	0.064	0.755
0.081	0.721	0.124	0.074
0.030	0.824	0.115	0.031
0.029	0.051	0.838	0.082
>TTCGCTTC	19-TTCGCTTC	8.070418	-0.045603	0	T:126.0(1.57%),B:129.5(1.93%),P:1e0	Tpos:231.6,Tstd:167.2,Bpos:470.2,Bstd:594.2,StrandBias:-0.3,Multiplicity:1.02
0.097	0.139	0.180	0.584
0.127	0.109	0.036	0.728
0.001	0.928	0.052	0.019
0.095	0.080	0.824	0.001
0.028	0.689	0.272	0.011
0.023	0.001	0.347	0.629
0.039	0.107	0.049	0.805
0.027	0.780	0.125	0.068
>CSTTSCGB	20-CSTTSCGB	7.207317	-0.017469	0	T:133.0(1.66%),B:142.7(2.13%),P:1e0	Tpos:208.7,Tstd:147.8,Bpos:430.7,Bstd:643.4,StrandBias:0.4,Multiplicity:1.00
0.120	0.413	0.231	0.236
0.001	0.549	0.449	0.001
0.018	0.001	0.001	0.980
0.176	0.135	0.001	0.688
0.203	0.308	0.395	0.094
0.001	0.997	0.001	0.001
0.001	0.001	0.997	0.001
0.067	0.298	0.343	0.291
>CTTCCGSG	21-CTTCCGSG	9.209789	-0.003515	0	T:682.0(8.49%),B:655.6(9.77%),P:1e0	Tpos:209.5,Tstd:121.7,Bpos:544.7,Bstd:1016.4,StrandBias:-0.1,Multiplicity:1.01
0.001	0.997	0.001	0.001
0.001	0.001	0.001	0.997
0.001	0.001	0.001	0.997
0.001	0.652	0.346	0.001
0.001	0.997	0.001	0.001
0.001	0.001	0.997	0.001
0.001	0.454	0.544	0.001
0.240	0.032	0.523	0.205
>CGCGHRAS	22-CGCGHRAS	5.318714	-0.002640	0	T:397.0(4.94%),B:401.2(5.98%),P:1e0	Tpos:225.5,Tstd:122.8,Bpos:544.3,Bstd:1451.9,StrandBias:-0.2,Multiplicity:1.03
0.020	0.622	0.213	0.145
0.311	0.010	0.535	0.144
0.001	0.791	0.133	0.075
0.196	0.069	0.529	0.206
0.339	0.222	0.115	0.324
0.357	0.166	0.283	0.193
0.595	0.225	0.071	0.109
0.067	0.410	0.387	0.136
>CCTAGCGG	23-CCTAGCGG	6.485041	-0.000000	0	T:500.0(6.23%),B:562.0(8.38%),P:1e0	Tpos:215.2,Tstd:120.1,Bpos:418.0,Bstd:940.7,StrandBias:-0.0,Multiplicity:1.03
0.157	0.471	0.161	0.211
0.030	0.760	0.015	0.195
0.215	0.010	0.027	0.748
0.569	0.043	0.001	0.387
0.238	0.089	0.544	0.129
0.074	0.778	0.069	0.079
0.046	0.096	0.852	0.006
0.153	0.182	0.508	0.157
>CGCGKGCK	24-CGCGKGCK	8.336524	-0.000000	0	T:375.0(4.67%),B:477.6(7.12%),P:1e0	Tpos:223.3,Tstd:122.5,Bpos:518.2,Bstd:948.4,StrandBias:-0.1,Multiplicity:1.06
0.001	0.767	0.001	0.231
0.001	0.001	0.902	0.096
0.092	0.826	0.081	0.001
0.286	0.001	0.712	0.001
0.048	0.152	0.427	0.373
0.002	0.136	0.766	0.096
0.017	0.841	0.098	0.044
0.001	0.001	0.429	0.569
>CGCAAGCG	25-CGCAAGCG	6.084131	-0.000000	0	T:2469.0(30.75%),B:2863.1(42.67%),P:1e0	Tpos:214.4,Tstd:124.8,Bpos:505.2,Bstd:1152.4,StrandBias:0.0,Multiplicity:1.30
0.067	0.896	0.036	0.001
0.086	0.001	0.876	0.037
0.061	0.701	0.226	0.012
0.830	0.001	0.078	0.091
0.813	0.042	0.073	0.072
0.054	0.161	0.736	0.049
0.164	0.548	0.182	0.106
0.148	0.116	0.598	0.138
