>GCCCCCTGGTGG	1-GCCCCCTGGTGG	10.698993	-245.801847	0	T:806.0(10.04%),B:118.1(1.76%),P:1e-106	Tpos:201.0,Tstd:87.4,Bpos:465.4,Bstd:596.8,StrandBias:0.1,Multiplicity:1.08
0.083	0.001	0.817	0.099
0.082	0.877	0.001	0.040
0.008	0.990	0.001	0.001
0.334	0.647	0.001	0.018
0.001	0.644	0.009	0.346
0.001	0.967	0.002	0.030
0.123	0.108	0.009	0.760
0.277	0.111	0.494	0.118
0.021	0.334	0.624	0.021
0.129	0.242	0.001	0.628
0.001	0.001	0.997	0.001
0.063	0.075	0.758	0.104
>ACTACAATTCCC	2-ACTACAATTCCC	10.446316	-132.550366	0	T:294.0(3.66%),B:16.4(0.24%),P:1e-57	Tpos:206.4,Tstd:117.6,Bpos:608.2,Bstd:167.3,StrandBias:-0.1,Multiplicity:1.22
0.997	0.001	0.001	0.001
0.003	0.995	0.001	0.001
0.001	0.003	0.001	0.995
0.974	0.004	0.011	0.011
0.001	0.993	0.003	0.003
0.989	0.001	0.007	0.003
0.640	0.089	0.048	0.223
0.046	0.313	0.104	0.537
0.004	0.019	0.004	0.973
0.001	0.997	0.001	0.001
0.003	0.995	0.001	0.001
0.003	0.995	0.001	0.001
>GCCGCCATCTTG	3-GCCGCCATCTTG	10.010445	-108.667879	0	T:529.0(6.59%),B:124.7(1.86%),P:1e-47	Tpos:214.9,Tstd:121.4,Bpos:519.7,Bstd:554.8,StrandBias:-0.1,Multiplicity:1.09
0.180	0.086	0.618	0.116
0.035	0.645	0.199	0.121
0.168	0.710	0.121	0.001
0.017	0.001	0.913	0.069
0.017	0.974	0.001	0.008
0.001	0.997	0.001	0.001
0.966	0.001	0.025	0.008
0.001	0.008	0.017	0.974
0.034	0.515	0.226	0.225
0.052	0.060	0.060	0.828
0.008	0.001	0.001	0.990
0.121	0.233	0.559	0.087
>GGGCCGGAAGTG	4-GGGCCGGAAGTG	12.418913	-53.054407	0	T:87.0(1.08%),B:0.8(0.01%),P:1e-23	Tpos:200.4,Tstd:106.4,Bpos:727.3,Bstd:26.6,StrandBias:-0.2,Multiplicity:1.02
0.124	0.202	0.638	0.036
0.137	0.229	0.605	0.029
0.199	0.123	0.652	0.026
0.020	0.762	0.205	0.013
0.129	0.857	0.013	0.001
0.003	0.006	0.990	0.001
0.001	0.001	0.997	0.001
0.878	0.029	0.086	0.007
0.932	0.013	0.045	0.010
0.013	0.013	0.971	0.003
0.036	0.266	0.095	0.603
0.023	0.097	0.838	0.042
>CGCCGGCGCCAT	5-CGCCGGCGCCAT	9.497338	-39.251662	0	T:195.0(2.43%),B:47.3(0.71%),P:1e-17	Tpos:221.6,Tstd:122.5,Bpos:523.7,Bstd:671.7,StrandBias:-0.3,Multiplicity:1.01
0.096	0.692	0.125	0.087
0.076	0.136	0.686	0.102
0.065	0.712	0.155	0.068
0.094	0.695	0.118	0.093
0.093	0.120	0.695	0.092
0.067	0.172	0.683	0.078
0.090	0.710	0.127	0.073
0.082	0.128	0.685	0.105
0.070	0.717	0.136	0.077
0.066	0.751	0.110	0.073
0.488	0.195	0.185	0.132
0.112	0.180	0.219	0.488
>GCCCCCGACGCG	6-GCCCCCGACGCG	10.908093	-39.073019	0	T:121.0(1.51%),B:16.8(0.25%),P:1e-16	Tpos:235.3,Tstd:125.9,Bpos:523.9,Bstd:539.7,StrandBias:-0.5,Multiplicity:1.01
0.039	0.058	0.875	0.028
0.081	0.793	0.075	0.051
0.028	0.792	0.113	0.067
0.028	0.884	0.058	0.030
0.019	0.851	0.074	0.056
0.046	0.833	0.071	0.050
0.032	0.062	0.840	0.066
0.649	0.192	0.110	0.049
0.054	0.837	0.079	0.030
0.030	0.045	0.884	0.041
0.028	0.906	0.030	0.036
0.048	0.051	0.856	0.045
>CTGCGCABGCGC	7-CTGCGCABGCGC	12.999204	-38.375434	0	T:63.0(0.78%),B:0.0(0.00%),P:1e-16	Tpos:201.1,Tstd:121.8,Bpos:0.0,Bstd:0.0,StrandBias:-0.2,Multiplicity:1.00
0.121	0.568	0.206	0.105
0.074	0.273	0.166	0.486
0.004	0.069	0.925	0.002
0.007	0.956	0.001	0.036
0.004	0.050	0.942	0.004
0.001	0.886	0.112	0.001
0.474	0.251	0.229	0.046
0.046	0.283	0.368	0.303
0.002	0.055	0.916	0.027
0.034	0.923	0.002	0.041
0.002	0.003	0.946	0.049
0.002	0.927	0.002	0.069
>GGGTCACGTGAC	8-GGGTCACGTGAC	11.769571	-33.195631	0	T:60.0(0.75%),B:1.1(0.02%),P:1e-14	Tpos:214.1,Tstd:116.5,Bpos:224.5,Bstd:65.3,StrandBias:0.2,Multiplicity:1.12
0.063	0.322	0.485	0.130
0.090	0.259	0.543	0.108
0.113	0.062	0.797	0.028
0.045	0.164	0.085	0.706
0.005	0.972	0.022	0.001
0.815	0.084	0.062	0.039
0.011	0.932	0.017	0.040
0.051	0.056	0.882	0.011
0.001	0.028	0.028	0.943
0.011	0.011	0.977	0.001
0.633	0.085	0.203	0.079
0.051	0.643	0.193	0.113
>CGCCTCCTGGCG	9-CGCCTCCTGGCG	11.944280	-30.652128	0	T:150.0(1.87%),B:36.5(0.54%),P:1e-13	Tpos:228.1,Tstd:118.5,Bpos:525.8,Bstd:517.2,StrandBias:0.0,Multiplicity:1.01
0.001	0.978	0.001	0.020
0.051	0.001	0.897	0.051
0.010	0.814	0.175	0.001
0.001	0.989	0.001	0.009
0.010	0.113	0.041	0.836
0.001	0.979	0.010	0.010
0.001	0.997	0.001	0.001
0.012	0.223	0.062	0.703
0.010	0.015	0.965	0.010
0.010	0.115	0.844	0.031
0.020	0.897	0.001	0.082
0.031	0.082	0.877	0.010
>GCCGCGCGGCCC	10-GCCGCGCGGCCC	11.500936	-30.431322	0	T:219.0(2.73%),B:71.7(1.07%),P:1e-13	Tpos:208.1,Tstd:116.2,Bpos:523.6,Bstd:891.5,StrandBias:-0.3,Multiplicity:1.04
0.059	0.115	0.825	0.001
0.001	0.815	0.140	0.044
0.044	0.868	0.001	0.087
0.038	0.001	0.881	0.080
0.044	0.937	0.001	0.018
0.001	0.103	0.825	0.071
0.113	0.767	0.057	0.063
0.060	0.001	0.913	0.026
0.009	0.073	0.867	0.051
0.071	0.792	0.080	0.057
0.053	0.757	0.087	0.103
0.001	0.754	0.144	0.101
>NNTTHCGGCSDW	11-NNTTHCGGCSDW	6.427618	-25.686383	0	T:59.0(0.73%),B:4.8(0.07%),P:1e-11	Tpos:229.1,Tstd:134.8,Bpos:415.2,Bstd:114.4,StrandBias:0.2,Multiplicity:1.00
0.315	0.235	0.252	0.198
0.185	0.261	0.311	0.244
0.210	0.097	0.193	0.500
0.318	0.030	0.046	0.606
0.318	0.358	0.114	0.210
0.046	0.756	0.168	0.030
0.030	0.223	0.713	0.034
0.214	0.076	0.504	0.206
0.172	0.522	0.084	0.222
0.126	0.383	0.302	0.189
0.306	0.073	0.315	0.306
0.311	0.202	0.067	0.420
>CGCCGGGCGGTG	12-CGCCGGGCGGTG	10.770684	-24.402024	0	T:173.0(2.15%),B:56.7(0.85%),P:1e-10	Tpos:221.5,Tstd:131.2,Bpos:408.9,Bstd:622.2,StrandBias:0.1,Multiplicity:1.02
0.044	0.835	0.070	0.051
0.030	0.095	0.796	0.079
0.030	0.828	0.112	0.030
0.077	0.762	0.090	0.071
0.045	0.045	0.872	0.038
0.035	0.076	0.859	0.030
0.026	0.038	0.897	0.039
0.061	0.840	0.056	0.043
0.032	0.062	0.867	0.039
0.022	0.098	0.852	0.028
0.047	0.092	0.154	0.707
0.022	0.059	0.889	0.030
>CTTCCGGKCCGS	13-CTTCCGGKCCGS	12.969292	-23.626169	0	T:48.0(0.60%),B:2.8(0.04%),P:1e-10	Tpos:190.2,Tstd:120.4,Bpos:378.0,Bstd:0.0,StrandBias:-0.1,Multiplicity:1.00
0.001	0.960	0.001	0.038
0.001	0.001	0.001	0.997
0.001	0.001	0.001	0.997
0.001	0.997	0.001	0.001
0.001	0.997	0.001	0.001
0.001	0.001	0.997	0.001
0.001	0.001	0.997	0.001
0.001	0.074	0.512	0.413
0.001	0.997	0.001	0.001
0.001	0.997	0.001	0.001
0.001	0.137	0.861	0.001
0.078	0.532	0.389	0.001
>NNTCGCGAGANN	14-NNTCGCGAGANN	7.415809	-17.636768	0	T:29.0(0.36%),B:0.0(0.00%),P:1e-7	Tpos:198.4,Tstd:135.6,Bpos:0.0,Bstd:0.0,StrandBias:0.5,Multiplicity:1.07
0.219	0.230	0.208	0.342
0.195	0.336	0.261	0.207
0.155	0.149	0.211	0.485
0.114	0.662	0.094	0.130
0.083	0.069	0.757	0.091
0.126	0.651	0.098	0.125
0.125	0.097	0.664	0.114
0.516	0.197	0.139	0.148
0.200	0.169	0.457	0.174
0.537	0.138	0.153	0.172
0.225	0.266	0.206	0.303
0.178	0.288	0.305	0.230
>CAGGCCGCGCCT	15-CAGGCCGCGCCT	12.681191	-15.810056	0	T:26.0(0.32%),B:0.0(0.00%),P:1e-6	Tpos:207.7,Tstd:141.0,Bpos:0.0,Bstd:0.0,StrandBias:0.6,Multiplicity:1.00
0.035	0.871	0.065	0.029
0.752	0.102	0.089	0.057
0.029	0.071	0.876	0.024
0.035	0.074	0.860	0.031
0.028	0.901	0.043	0.028
0.048	0.828	0.075	0.049
0.052	0.099	0.787	0.062
0.038	0.829	0.087	0.046
0.029	0.062	0.829	0.080
0.020	0.875	0.077	0.028
0.025	0.902	0.044	0.029
0.048	0.139	0.122	0.691
>TCCTGGCCGCGC	16-TCCTGGCCGCGC	10.086360	-15.193626	0	T:93.0(1.16%),B:28.2(0.42%),P:1e-6	Tpos:204.4,Tstd:125.8,Bpos:564.9,Bstd:223.0,StrandBias:-0.8,Multiplicity:1.01
0.099	0.175	0.156	0.570
0.066	0.698	0.142	0.094
0.071	0.744	0.105	0.080
0.121	0.165	0.172	0.542
0.074	0.142	0.699	0.085
0.074	0.147	0.691	0.088
0.076	0.712	0.138	0.074
0.105	0.649	0.140	0.106
0.077	0.159	0.657	0.107
0.096	0.690	0.125	0.089
0.083	0.142	0.669	0.106
0.077	0.680	0.162	0.081
>NNCGHCGDAMSB	17-NNCGHCGDAMSB	6.561181	-14.840562	0	T:92.0(1.15%),B:28.4(0.42%),P:1e-6	Tpos:226.7,Tstd:116.1,Bpos:539.3,Bstd:575.9,StrandBias:-0.4,Multiplicity:1.01
0.320	0.200	0.238	0.242
0.277	0.166	0.243	0.315
0.196	0.490	0.158	0.156
0.118	0.082	0.720	0.080
0.233	0.340	0.081	0.347
0.043	0.756	0.197	0.004
0.080	0.005	0.873	0.042
0.333	0.153	0.269	0.245
0.756	0.082	0.045	0.117
0.335	0.349	0.159	0.156
0.089	0.283	0.394	0.234
0.166	0.201	0.282	0.351
>SGCGCATGCGCA	18-SGCGCATGCGCA	11.166251	-13.967380	0	T:523.0(6.51%),B:314.7(4.69%),P:1e-6	Tpos:218.4,Tstd:124.9,Bpos:548.8,Bstd:796.9,StrandBias:0.0,Multiplicity:1.10
0.001	0.423	0.379	0.197
0.383	0.069	0.547	0.001
0.274	0.724	0.001	0.001
0.017	0.001	0.981	0.001
0.001	0.997	0.001	0.001
0.642	0.186	0.171	0.001
0.001	0.126	0.238	0.635
0.001	0.001	0.997	0.001
0.001	0.997	0.001	0.001
0.001	0.001	0.997	0.001
0.001	0.997	0.001	0.001
0.650	0.088	0.102	0.160
>GGCGGGACCGCG	19-GGCGGGACCGCG	11.956332	-13.072309	0	T:85.0(1.06%),B:27.4(0.41%),P:1e-5	Tpos:225.2,Tstd:153.0,Bpos:598.8,Bstd:614.4,StrandBias:-0.1,Multiplicity:1.02
0.055	0.049	0.862	0.034
0.029	0.079	0.860	0.032
0.049	0.876	0.032	0.043
0.045	0.058	0.867	0.030
0.046	0.054	0.856	0.044
0.040	0.061	0.880	0.019
0.681	0.056	0.219	0.044
0.065	0.851	0.059	0.025
0.046	0.834	0.071	0.049
0.065	0.094	0.771	0.070
0.060	0.812	0.077	0.051
0.047	0.075	0.850	0.028
>CGCGCGTGCGCG	20-CGCGCGTGCGCG	11.315575	-10.269629	0	T:282.0(3.51%),B:160.7(2.40%),P:1e-4	Tpos:205.7,Tstd:129.0,Bpos:512.4,Bstd:637.0,StrandBias:-0.1,Multiplicity:1.13
0.045	0.602	0.153	0.200
0.012	0.062	0.919	0.007
0.001	0.774	0.104	0.121
0.004	0.001	0.994	0.001
0.068	0.845	0.032	0.055
0.001	0.217	0.750	0.032
0.098	0.124	0.214	0.564
0.001	0.032	0.966	0.001
0.001	0.756	0.202	0.041
0.035	0.032	0.932	0.001
0.001	0.952	0.005	0.042
0.129	0.131	0.664	0.076
>SCCGCTTCCGSS	21-SCCGCTTCCGSS	10.219358	-9.394472	0	T:375.0(4.67%),B:230.7(3.44%),P:1e-4	Tpos:219.0,Tstd:116.4,Bpos:325.0,Bstd:1190.9,StrandBias:-0.2,Multiplicity:1.04
0.062	0.319	0.397	0.222
0.088	0.486	0.308	0.117
0.001	0.798	0.200	0.001
0.259	0.001	0.716	0.024
0.014	0.770	0.135	0.081
0.001	0.001	0.218	0.780
0.019	0.001	0.001	0.979
0.001	0.936	0.026	0.037
0.001	0.908	0.090	0.001
0.001	0.234	0.764	0.001
0.062	0.363	0.501	0.074
0.100	0.385	0.412	0.103
>ACSDCGGAWTCN	22-ACSDCGGAWTCN	7.048427	-3.645066	0	T:6.0(0.07%),B:1.0(0.01%),P:1e-1	Tpos:200.5,Tstd:116.5,Bpos:225.2,Bstd:126.6,StrandBias:-2.3,Multiplicity:1.00
0.472	0.260	0.154	0.115
0.043	0.479	0.186	0.292
0.217	0.327	0.416	0.040
0.220	0.076	0.340	0.364
0.110	0.741	0.074	0.075
0.038	0.256	0.667	0.039
0.256	0.005	0.448	0.292
0.700	0.039	0.003	0.258
0.450	0.221	0.003	0.327
0.184	0.149	0.232	0.435
0.188	0.440	0.152	0.220
0.257	0.226	0.223	0.293
>MDTMCGCGDBGV	23-MDTMCGCGDBGV	6.032966	-3.335999	0	T:118.0(1.47%),B:75.2(1.12%),P:1e-1	Tpos:222.1,Tstd:136.7,Bpos:462.5,Bstd:768.6,StrandBias:-1.0,Multiplicity:1.05
0.334	0.367	0.170	0.130
0.334	0.168	0.251	0.248
0.049	0.284	0.220	0.447
0.406	0.300	0.164	0.129
0.084	0.626	0.165	0.125
0.087	0.083	0.665	0.165
0.086	0.586	0.123	0.205
0.085	0.164	0.546	0.205
0.289	0.004	0.378	0.328
0.165	0.345	0.204	0.286
0.206	0.253	0.456	0.086
0.369	0.372	0.254	0.004
>GGCCGGCGCCGC	24-GGCCGGCGCCGC	10.271128	-1.562648	0	T:411.0(5.12%),B:323.2(4.82%),P:1e0	Tpos:212.0,Tstd:126.1,Bpos:550.7,Bstd:736.1,StrandBias:0.1,Multiplicity:1.05
0.081	0.101	0.765	0.053
0.029	0.081	0.848	0.042
0.024	0.853	0.084	0.039
0.069	0.837	0.052	0.042
0.059	0.083	0.808	0.050
0.034	0.090	0.830	0.046
0.079	0.784	0.092	0.045
0.022	0.086	0.852	0.040
0.025	0.867	0.063	0.045
0.036	0.812	0.071	0.081
0.029	0.065	0.852	0.054
0.032	0.893	0.042	0.033
>NSGCGTCCCGNN	25-NSGCGTCCCGNN	7.691713	-1.079441	0	T:32.0(0.40%),B:23.7(0.35%),P:1e0	Tpos:237.6,Tstd:131.4,Bpos:554.1,Bstd:425.0,StrandBias:0.1,Multiplicity:1.03
0.232	0.297	0.245	0.226
0.178	0.355	0.284	0.183
0.145	0.105	0.584	0.166
0.140	0.673	0.080	0.107
0.130	0.069	0.676	0.125
0.193	0.061	0.070	0.676
0.246	0.473	0.089	0.192
0.178	0.452	0.191	0.179
0.106	0.661	0.135	0.098
0.128	0.076	0.668	0.128
0.276	0.264	0.280	0.180
0.244	0.326	0.211	0.220
