>SAAGGCGGGGCB	23-VGCCCCGCCTTS	11.419984	-6.553089	0	T:69.0(0.94%),B:44.8(0.54%),P:1e-2
0.194	0.353	0.362	0.091
0.819	0.058	0.094	0.029
0.830	0.010	0.141	0.019
0.015	0.013	0.962	0.010
0.019	0.017	0.951	0.013
0.027	0.926	0.013	0.034
0.034	0.022	0.916	0.028
0.032	0.065	0.886	0.017
0.052	0.023	0.896	0.029
0.034	0.026	0.923	0.017
0.035	0.891	0.038	0.036
0.145	0.347	0.245	0.263
