>NCGGAAATGACN	21-NCGGAAATGACN	11.409253	-8.537980	0	T:14.0(0.19%),B:1.2(0.01%),P:1e-3
0.263	0.245	0.296	0.195
0.100	0.718	0.107	0.075
0.152	0.046	0.688	0.114
0.075	0.032	0.868	0.025
0.876	0.061	0.043	0.020
0.847	0.047	0.081	0.025
0.783	0.071	0.122	0.024
0.056	0.040	0.067	0.837
0.056	0.064	0.829	0.051
0.778	0.071	0.102	0.049
0.089	0.738	0.098	0.075
0.252	0.210	0.221	0.317
