>VGCCCCGCCTTS	23-VGCCCCGCCTTS,BestGuess:Sp1(Zf)/Promoter/Homer(0.811)	11.419984	-6.553089	0	T:69.0(0.94%),B:44.8(0.54%),P:1e-2
0.263	0.245	0.347	0.145
0.036	0.038	0.891	0.035
0.017	0.923	0.026	0.034
0.029	0.896	0.023	0.052
0.017	0.886	0.065	0.032
0.028	0.916	0.022	0.034
0.034	0.013	0.926	0.027
0.013	0.951	0.017	0.019
0.010	0.962	0.013	0.015
0.019	0.141	0.010	0.830
0.029	0.094	0.058	0.819
0.091	0.362	0.353	0.194
