>NDSTGASTCASN	6-NDSTGASTCASN	8.489140	-81.037416	0	T:547.0(7.46%),B:258.6(3.09%),P:1e-35
0.232	0.225	0.257	0.285
0.226	0.133	0.308	0.334
0.045	0.347	0.397	0.211
0.056	0.025	0.049	0.870
0.048	0.070	0.818	0.064
0.832	0.052	0.055	0.061
0.041	0.471	0.385	0.104
0.067	0.056	0.103	0.774
0.029	0.864	0.044	0.063
0.794	0.045	0.102	0.059
0.231	0.342	0.387	0.040
0.313	0.308	0.205	0.174
