>GTTTCACTTCTG	15-GTTTCACTTCTG	10.097798	-12.275331	0	T:89.0(1.21%),B:46.6(0.56%),P:1e-5
0.124	0.150	0.548	0.178
0.133	0.139	0.009	0.719
0.067	0.136	0.133	0.664
0.088	0.117	0.033	0.762
0.100	0.749	0.113	0.038
0.668	0.127	0.043	0.162
0.112	0.590	0.139	0.159
0.148	0.137	0.012	0.703
0.100	0.022	0.136	0.742
0.085	0.600	0.112	0.203
0.159	0.121	0.031	0.689
0.133	0.143	0.557	0.167
