>GAAACTGAAACT	12-GAAACTGAAACT	9.684466	-35.677407	0	T:234.0(3.19%),B:109.8(1.31%),P:1e-15
0.127	0.089	0.705	0.079
0.749	0.073	0.106	0.072
0.790	0.076	0.068	0.066
0.776	0.060	0.076	0.088
0.109	0.655	0.145	0.091
0.121	0.076	0.071	0.732
0.093	0.074	0.773	0.060
0.796	0.066	0.080	0.058
0.785	0.065	0.086	0.064
0.816	0.057	0.065	0.062
0.091	0.697	0.115	0.097
0.097	0.126	0.048	0.729
