>AGTCATTCTGAG	8-AGTCATTCTGAG	10.248743	-61.534101	0	T:300.0(4.09%),B:113.9(1.36%),P:1e-26
0.792	0.001	0.034	0.173
0.013	0.098	0.773	0.116
0.001	0.001	0.035	0.963
0.113	0.858	0.019	0.010
0.896	0.001	0.001	0.102
0.001	0.056	0.039	0.904
0.148	0.038	0.037	0.777
0.057	0.533	0.143	0.267
0.277	0.012	0.001	0.710
0.013	0.163	0.764	0.060
0.826	0.001	0.111	0.062
0.298	0.044	0.546	0.112
