>GGGCCGTACCAC	11-GTGGTACGGCCC	10.477057	-46.495570	0	T:73.0(1.00%),B:3.7(0.04%),P:1e-20
0.063	0.059	0.822	0.056
0.028	0.028	0.930	0.014
0.118	0.049	0.805	0.028
0.084	0.832	0.042	0.042
0.056	0.666	0.097	0.181
0.049	0.049	0.884	0.018
0.097	0.098	0.084	0.721
0.811	0.077	0.053	0.059
0.049	0.895	0.021	0.035
0.028	0.951	0.007	0.014
0.888	0.042	0.042	0.028
0.098	0.797	0.028	0.077
