>NNTCCGCCCCSB	20-VSGGGGCGGANN	7.047848	-8.888732	0	T:98.0(1.34%),B:62.8(0.75%),P:1e-3
0.215	0.235	0.312	0.238
0.233	0.248	0.264	0.254
0.134	0.082	0.164	0.620
0.207	0.526	0.111	0.156
0.078	0.687	0.142	0.093
0.115	0.055	0.753	0.077
0.171	0.508	0.130	0.191
0.174	0.513	0.187	0.126
0.152	0.527	0.173	0.148
0.120	0.572	0.195	0.113
0.200	0.243	0.373	0.185
0.183	0.238	0.218	0.362
