>CGCCCCCTGGBG	25-CGCCCCCTGGBG,BestGuess:CTCFL/MA1102.1/Jaspar(0.938)	12.583919	-3.252740	0	T:29.0(0.40%),B:19.8(0.24%),P:1e-1
0.001	0.639	0.083	0.277
0.001	0.001	0.959	0.039
0.001	0.702	0.175	0.122
0.049	0.861	0.001	0.089
0.150	0.659	0.190	0.001
0.001	0.692	0.001	0.306
0.001	0.943	0.001	0.055
0.176	0.001	0.001	0.822
0.132	0.001	0.760	0.107
0.001	0.315	0.683	0.001
0.152	0.268	0.307	0.272
0.043	0.001	0.955	0.001
