>AGAGAACTGAAA	14-AGAGAACTGAAA,BestGuess:PU.1-IRF(ETS:IRF)/Bcell-PU.1-ChIP-Seq(GSE21512)/Homer(0.748)	9.177602	-12.575474	0	T:29.0(0.40%),B:5.2(0.06%),P:1e-5
0.545	0.036	0.169	0.250
0.149	0.164	0.545	0.142
0.616	0.050	0.160	0.174
0.188	0.135	0.535	0.142
0.629	0.163	0.106	0.102
0.603	0.076	0.156	0.165
0.178	0.540	0.154	0.128
0.209	0.082	0.084	0.625
0.126	0.140	0.627	0.107
0.580	0.142	0.149	0.129
0.569	0.129	0.182	0.120
0.485	0.174	0.173	0.167
