>TTTCAGTTCTCT	14-AGAGAACTGAAA	9.177602	-12.575474	0	T:29.0(0.40%),B:5.2(0.06%),P:1e-5
0.167	0.173	0.174	0.485
0.120	0.182	0.129	0.569
0.129	0.149	0.142	0.580
0.107	0.627	0.140	0.126
0.625	0.084	0.082	0.209
0.128	0.154	0.540	0.178
0.165	0.156	0.076	0.603
0.102	0.106	0.163	0.629
0.142	0.535	0.135	0.188
0.174	0.160	0.050	0.616
0.142	0.545	0.164	0.149
0.250	0.169	0.036	0.545
