>VSGGGGCGGANN	20-VSGGGGCGGANN,BestGuess:btd/dmmpmm(Noyes)/fly(0.816)	7.047848	-8.888732	0	T:98.0(1.34%),B:62.8(0.75%),P:1e-3
0.362	0.218	0.238	0.183
0.185	0.373	0.243	0.200
0.113	0.195	0.572	0.120
0.148	0.173	0.527	0.152
0.126	0.187	0.513	0.174
0.191	0.130	0.508	0.171
0.077	0.753	0.055	0.115
0.093	0.142	0.687	0.078
0.156	0.111	0.526	0.207
0.620	0.164	0.082	0.134
0.254	0.264	0.248	0.233
0.238	0.312	0.235	0.215
