>SCGGAAGCGACN	19-SCGGAAGCGACN,BestGuess:Gabpa/MA0062.2/Jaspar(0.831)	8.543036	-8.900819	0	T:19.0(0.26%),B:3.4(0.04%),P:1e-3
0.190	0.365	0.263	0.182
0.135	0.605	0.144	0.116
0.134	0.108	0.641	0.117
0.108	0.116	0.698	0.078
0.608	0.160	0.141	0.091
0.638	0.112	0.160	0.090
0.111	0.116	0.699	0.074
0.120	0.614	0.134	0.132
0.120	0.155	0.623	0.102
0.553	0.164	0.173	0.110
0.118	0.631	0.155	0.096
0.219	0.239	0.325	0.217
