>CTGCGCATGCGC	16-GCGCATGCGCAG	10.141339	-11.808841	0	T:248.0(3.38%),B:187.4(2.24%),P:1e-5
0.052	0.743	0.153	0.052
0.078	0.108	0.121	0.693
0.032	0.039	0.918	0.011
0.046	0.877	0.036	0.041
0.029	0.027	0.926	0.018
0.011	0.925	0.060	0.004
0.693	0.189	0.074	0.044
0.050	0.112	0.173	0.665
0.007	0.078	0.893	0.022
0.025	0.916	0.022	0.037
0.044	0.041	0.860	0.055
0.014	0.890	0.018	0.078
