>TGACTCAAATCA	9-TGACTCAAATCA	9.459648	-52.408069	0	T:168.0(2.29%),B:42.0(0.50%),P:1e-22
0.086	0.035	0.058	0.821
0.084	0.082	0.731	0.103
0.765	0.091	0.063	0.081
0.089	0.718	0.098	0.095
0.082	0.072	0.049	0.797
0.098	0.719	0.106	0.077
0.846	0.057	0.030	0.067
0.715	0.094	0.101	0.090
0.758	0.085	0.081	0.076
0.121	0.114	0.099	0.666
0.080	0.711	0.112	0.097
0.752	0.081	0.053	0.114
