>CVCCAGGGGGCG	25-CGCCCCCTGGBG	12.583919	-3.252740	0	T:29.0(0.40%),B:19.8(0.24%),P:1e-1
0.001	0.955	0.001	0.043
0.272	0.307	0.268	0.152
0.001	0.683	0.315	0.001
0.107	0.760	0.001	0.132
0.822	0.001	0.001	0.176
0.055	0.001	0.943	0.001
0.306	0.001	0.692	0.001
0.001	0.190	0.659	0.150
0.089	0.001	0.861	0.049
0.122	0.175	0.702	0.001
0.039	0.959	0.001	0.001
0.277	0.083	0.639	0.001
