>CACYAGRGGGCR	1-CACYAGRGGGCR	8.751842	-6792.570973	0	T:18351.0(46.83%),B:1834.9(6.91%),P:1e-2949	Tpos:201.9,Tstd:52.9,Bpos:499.5,Bstd:570.3,StrandBias:-0.0,Multiplicity:1.02
0.076	0.920	0.003	0.001
0.515	0.084	0.210	0.191
0.128	0.544	0.315	0.013
0.191	0.306	0.083	0.420
0.829	0.062	0.100	0.009
0.001	0.001	0.997	0.001
0.455	0.001	0.532	0.012
0.078	0.022	0.584	0.316
0.049	0.001	0.949	0.001
0.059	0.098	0.744	0.099
0.155	0.711	0.042	0.092
0.443	0.010	0.539	0.008
>CCACHAGRGGGC	2-CCACHAGRGGGC	9.141208	-4955.241751	0	T:15827.0(40.39%),B:1962.0(7.39%),P:1e-2152	Tpos:202.6,Tstd:69.0,Bpos:483.2,Bstd:395.0,StrandBias:-0.0,Multiplicity:1.01
0.001	0.997	0.001	0.001
0.001	0.997	0.001	0.001
0.601	0.058	0.072	0.269
0.142	0.549	0.308	0.001
0.288	0.283	0.068	0.361
0.755	0.001	0.243	0.001
0.001	0.001	0.997	0.001
0.443	0.001	0.517	0.039
0.084	0.001	0.655	0.260
0.065	0.001	0.887	0.047
0.113	0.149	0.513	0.225
0.204	0.723	0.053	0.020
>CCACCAGGTGGC	3-CCACCAGGTGGC	7.642864	-4749.369418	0	T:21707.0(55.39%),B:4891.7(18.42%),P:1e-2062	Tpos:201.6,Tstd:47.8,Bpos:509.6,Bstd:489.4,StrandBias:0.0,Multiplicity:1.09
0.089	0.846	0.028	0.037
0.001	0.997	0.001	0.001
0.647	0.202	0.053	0.098
0.020	0.595	0.217	0.168
0.087	0.603	0.036	0.274
0.560	0.006	0.036	0.398
0.152	0.003	0.800	0.045
0.283	0.123	0.592	0.002
0.033	0.019	0.361	0.587
0.001	0.001	0.997	0.001
0.012	0.002	0.898	0.088
0.174	0.635	0.022	0.169
>GCCACHAGRGGG	4-GCCACHAGRGGG	9.672460	-3019.959617	0	T:9252.0(23.61%),B:855.6(3.22%),P:1e-1311	Tpos:203.5,Tstd:62.7,Bpos:543.4,Bstd:495.5,StrandBias:0.1,Multiplicity:1.01
0.290	0.001	0.507	0.202
0.001	0.997	0.001	0.001
0.001	0.997	0.001	0.001
0.508	0.001	0.217	0.274
0.045	0.558	0.396	0.001
0.275	0.290	0.056	0.379
0.635	0.001	0.363	0.001
0.001	0.001	0.997	0.001
0.425	0.001	0.572	0.002
0.189	0.001	0.559	0.251
0.068	0.001	0.930	0.001
0.150	0.224	0.480	0.147
>YAGGGGGCAGCA	5-YAGGGGGCAGCA	11.392128	-563.154498	0	T:2078.0(5.30%),B:224.9(0.85%),P:1e-244	Tpos:207.0,Tstd:62.5,Bpos:498.7,Bstd:329.1,StrandBias:0.0,Multiplicity:1.01
0.235	0.307	0.067	0.390
0.586	0.053	0.226	0.135
0.012	0.001	0.958	0.029
0.253	0.015	0.725	0.007
0.139	0.060	0.547	0.254
0.076	0.001	0.855	0.068
0.005	0.010	0.955	0.030
0.001	0.978	0.008	0.013
0.997	0.001	0.001	0.001
0.023	0.148	0.811	0.018
0.001	0.678	0.022	0.299
0.903	0.008	0.079	0.010
>GCYCTCTRGTGG	6-GCYCTCTRGTGG	10.816515	-480.256873	0	T:1100.0(2.81%),B:25.4(0.10%),P:1e-208	Tpos:210.2,Tstd:43.9,Bpos:341.5,Bstd:104.8,StrandBias:0.0,Multiplicity:1.00
0.057	0.156	0.596	0.191
0.090	0.622	0.124	0.164
0.037	0.536	0.010	0.417
0.041	0.839	0.022	0.098
0.043	0.302	0.008	0.647
0.001	0.896	0.062	0.041
0.030	0.315	0.012	0.643
0.446	0.074	0.297	0.183
0.035	0.223	0.655	0.087
0.296	0.050	0.192	0.463
0.011	0.001	0.969	0.019
0.075	0.127	0.704	0.094
>GCCACCSKGTGG	7-GCCACCSKGTGG	10.798959	-437.746036	0	T:1735.0(4.43%),B:209.5(0.79%),P:1e-190	Tpos:202.4,Tstd:60.1,Bpos:508.0,Bstd:414.0,StrandBias:0.1,Multiplicity:1.01
0.025	0.032	0.909	0.034
0.050	0.848	0.075	0.027
0.004	0.985	0.001	0.010
0.436	0.170	0.188	0.205
0.002	0.871	0.079	0.048
0.127	0.690	0.041	0.142
0.022	0.379	0.400	0.198
0.194	0.094	0.289	0.423
0.001	0.158	0.823	0.018
0.148	0.158	0.119	0.575
0.001	0.001	0.992	0.006
0.009	0.033	0.934	0.024
>CCCCTAGTGGCC	8-CCCCTAGTGGCC	10.496812	-371.053571	0	T:1211.0(3.09%),B:101.2(0.38%),P:1e-161	Tpos:203.8,Tstd:60.5,Bpos:420.3,Bstd:332.4,StrandBias:-0.1,Multiplicity:1.01
0.032	0.868	0.020	0.080
0.145	0.722	0.045	0.088
0.129	0.547	0.026	0.298
0.009	0.966	0.001	0.024
0.076	0.246	0.061	0.617
0.449	0.091	0.264	0.196
0.015	0.179	0.765	0.041
0.258	0.165	0.122	0.454
0.003	0.006	0.960	0.031
0.021	0.025	0.923	0.031
0.119	0.633	0.081	0.167
0.196	0.516	0.150	0.138
>RCAGCGCCCCCT	9-RCAGCGCCCCCT	10.845972	-366.078608	0	T:1607.0(4.10%),B:224.5(0.85%),P:1e-158	Tpos:202.8,Tstd:62.9,Bpos:521.8,Bstd:459.8,StrandBias:0.1,Multiplicity:1.05
0.434	0.123	0.357	0.087
0.026	0.529	0.301	0.144
0.715	0.014	0.237	0.034
0.001	0.095	0.903	0.001
0.018	0.807	0.015	0.160
0.112	0.009	0.694	0.185
0.039	0.933	0.012	0.016
0.023	0.953	0.012	0.012
0.227	0.566	0.097	0.110
0.001	0.723	0.001	0.275
0.001	0.993	0.001	0.005
0.117	0.155	0.090	0.638
>CAGCGCCMCCTD	10-CAGCGCCMCCTD	10.585468	-279.192116	0	T:1438.0(3.67%),B:243.7(0.92%),P:1e-121	Tpos:199.1,Tstd:76.6,Bpos:461.9,Bstd:627.1,StrandBias:0.0,Multiplicity:1.01
0.016	0.603	0.235	0.146
0.994	0.004	0.001	0.001
0.001	0.059	0.939	0.001
0.020	0.763	0.013	0.204
0.198	0.100	0.576	0.126
0.128	0.772	0.067	0.033
0.030	0.968	0.001	0.001
0.353	0.317	0.167	0.163
0.007	0.811	0.027	0.155
0.001	0.997	0.001	0.001
0.100	0.276	0.090	0.534
0.313	0.170	0.321	0.196
>YAGGKGGMGCTV	11-YAGGKGGMGCTV	10.868399	-269.479392	0	T:1027.0(2.62%),B:115.9(0.44%),P:1e-117	Tpos:206.9,Tstd:50.4,Bpos:466.4,Bstd:331.3,StrandBias:0.2,Multiplicity:1.00
0.204	0.368	0.126	0.302
0.624	0.001	0.245	0.130
0.001	0.001	0.997	0.001
0.315	0.001	0.683	0.001
0.170	0.001	0.489	0.340
0.001	0.001	0.997	0.001
0.001	0.077	0.895	0.027
0.322	0.443	0.025	0.210
0.001	0.001	0.997	0.001
0.008	0.975	0.016	0.001
0.049	0.348	0.001	0.602
0.310	0.297	0.293	0.100
>GCGCCCTCTAGC	12-GCGCCCTCTAGC	10.351522	-194.321272	0	T:672.0(1.71%),B:63.9(0.24%),P:1e-84	Tpos:208.9,Tstd:56.7,Bpos:489.2,Bstd:433.9,StrandBias:-0.1,Multiplicity:1.00
0.052	0.092	0.795	0.061
0.062	0.765	0.083	0.090
0.075	0.101	0.695	0.129
0.056	0.797	0.084	0.063
0.044	0.803	0.072	0.081
0.080	0.796	0.050	0.074
0.061	0.150	0.070	0.719
0.040	0.835	0.080	0.045
0.064	0.145	0.091	0.700
0.591	0.128	0.175	0.106
0.050	0.105	0.779	0.066
0.068	0.725	0.105	0.102
>GGSGGCGCTGCN	13-GGSGGCGCTGCN	9.946847	-95.925649	0	T:794.0(2.03%),B:202.4(0.76%),P:1e-41	Tpos:204.2,Tstd:86.7,Bpos:447.9,Bstd:760.1,StrandBias:0.2,Multiplicity:1.02
0.001	0.001	0.997	0.001
0.001	0.001	0.997	0.001
0.194	0.403	0.328	0.075
0.001	0.001	0.997	0.001
0.001	0.001	0.997	0.001
0.001	0.997	0.001	0.001
0.001	0.001	0.997	0.001
0.001	0.997	0.001	0.001
0.001	0.001	0.001	0.997
0.001	0.001	0.997	0.001
0.001	0.979	0.001	0.019
0.220	0.220	0.347	0.212
>CCGCCAGGCGGC	14-CCGCCAGGCGGC	12.266368	-84.855177	0	T:372.0(0.95%),B:53.0(0.20%),P:1e-36	Tpos:207.5,Tstd:65.4,Bpos:415.0,Bstd:468.6,StrandBias:0.1,Multiplicity:1.00
0.023	0.932	0.044	0.001
0.071	0.916	0.012	0.001
0.001	0.037	0.817	0.145
0.080	0.818	0.101	0.001
0.019	0.805	0.101	0.075
0.687	0.116	0.081	0.116
0.021	0.011	0.961	0.007
0.001	0.073	0.918	0.008
0.122	0.592	0.206	0.080
0.048	0.058	0.852	0.042
0.044	0.079	0.783	0.094
0.014	0.918	0.049	0.019
>TRCCGCTAGAGG	15-TRCCGCTAGAGG	10.233558	-65.116963	0	T:208.0(0.53%),B:17.3(0.07%),P:1e-28	Tpos:203.7,Tstd:69.5,Bpos:530.9,Bstd:335.2,StrandBias:0.3,Multiplicity:1.13
0.083	0.271	0.209	0.437
0.373	0.198	0.273	0.155
0.048	0.868	0.017	0.067
0.001	0.975	0.023	0.001
0.001	0.001	0.997	0.001
0.034	0.915	0.034	0.017
0.003	0.017	0.218	0.762
0.821	0.171	0.007	0.001
0.028	0.028	0.903	0.041
0.868	0.010	0.084	0.038
0.159	0.245	0.432	0.164
0.102	0.166	0.617	0.115
>AGAGGGAGCTCT	16-AGAGGGAGCTCT	11.205115	-56.431832	0	T:268.0(0.68%),B:42.2(0.16%),P:1e-24	Tpos:211.4,Tstd:57.9,Bpos:586.0,Bstd:317.3,StrandBias:0.0,Multiplicity:1.01
0.745	0.067	0.101	0.087
0.087	0.088	0.772	0.053
0.737	0.065	0.117	0.081
0.096	0.054	0.757	0.093
0.088	0.049	0.776	0.087
0.089	0.102	0.753	0.056
0.727	0.094	0.094	0.085
0.081	0.067	0.787	0.065
0.072	0.764	0.082	0.082
0.099	0.106	0.080	0.715
0.076	0.719	0.106	0.099
0.090	0.089	0.070	0.751
>SGCCGCTAGGSG	17-SGCCGCTAGGSG	11.879628	-36.696934	0	T:128.0(0.33%),B:13.8(0.05%),P:1e-15	Tpos:214.1,Tstd:86.2,Bpos:475.7,Bstd:180.4,StrandBias:0.3,Multiplicity:1.00
0.084	0.516	0.386	0.014
0.097	0.056	0.805	0.042
0.001	0.997	0.001	0.001
0.001	0.997	0.001	0.001
0.001	0.001	0.997	0.001
0.001	0.997	0.001	0.001
0.001	0.001	0.001	0.997
0.997	0.001	0.001	0.001
0.001	0.001	0.997	0.001
0.001	0.041	0.957	0.001
0.182	0.331	0.349	0.139
0.209	0.153	0.554	0.084
>TGTTTAGCAGCA	18-TGTTTAGCAGCA	12.039040	-10.614332	0	T:53.0(0.14%),B:10.8(0.04%),P:1e-4	Tpos:204.8,Tstd:59.0,Bpos:288.4,Bstd:211.0,StrandBias:0.3,Multiplicity:1.02
0.258	0.098	0.191	0.453
0.149	0.115	0.579	0.157
0.056	0.099	0.078	0.767
0.034	0.073	0.068	0.825
0.078	0.186	0.117	0.619
0.734	0.028	0.103	0.135
0.117	0.112	0.711	0.060
0.113	0.806	0.045	0.036
0.847	0.013	0.011	0.129
0.089	0.038	0.773	0.100
0.066	0.749	0.069	0.116
0.476	0.200	0.093	0.230
>GCGCAKGCGCGS	19-GCGCAKGCGCGS	12.952565	-8.616787	0	T:21.0(0.05%),B:1.8(0.01%),P:1e-3	Tpos:205.2,Tstd:95.4,Bpos:365.0,Bstd:0.0,StrandBias:-0.4,Multiplicity:1.00
0.061	0.001	0.937	0.001
0.135	0.821	0.043	0.001
0.001	0.001	0.968	0.030
0.001	0.997	0.001	0.001
0.486	0.214	0.211	0.089
0.080	0.179	0.298	0.443
0.001	0.001	0.997	0.001
0.001	0.997	0.001	0.001
0.001	0.049	0.926	0.024
0.001	0.889	0.001	0.109
0.307	0.135	0.493	0.064
0.144	0.380	0.390	0.086
>AVTGCACAGGAC	20-AVTGCACAGGAC	11.642648	-4.196530	0	T:39.0(0.10%),B:13.1(0.05%),P:1e-1	Tpos:209.1,Tstd:81.0,Bpos:497.9,Bstd:313.0,StrandBias:0.2,Multiplicity:1.00
0.842	0.001	0.135	0.022
0.238	0.340	0.235	0.187
0.063	0.004	0.025	0.908
0.014	0.151	0.602	0.233
0.002	0.989	0.005	0.004
0.836	0.027	0.001	0.136
0.131	0.588	0.258	0.023
0.993	0.001	0.002	0.004
0.071	0.001	0.927	0.001
0.103	0.280	0.555	0.062
0.508	0.200	0.231	0.061
0.249	0.491	0.183	0.077
>TTGTGAMAACCA	21-TTGTGAMAACCA	12.253136	-3.274706	0	T:39.0(0.10%),B:15.3(0.06%),P:1e-1	Tpos:184.4,Tstd:50.8,Bpos:378.5,Bstd:311.8,StrandBias:0.2,Multiplicity:1.00
0.062	0.159	0.085	0.694
0.077	0.009	0.072	0.842
0.046	0.146	0.624	0.184
0.128	0.004	0.063	0.805
0.107	0.103	0.707	0.083
0.790	0.067	0.092	0.051
0.476	0.407	0.084	0.034
0.871	0.065	0.010	0.054
0.623	0.088	0.185	0.104
0.173	0.561	0.138	0.128
0.181	0.728	0.014	0.077
0.845	0.032	0.012	0.111
>AATGTCTBNAGA	22-AATGTCTBNAGA	11.410018	-2.732277	0	T:82.0(0.21%),B:41.2(0.16%),P:1e-1	Tpos:199.7,Tstd:72.4,Bpos:541.0,Bstd:350.8,StrandBias:0.1,Multiplicity:1.00
0.959	0.001	0.039	0.001
0.554	0.041	0.254	0.151
0.120	0.009	0.001	0.870
0.032	0.001	0.966	0.001
0.112	0.170	0.006	0.712
0.115	0.719	0.001	0.165
0.001	0.098	0.001	0.900
0.093	0.268	0.271	0.368
0.246	0.285	0.196	0.273
0.862	0.001	0.136	0.001
0.299	0.132	0.568	0.001
0.699	0.079	0.099	0.123
>NNGTTTAGCANN	23-NNGTTTAGCANN	8.210499	-0.453343	0	T:14.0(0.04%),B:11.0(0.04%),P:1e0	Tpos:170.1,Tstd:106.8,Bpos:476.0,Bstd:193.5,StrandBias:-1.3,Multiplicity:1.00
0.214	0.268	0.256	0.261
0.257	0.188	0.259	0.295
0.095	0.110	0.683	0.112
0.074	0.113	0.089	0.724
0.062	0.088	0.089	0.761
0.078	0.114	0.098	0.710
0.539	0.308	0.073	0.080
0.107	0.110	0.675	0.108
0.125	0.663	0.116	0.096
0.550	0.047	0.345	0.058
0.299	0.266	0.225	0.211
0.274	0.217	0.243	0.266
>NTTTAGAAGCAS	24-NTTTAGAAGCAS	8.857522	-0.295960	0	T:11.0(0.03%),B:9.7(0.04%),P:1e0	Tpos:192.6,Tstd:121.8,Bpos:546.8,Bstd:424.2,StrandBias:0.3,Multiplicity:1.00
0.210	0.240	0.233	0.317
0.078	0.190	0.077	0.655
0.057	0.154	0.136	0.653
0.141	0.249	0.177	0.433
0.514	0.017	0.230	0.239
0.261	0.140	0.502	0.097
0.534	0.215	0.134	0.117
0.833	0.018	0.051	0.098
0.253	0.121	0.485	0.140
0.178	0.622	0.128	0.072
0.677	0.067	0.013	0.243
0.093	0.266	0.402	0.239
>KTTGAGAACCAV	25-KTTGAGAACCAV	10.080054	-0.284765	0	T:101.0(0.26%),B:75.4(0.28%),P:1e0	Tpos:210.5,Tstd:98.7,Bpos:507.2,Bstd:310.9,StrandBias:0.0,Multiplicity:1.00
0.204	0.162	0.243	0.391
0.034	0.206	0.166	0.594
0.068	0.001	0.133	0.798
0.161	0.179	0.568	0.092
0.884	0.001	0.108	0.007
0.229	0.080	0.647	0.044
0.790	0.094	0.109	0.007
0.770	0.012	0.191	0.027
0.194	0.470	0.188	0.148
0.218	0.625	0.004	0.153
0.820	0.138	0.001	0.041
0.285	0.309	0.273	0.132
