>CCCYCTAGTG	1-CCCYCTAGTG	8.157089	-4930.724477	0	T:17666.0(45.08%),B:2744.0(10.33%),P:1e-2141	Tpos:201.3,Tstd:45.2,Bpos:516.7,Bstd:432.2,StrandBias:-0.0,Multiplicity:1.06
0.073	0.858	0.048	0.021
0.005	0.983	0.006	0.006
0.315	0.666	0.004	0.015
0.024	0.437	0.008	0.531
0.001	0.991	0.003	0.005
0.011	0.025	0.009	0.955
0.528	0.032	0.325	0.115
0.016	0.234	0.725	0.025
0.095	0.076	0.050	0.779
0.003	0.004	0.982	0.011
>CCACYAGRGG	2-CCACYAGRGG	7.459118	-3296.902762	0	T:19137.0(48.84%),B:4924.5(18.55%),P:1e-1431	Tpos:202.2,Tstd:79.2,Bpos:506.5,Bstd:513.5,StrandBias:0.0,Multiplicity:1.05
0.127	0.606	0.122	0.145
0.001	0.997	0.001	0.001
0.436	0.088	0.270	0.206
0.119	0.506	0.327	0.048
0.220	0.323	0.078	0.379
0.760	0.001	0.166	0.073
0.001	0.001	0.997	0.001
0.422	0.046	0.531	0.001
0.089	0.152	0.465	0.295
0.048	0.001	0.937	0.014
>CCACHAGGKG	3-CCACHAGGKG	9.137763	-2209.670869	0	T:7030.0(17.94%),B:654.6(2.47%),P:1e-959	Tpos:202.2,Tstd:57.5,Bpos:475.9,Bstd:392.3,StrandBias:-0.0,Multiplicity:1.01
0.008	0.990	0.001	0.001
0.001	0.997	0.001	0.001
0.492	0.027	0.235	0.246
0.124	0.544	0.275	0.057
0.236	0.357	0.041	0.366
0.699	0.009	0.118	0.174
0.035	0.001	0.961	0.003
0.345	0.022	0.622	0.011
0.097	0.077	0.429	0.397
0.001	0.001	0.997	0.001
>CCACYAGRKG	4-CCACYAGRKG	9.026260	-2064.618805	0	T:6617.0(16.89%),B:617.1(2.32%),P:1e-896	Tpos:202.3,Tstd:65.0,Bpos:457.4,Bstd:448.4,StrandBias:0.3,Multiplicity:1.01
0.122	0.812	0.006	0.060
0.034	0.964	0.001	0.001
0.505	0.031	0.233	0.231
0.064	0.625	0.240	0.071
0.187	0.312	0.066	0.436
0.693	0.001	0.154	0.152
0.007	0.001	0.991	0.001
0.399	0.034	0.537	0.030
0.047	0.122	0.473	0.359
0.048	0.001	0.923	0.028
>CCACHAGRKG	5-CCACHAGRKG	8.180254	-1700.807923	0	T:4910.0(12.53%),B:340.4(1.28%),P:1e-738	Tpos:202.9,Tstd:36.8,Bpos:547.9,Bstd:400.2,StrandBias:0.7,Multiplicity:1.00
0.157	0.635	0.001	0.207
0.001	0.997	0.001	0.001
0.449	0.001	0.276	0.274
0.182	0.464	0.249	0.105
0.245	0.266	0.097	0.392
0.623	0.001	0.375	0.001
0.043	0.001	0.955	0.001
0.386	0.001	0.503	0.110
0.145	0.180	0.306	0.369
0.001	0.028	0.970	0.001
>CCCYCTAGYG	6-CCCYCTAGYG	8.879935	-1569.567843	0	T:5030.0(12.84%),B:447.4(1.68%),P:1e-681	Tpos:188.0,Tstd:35.6,Bpos:353.1,Bstd:286.5,StrandBias:0.5,Multiplicity:1.00
0.054	0.801	0.001	0.144
0.001	0.883	0.005	0.111
0.285	0.546	0.063	0.106
0.001	0.475	0.047	0.478
0.002	0.790	0.172	0.036
0.102	0.239	0.004	0.655
0.486	0.001	0.330	0.183
0.069	0.001	0.780	0.150
0.215	0.366	0.080	0.339
0.001	0.001	0.997	0.001
>YAGRKGGCRC	7-YAGRKGGCRC	9.734776	-1082.368068	0	T:3619.0(9.24%),B:337.5(1.27%),P:1e-470	Tpos:205.0,Tstd:62.0,Bpos:451.0,Bstd:338.1,StrandBias:-0.0,Multiplicity:1.01
0.071	0.394	0.035	0.499
0.859	0.009	0.063	0.069
0.001	0.001	0.997	0.001
0.462	0.015	0.522	0.001
0.027	0.018	0.466	0.488
0.025	0.015	0.959	0.001
0.049	0.001	0.813	0.137
0.072	0.869	0.001	0.058
0.430	0.001	0.568	0.001
0.073	0.574	0.285	0.068
>AGGKGGCRCT	8-AGGKGGCRCT	9.598163	-1000.048586	0	T:5726.0(14.61%),B:1147.9(4.32%),P:1e-434	Tpos:202.4,Tstd:62.6,Bpos:505.4,Bstd:488.1,StrandBias:-0.1,Multiplicity:1.03
0.816	0.042	0.091	0.051
0.009	0.001	0.989	0.001
0.311	0.005	0.681	0.003
0.046	0.023	0.510	0.421
0.022	0.031	0.938	0.009
0.023	0.001	0.852	0.124
0.039	0.886	0.001	0.074
0.453	0.001	0.534	0.012
0.092	0.554	0.321	0.033
0.036	0.321	0.008	0.635
>GCGCCCYCTA	9-GCGCCCYCTA	8.755853	-782.005706	0	T:3404.0(8.69%),B:484.4(1.82%),P:1e-339	Tpos:193.5,Tstd:72.3,Bpos:547.2,Bstd:440.1,StrandBias:0.1,Multiplicity:1.00
0.078	0.026	0.853	0.043
0.023	0.822	0.007	0.148
0.028	0.088	0.742	0.142
0.127	0.690	0.151	0.032
0.014	0.907	0.026	0.053
0.139	0.704	0.001	0.156
0.001	0.413	0.042	0.544
0.001	0.955	0.004	0.040
0.174	0.100	0.118	0.608
0.497	0.077	0.344	0.082
>TAGCGCCMYC	10-TAGCGCCMYC	8.964729	-732.046914	0	T:5779.0(14.75%),B:1489.4(5.61%),P:1e-317	Tpos:204.7,Tstd:74.6,Bpos:529.8,Bstd:562.4,StrandBias:-0.0,Multiplicity:1.04
0.047	0.264	0.169	0.520
0.780	0.001	0.199	0.020
0.001	0.308	0.690	0.001
0.001	0.580	0.001	0.418
0.075	0.001	0.923	0.001
0.116	0.882	0.001	0.001
0.001	0.997	0.001	0.001
0.413	0.421	0.059	0.107
0.001	0.539	0.001	0.459
0.001	0.997	0.001	0.001
>CCACCWGGTG	11-CCACCWGGTG	9.582858	-668.585706	0	T:3363.0(8.58%),B:569.1(2.14%),P:1e-290	Tpos:199.0,Tstd:70.7,Bpos:464.8,Bstd:379.0,StrandBias:0.1,Multiplicity:1.01
0.013	0.985	0.001	0.001
0.001	0.997	0.001	0.001
0.397	0.223	0.190	0.190
0.003	0.889	0.107	0.001
0.018	0.781	0.001	0.200
0.401	0.116	0.005	0.479
0.328	0.052	0.555	0.065
0.043	0.143	0.716	0.098
0.120	0.229	0.088	0.563
0.001	0.001	0.997	0.001
>GCGCCMCCTR	12-GCGCCMCCTR	9.129979	-534.075999	0	T:2063.0(5.26%),B:240.4(0.91%),P:1e-231	Tpos:246.2,Tstd:114.8,Bpos:608.6,Bstd:207.9,StrandBias:0.6,Multiplicity:1.00
0.051	0.041	0.808	0.100
0.009	0.829	0.004	0.158
0.173	0.006	0.747	0.074
0.146	0.716	0.096	0.042
0.033	0.884	0.002	0.081
0.368	0.408	0.127	0.097
0.008	0.725	0.055	0.212
0.001	0.978	0.004	0.017
0.027	0.176	0.102	0.695
0.444	0.106	0.334	0.116
>CGCCCYCTAG	13-CGCCCYCTAG	9.873432	-520.758416	0	T:1639.0(4.18%),B:127.4(0.48%),P:1e-226	Tpos:200.8,Tstd:91.8,Bpos:522.5,Bstd:354.8,StrandBias:0.3,Multiplicity:1.00
0.020	0.555	0.032	0.393
0.075	0.001	0.825	0.099
0.107	0.734	0.082	0.077
0.023	0.788	0.076	0.113
0.155	0.821	0.007	0.017
0.001	0.493	0.029	0.477
0.003	0.908	0.016	0.073
0.077	0.018	0.036	0.869
0.635	0.010	0.348	0.007
0.143	0.202	0.503	0.152
>GCCRCTAGRK	14-GCCRCTAGRK	7.944784	-440.365970	0	T:1383.0(3.53%),B:106.1(0.40%),P:1e-191	Tpos:214.4,Tstd:68.9,Bpos:488.9,Bstd:332.3,StrandBias:0.1,Multiplicity:1.01
0.250	0.101	0.471	0.178
0.101	0.830	0.041	0.028
0.049	0.949	0.001	0.001
0.423	0.078	0.314	0.186
0.037	0.563	0.333	0.067
0.202	0.237	0.074	0.486
0.547	0.039	0.235	0.179
0.039	0.001	0.954	0.006
0.322	0.150	0.386	0.142
0.153	0.050	0.419	0.378
>GCGCCCCCTR	15-GCGCCCCCTR	9.702152	-440.028636	0	T:1948.0(4.97%),B:276.8(1.04%),P:1e-191	Tpos:195.1,Tstd:50.2,Bpos:488.4,Bstd:951.6,StrandBias:-0.2,Multiplicity:1.01
0.152	0.064	0.694	0.090
0.001	0.818	0.001	0.180
0.088	0.001	0.812	0.099
0.102	0.834	0.020	0.044
0.029	0.749	0.041	0.181
0.262	0.580	0.076	0.082
0.001	0.576	0.001	0.422
0.001	0.961	0.001	0.037
0.111	0.028	0.237	0.624
0.359	0.113	0.369	0.159
>ACTAGGTGGC	16-ACTAGGTGGC	8.747125	-210.895462	0	T:551.0(1.41%),B:24.1(0.09%),P:1e-91	Tpos:180.4,Tstd:89.2,Bpos:465.4,Bstd:233.2,StrandBias:1.3,Multiplicity:1.00
0.600	0.129	0.133	0.138
0.134	0.593	0.142	0.131
0.126	0.168	0.134	0.572
0.580	0.138	0.140	0.142
0.153	0.111	0.618	0.118
0.135	0.134	0.602	0.129
0.135	0.147	0.163	0.555
0.121	0.121	0.618	0.140
0.128	0.136	0.612	0.124
0.122	0.651	0.108	0.119
>CYAGRGGGCG	17-CYAGRGGGCG	9.714643	-203.569577	0	T:554.0(1.41%),B:28.2(0.11%),P:1e-88	Tpos:216.1,Tstd:80.2,Bpos:527.2,Bstd:172.9,StrandBias:-0.2,Multiplicity:1.00
0.149	0.589	0.188	0.074
0.123	0.342	0.078	0.456
0.729	0.090	0.090	0.091
0.021	0.009	0.969	0.001
0.504	0.052	0.436	0.008
0.001	0.024	0.713	0.262
0.134	0.074	0.770	0.022
0.050	0.129	0.764	0.057
0.099	0.823	0.039	0.039
0.354	0.086	0.553	0.007
>TGCTGCCCCC	18-TGCTGCCCCC	9.629517	-166.723545	0	T:1343.0(3.43%),B:335.0(1.26%),P:1e-72	Tpos:199.7,Tstd:61.2,Bpos:529.3,Bstd:351.2,StrandBias:-0.1,Multiplicity:1.01
0.053	0.037	0.035	0.875
0.044	0.034	0.823	0.099
0.036	0.526	0.254	0.184
0.062	0.301	0.097	0.540
0.125	0.064	0.810	0.001
0.016	0.982	0.001	0.001
0.001	0.605	0.329	0.065
0.213	0.439	0.196	0.152
0.001	0.602	0.013	0.384
0.028	0.874	0.045	0.053
>AGGTGGCAGC	19-AGGTGGCAGC	13.063239	-47.806875	0	T:690.0(1.76%),B:238.3(0.90%),P:1e-20	Tpos:203.1,Tstd:60.4,Bpos:481.4,Bstd:331.2,StrandBias:-0.3,Multiplicity:1.00
0.863	0.041	0.062	0.034
0.020	0.001	0.952	0.027
0.068	0.011	0.895	0.026
0.072	0.016	0.064	0.848
0.012	0.035	0.952	0.001
0.001	0.001	0.997	0.001
0.001	0.997	0.001	0.001
0.924	0.046	0.018	0.012
0.021	0.038	0.877	0.064
0.045	0.940	0.014	0.001
>BYGCCMCCTR	20-BYGCCMCCTR	7.775455	-32.907618	0	T:300.0(0.77%),B:83.1(0.31%),P:1e-14	Tpos:209.0,Tstd:100.7,Bpos:527.9,Bstd:359.5,StrandBias:0.0,Multiplicity:1.00
0.062	0.313	0.376	0.249
0.001	0.422	0.076	0.501
0.040	0.001	0.958	0.001
0.195	0.746	0.053	0.006
0.004	0.714	0.248	0.034
0.381	0.355	0.133	0.130
0.049	0.600	0.009	0.342
0.104	0.603	0.004	0.289
0.143	0.186	0.210	0.462
0.337	0.151	0.371	0.141
>GCGCCCYCTT	21-GCGCCCYCTT	10.627876	-27.607824	0	T:173.0(0.44%),B:37.8(0.14%),P:1e-11	Tpos:205.3,Tstd:50.1,Bpos:421.9,Bstd:381.2,StrandBias:0.1,Multiplicity:1.00
0.082	0.079	0.773	0.066
0.084	0.788	0.064	0.064
0.052	0.007	0.890	0.051
0.054	0.861	0.028	0.057
0.114	0.584	0.128	0.174
0.001	0.856	0.071	0.072
0.046	0.409	0.057	0.488
0.001	0.905	0.011	0.083
0.088	0.063	0.050	0.799
0.215	0.094	0.213	0.478
>CRCTGGRGGG	22-CRCTGGRGGG	9.698093	-22.372784	0	T:807.0(2.06%),B:373.4(1.41%),P:1e-9	Tpos:201.9,Tstd:75.5,Bpos:515.2,Bstd:362.6,StrandBias:0.3,Multiplicity:1.01
0.001	0.993	0.001	0.005
0.408	0.070	0.334	0.188
0.004	0.994	0.001	0.001
0.164	0.127	0.011	0.698
0.001	0.109	0.624	0.266
0.027	0.230	0.690	0.053
0.432	0.024	0.518	0.026
0.051	0.064	0.542	0.343
0.001	0.086	0.912	0.001
0.109	0.001	0.792	0.098
>GCAGCGCCCC	23-GCAGCGCCCC	10.204443	-20.223421	0	T:310.0(0.79%),B:112.1(0.42%),P:1e-8	Tpos:212.2,Tstd:107.3,Bpos:694.6,Bstd:517.9,StrandBias:-0.1,Multiplicity:1.00
0.211	0.077	0.678	0.034
0.103	0.639	0.114	0.144
0.568	0.160	0.184	0.088
0.030	0.157	0.776	0.037
0.032	0.917	0.001	0.050
0.168	0.005	0.711	0.116
0.071	0.803	0.023	0.103
0.034	0.745	0.104	0.117
0.213	0.495	0.151	0.141
0.079	0.699	0.035	0.187
>CGCATGCGCA	24-CGCATGCGCA	10.214927	-1.161165	0	T:108.0(0.28%),B:67.5(0.25%),P:1e0	Tpos:209.4,Tstd:110.8,Bpos:557.5,Bstd:382.1,StrandBias:-0.1,Multiplicity:1.05
0.029	0.880	0.054	0.037
0.031	0.052	0.852	0.065
0.075	0.819	0.076	0.030
0.706	0.143	0.090	0.061
0.056	0.122	0.076	0.746
0.040	0.092	0.803	0.065
0.052	0.844	0.063	0.041
0.025	0.044	0.835	0.096
0.037	0.847	0.053	0.063
0.669	0.064	0.168	0.099
>NCCDGYAGRG	25-NCCDGYAGRG	8.412099	-0.014896	0	T:154.0(0.39%),B:134.7(0.51%),P:1e0	Tpos:217.3,Tstd:110.1,Bpos:400.6,Bstd:332.9,StrandBias:0.2,Multiplicity:1.00
0.295	0.204	0.284	0.217
0.223	0.541	0.235	0.001
0.001	0.997	0.001	0.001
0.251	0.173	0.253	0.324
0.001	0.382	0.560	0.057
0.148	0.394	0.108	0.350
0.997	0.001	0.001	0.001
0.001	0.001	0.997	0.001
0.463	0.137	0.392	0.008
0.178	0.001	0.820	0.001
>CACYAGRGGGCR	1-CACYAGRGGGCR	8.751842	-6792.570973	0	T:18351.0(46.83%),B:1834.9(6.91%),P:1e-2949	Tpos:201.9,Tstd:52.9,Bpos:499.5,Bstd:570.3,StrandBias:-0.0,Multiplicity:1.02
0.076	0.920	0.003	0.001
0.515	0.084	0.210	0.191
0.128	0.544	0.315	0.013
0.191	0.306	0.083	0.420
0.829	0.062	0.100	0.009
0.001	0.001	0.997	0.001
0.455	0.001	0.532	0.012
0.078	0.022	0.584	0.316
0.049	0.001	0.949	0.001
0.059	0.098	0.744	0.099
0.155	0.711	0.042	0.092
0.443	0.010	0.539	0.008
>CCACHAGRGGGC	2-CCACHAGRGGGC	9.141208	-4955.241751	0	T:15827.0(40.39%),B:1962.0(7.39%),P:1e-2152	Tpos:202.6,Tstd:69.0,Bpos:483.2,Bstd:395.0,StrandBias:-0.0,Multiplicity:1.01
0.001	0.997	0.001	0.001
0.001	0.997	0.001	0.001
0.601	0.058	0.072	0.269
0.142	0.549	0.308	0.001
0.288	0.283	0.068	0.361
0.755	0.001	0.243	0.001
0.001	0.001	0.997	0.001
0.443	0.001	0.517	0.039
0.084	0.001	0.655	0.260
0.065	0.001	0.887	0.047
0.113	0.149	0.513	0.225
0.204	0.723	0.053	0.020
>CCACCAGGTGGC	3-CCACCAGGTGGC	7.642864	-4749.369418	0	T:21707.0(55.39%),B:4891.7(18.42%),P:1e-2062	Tpos:201.6,Tstd:47.8,Bpos:509.6,Bstd:489.4,StrandBias:0.0,Multiplicity:1.09
0.089	0.846	0.028	0.037
0.001	0.997	0.001	0.001
0.647	0.202	0.053	0.098
0.020	0.595	0.217	0.168
0.087	0.603	0.036	0.274
0.560	0.006	0.036	0.398
0.152	0.003	0.800	0.045
0.283	0.123	0.592	0.002
0.033	0.019	0.361	0.587
0.001	0.001	0.997	0.001
0.012	0.002	0.898	0.088
0.174	0.635	0.022	0.169
>GCCACHAGRGGG	4-GCCACHAGRGGG	9.672460	-3019.959617	0	T:9252.0(23.61%),B:855.6(3.22%),P:1e-1311	Tpos:203.5,Tstd:62.7,Bpos:543.4,Bstd:495.5,StrandBias:0.1,Multiplicity:1.01
0.290	0.001	0.507	0.202
0.001	0.997	0.001	0.001
0.001	0.997	0.001	0.001
0.508	0.001	0.217	0.274
0.045	0.558	0.396	0.001
0.275	0.290	0.056	0.379
0.635	0.001	0.363	0.001
0.001	0.001	0.997	0.001
0.425	0.001	0.572	0.002
0.189	0.001	0.559	0.251
0.068	0.001	0.930	0.001
0.150	0.224	0.480	0.147
>YAGGGGGCAGCA	5-YAGGGGGCAGCA	11.392128	-563.154498	0	T:2078.0(5.30%),B:224.9(0.85%),P:1e-244	Tpos:207.0,Tstd:62.5,Bpos:498.7,Bstd:329.1,StrandBias:0.0,Multiplicity:1.01
0.235	0.307	0.067	0.390
0.586	0.053	0.226	0.135
0.012	0.001	0.958	0.029
0.253	0.015	0.725	0.007
0.139	0.060	0.547	0.254
0.076	0.001	0.855	0.068
0.005	0.010	0.955	0.030
0.001	0.978	0.008	0.013
0.997	0.001	0.001	0.001
0.023	0.148	0.811	0.018
0.001	0.678	0.022	0.299
0.903	0.008	0.079	0.010
>GCYCTCTRGTGG	6-GCYCTCTRGTGG	10.816515	-480.256873	0	T:1100.0(2.81%),B:25.4(0.10%),P:1e-208	Tpos:210.2,Tstd:43.9,Bpos:341.5,Bstd:104.8,StrandBias:0.0,Multiplicity:1.00
0.057	0.156	0.596	0.191
0.090	0.622	0.124	0.164
0.037	0.536	0.010	0.417
0.041	0.839	0.022	0.098
0.043	0.302	0.008	0.647
0.001	0.896	0.062	0.041
0.030	0.315	0.012	0.643
0.446	0.074	0.297	0.183
0.035	0.223	0.655	0.087
0.296	0.050	0.192	0.463
0.011	0.001	0.969	0.019
0.075	0.127	0.704	0.094
>GCCACCSKGTGG	7-GCCACCSKGTGG	10.798959	-437.746036	0	T:1735.0(4.43%),B:209.5(0.79%),P:1e-190	Tpos:202.4,Tstd:60.1,Bpos:508.0,Bstd:414.0,StrandBias:0.1,Multiplicity:1.01
0.025	0.032	0.909	0.034
0.050	0.848	0.075	0.027
0.004	0.985	0.001	0.010
0.436	0.170	0.188	0.205
0.002	0.871	0.079	0.048
0.127	0.690	0.041	0.142
0.022	0.379	0.400	0.198
0.194	0.094	0.289	0.423
0.001	0.158	0.823	0.018
0.148	0.158	0.119	0.575
0.001	0.001	0.992	0.006
0.009	0.033	0.934	0.024
>CCCCTAGTGGCC	8-CCCCTAGTGGCC	10.496812	-371.053571	0	T:1211.0(3.09%),B:101.2(0.38%),P:1e-161	Tpos:203.8,Tstd:60.5,Bpos:420.3,Bstd:332.4,StrandBias:-0.1,Multiplicity:1.01
0.032	0.868	0.020	0.080
0.145	0.722	0.045	0.088
0.129	0.547	0.026	0.298
0.009	0.966	0.001	0.024
0.076	0.246	0.061	0.617
0.449	0.091	0.264	0.196
0.015	0.179	0.765	0.041
0.258	0.165	0.122	0.454
0.003	0.006	0.960	0.031
0.021	0.025	0.923	0.031
0.119	0.633	0.081	0.167
0.196	0.516	0.150	0.138
>RCAGCGCCCCCT	9-RCAGCGCCCCCT	10.845972	-366.078608	0	T:1607.0(4.10%),B:224.5(0.85%),P:1e-158	Tpos:202.8,Tstd:62.9,Bpos:521.8,Bstd:459.8,StrandBias:0.1,Multiplicity:1.05
0.434	0.123	0.357	0.087
0.026	0.529	0.301	0.144
0.715	0.014	0.237	0.034
0.001	0.095	0.903	0.001
0.018	0.807	0.015	0.160
0.112	0.009	0.694	0.185
0.039	0.933	0.012	0.016
0.023	0.953	0.012	0.012
0.227	0.566	0.097	0.110
0.001	0.723	0.001	0.275
0.001	0.993	0.001	0.005
0.117	0.155	0.090	0.638
>CAGCGCCMCCTD	10-CAGCGCCMCCTD	10.585468	-279.192116	0	T:1438.0(3.67%),B:243.7(0.92%),P:1e-121	Tpos:199.1,Tstd:76.6,Bpos:461.9,Bstd:627.1,StrandBias:0.0,Multiplicity:1.01
0.016	0.603	0.235	0.146
0.994	0.004	0.001	0.001
0.001	0.059	0.939	0.001
0.020	0.763	0.013	0.204
0.198	0.100	0.576	0.126
0.128	0.772	0.067	0.033
0.030	0.968	0.001	0.001
0.353	0.317	0.167	0.163
0.007	0.811	0.027	0.155
0.001	0.997	0.001	0.001
0.100	0.276	0.090	0.534
0.313	0.170	0.321	0.196
>YAGGKGGMGCTV	11-YAGGKGGMGCTV	10.868399	-269.479392	0	T:1027.0(2.62%),B:115.9(0.44%),P:1e-117	Tpos:206.9,Tstd:50.4,Bpos:466.4,Bstd:331.3,StrandBias:0.2,Multiplicity:1.00
0.204	0.368	0.126	0.302
0.624	0.001	0.245	0.130
0.001	0.001	0.997	0.001
0.315	0.001	0.683	0.001
0.170	0.001	0.489	0.340
0.001	0.001	0.997	0.001
0.001	0.077	0.895	0.027
0.322	0.443	0.025	0.210
0.001	0.001	0.997	0.001
0.008	0.975	0.016	0.001
0.049	0.348	0.001	0.602
0.310	0.297	0.293	0.100
>GCGCCCTCTAGC	12-GCGCCCTCTAGC	10.351522	-194.321272	0	T:672.0(1.71%),B:63.9(0.24%),P:1e-84	Tpos:208.9,Tstd:56.7,Bpos:489.2,Bstd:433.9,StrandBias:-0.1,Multiplicity:1.00
0.052	0.092	0.795	0.061
0.062	0.765	0.083	0.090
0.075	0.101	0.695	0.129
0.056	0.797	0.084	0.063
0.044	0.803	0.072	0.081
0.080	0.796	0.050	0.074
0.061	0.150	0.070	0.719
0.040	0.835	0.080	0.045
0.064	0.145	0.091	0.700
0.591	0.128	0.175	0.106
0.050	0.105	0.779	0.066
0.068	0.725	0.105	0.102
>GGSGGCGCTGCN	13-GGSGGCGCTGCN	9.946847	-95.925649	0	T:794.0(2.03%),B:202.4(0.76%),P:1e-41	Tpos:204.2,Tstd:86.7,Bpos:447.9,Bstd:760.1,StrandBias:0.2,Multiplicity:1.02
0.001	0.001	0.997	0.001
0.001	0.001	0.997	0.001
0.194	0.403	0.328	0.075
0.001	0.001	0.997	0.001
0.001	0.001	0.997	0.001
0.001	0.997	0.001	0.001
0.001	0.001	0.997	0.001
0.001	0.997	0.001	0.001
0.001	0.001	0.001	0.997
0.001	0.001	0.997	0.001
0.001	0.979	0.001	0.019
0.220	0.220	0.347	0.212
>CCGCCAGGCGGC	14-CCGCCAGGCGGC	12.266368	-84.855177	0	T:372.0(0.95%),B:53.0(0.20%),P:1e-36	Tpos:207.5,Tstd:65.4,Bpos:415.0,Bstd:468.6,StrandBias:0.1,Multiplicity:1.00
0.023	0.932	0.044	0.001
0.071	0.916	0.012	0.001
0.001	0.037	0.817	0.145
0.080	0.818	0.101	0.001
0.019	0.805	0.101	0.075
0.687	0.116	0.081	0.116
0.021	0.011	0.961	0.007
0.001	0.073	0.918	0.008
0.122	0.592	0.206	0.080
0.048	0.058	0.852	0.042
0.044	0.079	0.783	0.094
0.014	0.918	0.049	0.019
>TRCCGCTAGAGG	15-TRCCGCTAGAGG	10.233558	-65.116963	0	T:208.0(0.53%),B:17.3(0.07%),P:1e-28	Tpos:203.7,Tstd:69.5,Bpos:530.9,Bstd:335.2,StrandBias:0.3,Multiplicity:1.13
0.083	0.271	0.209	0.437
0.373	0.198	0.273	0.155
0.048	0.868	0.017	0.067
0.001	0.975	0.023	0.001
0.001	0.001	0.997	0.001
0.034	0.915	0.034	0.017
0.003	0.017	0.218	0.762
0.821	0.171	0.007	0.001
0.028	0.028	0.903	0.041
0.868	0.010	0.084	0.038
0.159	0.245	0.432	0.164
0.102	0.166	0.617	0.115
>AGAGGGAGCTCT	16-AGAGGGAGCTCT	11.205115	-56.431832	0	T:268.0(0.68%),B:42.2(0.16%),P:1e-24	Tpos:211.4,Tstd:57.9,Bpos:586.0,Bstd:317.3,StrandBias:0.0,Multiplicity:1.01
0.745	0.067	0.101	0.087
0.087	0.088	0.772	0.053
0.737	0.065	0.117	0.081
0.096	0.054	0.757	0.093
0.088	0.049	0.776	0.087
0.089	0.102	0.753	0.056
0.727	0.094	0.094	0.085
0.081	0.067	0.787	0.065
0.072	0.764	0.082	0.082
0.099	0.106	0.080	0.715
0.076	0.719	0.106	0.099
0.090	0.089	0.070	0.751
>SGCCGCTAGGSG	17-SGCCGCTAGGSG	11.879628	-36.696934	0	T:128.0(0.33%),B:13.8(0.05%),P:1e-15	Tpos:214.1,Tstd:86.2,Bpos:475.7,Bstd:180.4,StrandBias:0.3,Multiplicity:1.00
0.084	0.516	0.386	0.014
0.097	0.056	0.805	0.042
0.001	0.997	0.001	0.001
0.001	0.997	0.001	0.001
0.001	0.001	0.997	0.001
0.001	0.997	0.001	0.001
0.001	0.001	0.001	0.997
0.997	0.001	0.001	0.001
0.001	0.001	0.997	0.001
0.001	0.041	0.957	0.001
0.182	0.331	0.349	0.139
0.209	0.153	0.554	0.084
>TGTTTAGCAGCA	18-TGTTTAGCAGCA	12.039040	-10.614332	0	T:53.0(0.14%),B:10.8(0.04%),P:1e-4	Tpos:204.8,Tstd:59.0,Bpos:288.4,Bstd:211.0,StrandBias:0.3,Multiplicity:1.02
0.258	0.098	0.191	0.453
0.149	0.115	0.579	0.157
0.056	0.099	0.078	0.767
0.034	0.073	0.068	0.825
0.078	0.186	0.117	0.619
0.734	0.028	0.103	0.135
0.117	0.112	0.711	0.060
0.113	0.806	0.045	0.036
0.847	0.013	0.011	0.129
0.089	0.038	0.773	0.100
0.066	0.749	0.069	0.116
0.476	0.200	0.093	0.230
>GCGCAKGCGCGS	19-GCGCAKGCGCGS	12.952565	-8.616787	0	T:21.0(0.05%),B:1.8(0.01%),P:1e-3	Tpos:205.2,Tstd:95.4,Bpos:365.0,Bstd:0.0,StrandBias:-0.4,Multiplicity:1.00
0.061	0.001	0.937	0.001
0.135	0.821	0.043	0.001
0.001	0.001	0.968	0.030
0.001	0.997	0.001	0.001
0.486	0.214	0.211	0.089
0.080	0.179	0.298	0.443
0.001	0.001	0.997	0.001
0.001	0.997	0.001	0.001
0.001	0.049	0.926	0.024
0.001	0.889	0.001	0.109
0.307	0.135	0.493	0.064
0.144	0.380	0.390	0.086
>AVTGCACAGGAC	20-AVTGCACAGGAC	11.642648	-4.196530	0	T:39.0(0.10%),B:13.1(0.05%),P:1e-1	Tpos:209.1,Tstd:81.0,Bpos:497.9,Bstd:313.0,StrandBias:0.2,Multiplicity:1.00
0.842	0.001	0.135	0.022
0.238	0.340	0.235	0.187
0.063	0.004	0.025	0.908
0.014	0.151	0.602	0.233
0.002	0.989	0.005	0.004
0.836	0.027	0.001	0.136
0.131	0.588	0.258	0.023
0.993	0.001	0.002	0.004
0.071	0.001	0.927	0.001
0.103	0.280	0.555	0.062
0.508	0.200	0.231	0.061
0.249	0.491	0.183	0.077
>TTGTGAMAACCA	21-TTGTGAMAACCA	12.253136	-3.274706	0	T:39.0(0.10%),B:15.3(0.06%),P:1e-1	Tpos:184.4,Tstd:50.8,Bpos:378.5,Bstd:311.8,StrandBias:0.2,Multiplicity:1.00
0.062	0.159	0.085	0.694
0.077	0.009	0.072	0.842
0.046	0.146	0.624	0.184
0.128	0.004	0.063	0.805
0.107	0.103	0.707	0.083
0.790	0.067	0.092	0.051
0.476	0.407	0.084	0.034
0.871	0.065	0.010	0.054
0.623	0.088	0.185	0.104
0.173	0.561	0.138	0.128
0.181	0.728	0.014	0.077
0.845	0.032	0.012	0.111
>AATGTCTBNAGA	22-AATGTCTBNAGA	11.410018	-2.732277	0	T:82.0(0.21%),B:41.2(0.16%),P:1e-1	Tpos:199.7,Tstd:72.4,Bpos:541.0,Bstd:350.8,StrandBias:0.1,Multiplicity:1.00
0.959	0.001	0.039	0.001
0.554	0.041	0.254	0.151
0.120	0.009	0.001	0.870
0.032	0.001	0.966	0.001
0.112	0.170	0.006	0.712
0.115	0.719	0.001	0.165
0.001	0.098	0.001	0.900
0.093	0.268	0.271	0.368
0.246	0.285	0.196	0.273
0.862	0.001	0.136	0.001
0.299	0.132	0.568	0.001
0.699	0.079	0.099	0.123
>NNGTTTAGCANN	23-NNGTTTAGCANN	8.210499	-0.453343	0	T:14.0(0.04%),B:11.0(0.04%),P:1e0	Tpos:170.1,Tstd:106.8,Bpos:476.0,Bstd:193.5,StrandBias:-1.3,Multiplicity:1.00
0.214	0.268	0.256	0.261
0.257	0.188	0.259	0.295
0.095	0.110	0.683	0.112
0.074	0.113	0.089	0.724
0.062	0.088	0.089	0.761
0.078	0.114	0.098	0.710
0.539	0.308	0.073	0.080
0.107	0.110	0.675	0.108
0.125	0.663	0.116	0.096
0.550	0.047	0.345	0.058
0.299	0.266	0.225	0.211
0.274	0.217	0.243	0.266
>NTTTAGAAGCAS	24-NTTTAGAAGCAS	8.857522	-0.295960	0	T:11.0(0.03%),B:9.7(0.04%),P:1e0	Tpos:192.6,Tstd:121.8,Bpos:546.8,Bstd:424.2,StrandBias:0.3,Multiplicity:1.00
0.210	0.240	0.233	0.317
0.078	0.190	0.077	0.655
0.057	0.154	0.136	0.653
0.141	0.249	0.177	0.433
0.514	0.017	0.230	0.239
0.261	0.140	0.502	0.097
0.534	0.215	0.134	0.117
0.833	0.018	0.051	0.098
0.253	0.121	0.485	0.140
0.178	0.622	0.128	0.072
0.677	0.067	0.013	0.243
0.093	0.266	0.402	0.239
>KTTGAGAACCAV	25-KTTGAGAACCAV	10.080054	-0.284765	0	T:101.0(0.26%),B:75.4(0.28%),P:1e0	Tpos:210.5,Tstd:98.7,Bpos:507.2,Bstd:310.9,StrandBias:0.0,Multiplicity:1.00
0.204	0.162	0.243	0.391
0.034	0.206	0.166	0.594
0.068	0.001	0.133	0.798
0.161	0.179	0.568	0.092
0.884	0.001	0.108	0.007
0.229	0.080	0.647	0.044
0.790	0.094	0.109	0.007
0.770	0.012	0.191	0.027
0.194	0.470	0.188	0.148
0.218	0.625	0.004	0.153
0.820	0.138	0.001	0.041
0.285	0.309	0.273	0.132
>GCCCCCTR	1-GCCCCCTR	8.112065	-945.108199	0	T:16799.0(42.87%),B:7026.7(26.46%),P:1e-410	Tpos:202.1,Tstd:66.4,Bpos:504.8,Bstd:462.0,StrandBias:0.0,Multiplicity:1.15
0.001	0.001	0.997	0.001
0.001	0.997	0.001	0.001
0.001	0.997	0.001	0.001
0.288	0.710	0.001	0.001
0.001	0.632	0.001	0.366
0.001	0.997	0.001	0.001
0.001	0.001	0.001	0.997
0.490	0.001	0.508	0.001
>CCACTAGR	2-CCACTAGR	8.379862	-573.976156	0	T:4447.0(11.35%),B:1113.1(4.19%),P:1e-249	Tpos:202.1,Tstd:59.7,Bpos:500.8,Bstd:337.5,StrandBias:-0.0,Multiplicity:1.02
0.054	0.885	0.044	0.017
0.026	0.944	0.025	0.005
0.515	0.141	0.155	0.189
0.005	0.822	0.155	0.018
0.149	0.180	0.038	0.633
0.896	0.016	0.031	0.057
0.028	0.010	0.961	0.001
0.399	0.028	0.345	0.229
>GCCACTAG	3-GCCACTAG	7.636947	-217.698109	0	T:1965.0(5.01%),B:530.5(2.00%),P:1e-94	Tpos:216.1,Tstd:98.9,Bpos:493.1,Bstd:450.7,StrandBias:0.1,Multiplicity:1.01
0.236	0.024	0.508	0.232
0.049	0.603	0.174	0.174
0.001	0.888	0.022	0.089
0.520	0.050	0.343	0.087
0.016	0.672	0.283	0.029
0.116	0.208	0.001	0.675
0.915	0.001	0.045	0.039
0.126	0.056	0.817	0.001
>CCCYCTAG	4-CCCYCTAG	8.661120	-209.053685	0	T:2207.0(5.63%),B:653.1(2.46%),P:1e-90	Tpos:199.7,Tstd:87.0,Bpos:495.9,Bstd:408.3,StrandBias:-0.1,Multiplicity:1.01
0.129	0.685	0.103	0.083
0.036	0.863	0.084	0.017
0.079	0.875	0.018	0.028
0.066	0.343	0.120	0.471
0.079	0.774	0.064	0.083
0.021	0.045	0.112	0.822
0.700	0.029	0.161	0.110
0.053	0.089	0.812	0.046
>VCCACTAG	5-VCCACTAG	8.310713	-204.704607	0	T:1642.0(4.19%),B:409.2(1.54%),P:1e-88	Tpos:203.2,Tstd:56.6,Bpos:515.7,Bstd:400.0,StrandBias:0.1,Multiplicity:1.01
0.242	0.271	0.329	0.157
0.052	0.850	0.052	0.046
0.043	0.934	0.022	0.001
0.449	0.151	0.140	0.260
0.019	0.817	0.159	0.005
0.148	0.140	0.001	0.711
0.963	0.005	0.010	0.022
0.032	0.016	0.946	0.006
>NGCCCTCT	6-NGCCCTCT	8.645331	-149.939384	0	T:2223.0(5.67%),B:773.4(2.91%),P:1e-65	Tpos:200.1,Tstd:78.1,Bpos:519.3,Bstd:505.4,StrandBias:-0.2,Multiplicity:1.01
0.187	0.320	0.205	0.287
0.005	0.001	0.975	0.019
0.001	0.956	0.001	0.042
0.001	0.774	0.193	0.032
0.277	0.721	0.001	0.001
0.001	0.418	0.001	0.580
0.051	0.928	0.001	0.020
0.001	0.030	0.001	0.968
>CTAGGGGG	7-CTAGGGGG	8.667218	-131.540727	0	T:1490.0(3.80%),B:456.3(1.72%),P:1e-57	Tpos:201.8,Tstd:85.6,Bpos:488.8,Bstd:500.7,StrandBias:-0.3,Multiplicity:1.01
0.072	0.714	0.149	0.065
0.087	0.254	0.054	0.605
0.908	0.016	0.047	0.029
0.079	0.041	0.872	0.008
0.306	0.077	0.540	0.077
0.035	0.023	0.850	0.092
0.045	0.102	0.839	0.014
0.130	0.079	0.673	0.118
>AGGTGGCR	8-AGGTGGCR	6.016557	-130.748954	0	T:23617.0(60.27%),B:14338.7(54.00%),P:1e-56	Tpos:203.5,Tstd:102.0,Bpos:503.8,Bstd:543.5,StrandBias:-0.0,Multiplicity:1.16
0.997	0.001	0.001	0.001
0.001	0.001	0.997	0.001
0.277	0.001	0.721	0.001
0.001	0.001	0.367	0.631
0.001	0.117	0.881	0.001
0.001	0.001	0.997	0.001
0.001	0.997	0.001	0.001
0.476	0.119	0.333	0.072
>AGGGGGCD	9-AGGGGGCD	9.139220	-120.101745	0	T:3297.0(8.41%),B:1416.8(5.34%),P:1e-52	Tpos:198.4,Tstd:88.0,Bpos:530.5,Bstd:459.7,StrandBias:0.0,Multiplicity:1.01
0.997	0.001	0.001	0.001
0.001	0.001	0.997	0.001
0.265	0.001	0.733	0.001
0.001	0.001	0.675	0.323
0.001	0.148	0.850	0.001
0.001	0.001	0.997	0.001
0.001	0.997	0.001	0.001
0.342	0.162	0.303	0.194
>CACYAGRT	10-CACYAGRT	7.020749	-105.095642	0	T:15661.0(39.96%),B:9156.1(34.48%),P:1e-45	Tpos:201.6,Tstd:100.0,Bpos:502.0,Bstd:388.3,StrandBias:0.0,Multiplicity:1.11
0.042	0.926	0.020	0.012
0.799	0.032	0.091	0.078
0.001	0.771	0.227	0.001
0.139	0.487	0.025	0.349
0.826	0.014	0.012	0.148
0.001	0.001	0.997	0.001
0.448	0.001	0.550	0.001
0.038	0.001	0.377	0.584
>GCGCCCTC	11-GCGCCCTC	10.200168	-74.059289	0	T:2186.0(5.58%),B:954.8(3.60%),P:1e-32	Tpos:206.7,Tstd:90.4,Bpos:487.8,Bstd:597.8,StrandBias:0.1,Multiplicity:1.05
0.009	0.055	0.915	0.021
0.001	0.885	0.001	0.113
0.026	0.043	0.782	0.149
0.028	0.929	0.023	0.020
0.001	0.937	0.017	0.045
0.035	0.928	0.027	0.010
0.001	0.154	0.001	0.844
0.016	0.951	0.018	0.015
>GTGGCGCT	12-GTGGCGCT	8.294273	-26.215691	0	T:1043.0(2.66%),B:491.4(1.85%),P:1e-11	Tpos:201.7,Tstd:81.6,Bpos:542.0,Bstd:457.6,StrandBias:-0.0,Multiplicity:1.02
0.219	0.001	0.730	0.050
0.001	0.227	0.167	0.605
0.143	0.222	0.567	0.068
0.049	0.096	0.721	0.134
0.001	0.781	0.001	0.217
0.091	0.158	0.665	0.086
0.001	0.997	0.001	0.001
0.001	0.275	0.071	0.653
>ACCAGGGG	13-ACCAGGGG	8.593553	-12.311917	0	T:1767.0(4.51%),B:1009.8(3.80%),P:1e-5	Tpos:203.5,Tstd:95.6,Bpos:495.0,Bstd:498.9,StrandBias:0.1,Multiplicity:1.04
0.799	0.057	0.035	0.109
0.014	0.838	0.128	0.020
0.174	0.614	0.034	0.178
0.863	0.012	0.063	0.062
0.042	0.041	0.906	0.011
0.220	0.121	0.490	0.168
0.146	0.044	0.564	0.246
0.037	0.023	0.927	0.013
>GGGCGCTA	14-GGGCGCTA	7.316864	-3.748081	0	T:351.0(0.90%),B:200.0(0.75%),P:1e-1	Tpos:200.5,Tstd:92.8,Bpos:459.4,Bstd:785.4,StrandBias:-0.2,Multiplicity:1.02
0.101	0.119	0.638	0.142
0.125	0.191	0.581	0.103
0.108	0.171	0.571	0.150
0.102	0.653	0.119	0.126
0.159	0.107	0.614	0.120
0.091	0.669	0.124	0.116
0.130	0.086	0.125	0.659
0.614	0.137	0.097	0.152
>RTKGCYAC	15-RTKGCYAC	7.674818	-0.003571	0	T:753.0(1.92%),B:590.6(2.22%),P:1e0	Tpos:196.3,Tstd:88.0,Bpos:519.3,Bstd:376.8,StrandBias:0.0,Multiplicity:1.01
0.354	0.001	0.448	0.197
0.001	0.419	0.001	0.579
0.001	0.001	0.570	0.428
0.001	0.001	0.997	0.001
0.001	0.793	0.001	0.205
0.001	0.444	0.209	0.346
0.635	0.001	0.165	0.199
0.001	0.997	0.001	0.001
>NCTTTSAA	16-NCTTTSAA	7.819438	-0.000000	0	T:764.0(1.95%),B:1188.9(4.48%),P:1e0	Tpos:192.5,Tstd:115.1,Bpos:517.5,Bstd:320.0,StrandBias:-0.1,Multiplicity:1.01
0.197	0.203	0.301	0.299
0.096	0.576	0.055	0.273
0.016	0.001	0.017	0.966
0.001	0.060	0.121	0.818
0.048	0.008	0.130	0.814
0.147	0.357	0.418	0.078
0.862	0.057	0.054	0.027
0.945	0.039	0.015	0.001
>YCTTCAAA	17-YCTTCAAA	5.341862	-0.000000	0	T:10807.0(27.58%),B:12344.6(46.49%),P:1e0	Tpos:200.2,Tstd:124.4,Bpos:503.2,Bstd:291.7,StrandBias:0.0,Multiplicity:1.14
0.001	0.376	0.149	0.474
0.202	0.667	0.127	0.004
0.001	0.001	0.001	0.997
0.001	0.001	0.001	0.997
0.001	0.827	0.001	0.171
0.997	0.001	0.001	0.001
0.997	0.001	0.001	0.001
0.997	0.001	0.001	0.001
>MTTYAAAW	18-MTTYAAAW	9.202510	-0.000000	0	T:743.0(1.90%),B:922.4(3.47%),P:1e0	Tpos:178.7,Tstd:134.2,Bpos:505.7,Bstd:247.3,StrandBias:0.0,Multiplicity:1.00
0.537	0.459	0.003	0.001
0.001	0.001	0.001	0.997
0.001	0.001	0.001	0.997
0.001	0.468	0.001	0.530
0.997	0.001	0.001	0.001
0.997	0.001	0.001	0.001
0.997	0.001	0.001	0.001
0.458	0.001	0.001	0.540
>TTTCAAAG	19-TTTCAAAG	7.350659	-0.000000	0	T:10378.0(26.48%),B:11569.2(43.57%),P:1e0	Tpos:202.4,Tstd:121.4,Bpos:502.6,Bstd:311.9,StrandBias:-0.0,Multiplicity:1.24
0.001	0.001	0.013	0.985
0.001	0.001	0.001	0.997
0.038	0.020	0.048	0.894
0.116	0.723	0.070	0.091
0.872	0.069	0.008	0.051
0.833	0.095	0.071	0.001
0.937	0.018	0.001	0.044
0.055	0.077	0.789	0.079
>TTCAAAGN	20-TTCAAAGN	6.855983	-0.000000	0	T:9639.0(24.60%),B:11610.3(43.73%),P:1e0	Tpos:201.5,Tstd:121.0,Bpos:506.9,Bstd:299.2,StrandBias:0.0,Multiplicity:1.11
0.001	0.014	0.001	0.984
0.001	0.001	0.104	0.894
0.092	0.518	0.217	0.173
0.844	0.154	0.001	0.001
0.757	0.104	0.138	0.001
0.995	0.003	0.001	0.001
0.269	0.023	0.520	0.188
0.224	0.305	0.183	0.288
>GYTTTSAA	21-GYTTTSAA	7.461827	-0.000000	0	T:3061.0(7.81%),B:4162.8(15.68%),P:1e0	Tpos:197.1,Tstd:120.2,Bpos:493.1,Bstd:326.5,StrandBias:-0.0,Multiplicity:1.02
0.241	0.121	0.452	0.186
0.113	0.439	0.125	0.323
0.001	0.001	0.003	0.995
0.001	0.078	0.024	0.897
0.017	0.051	0.072	0.860
0.158	0.332	0.445	0.065
0.861	0.081	0.034	0.024
0.829	0.062	0.088	0.021
>GTTTAAAA	22-GTTTAAAA	3.414545	-0.000000	0	T:9925.0(25.33%),B:11580.7(43.61%),P:1e0	Tpos:198.4,Tstd:127.7,Bpos:515.9,Bstd:301.5,StrandBias:-0.0,Multiplicity:1.06
0.408	0.001	0.590	0.001
0.001	0.001	0.001	0.997
0.001	0.001	0.001	0.997
0.001	0.199	0.001	0.799
0.996	0.001	0.001	0.002
0.997	0.001	0.001	0.001
0.997	0.001	0.001	0.001
0.791	0.207	0.001	0.001
>TTTTGAAC	23-TTTTGAAC	9.618217	-0.000000	0	T:554.0(1.41%),B:783.1(2.95%),P:1e0	Tpos:219.7,Tstd:105.9,Bpos:502.6,Bstd:311.6,StrandBias:0.2,Multiplicity:1.00
0.274	0.001	0.042	0.683
0.001	0.001	0.001	0.997
0.001	0.004	0.001	0.994
0.004	0.001	0.001	0.994
0.320	0.001	0.678	0.001
0.997	0.001	0.001	0.001
0.997	0.001	0.001	0.001
0.001	0.506	0.229	0.264
>TTAAADNN	24-TTAAADNN	5.673606	-0.000000	0	T:12596.0(32.14%),B:14099.1(53.10%),P:1e0	Tpos:202.8,Tstd:125.3,Bpos:505.0,Bstd:311.7,StrandBias:-0.1,Multiplicity:1.13
0.001	0.001	0.007	0.991
0.194	0.168	0.150	0.488
0.613	0.088	0.232	0.067
0.997	0.001	0.001	0.001
0.798	0.086	0.077	0.039
0.337	0.128	0.274	0.261
0.177	0.261	0.242	0.319
0.175	0.224	0.284	0.318
>DSHTTTAA	25-DSHTTTAA	6.317964	-0.000000	0	T:10495.0(26.78%),B:12306.3(46.35%),P:1e0	Tpos:201.5,Tstd:124.9,Bpos:506.7,Bstd:302.1,StrandBias:-0.0,Multiplicity:1.20
0.339	0.184	0.194	0.282
0.247	0.278	0.412	0.063
0.237	0.353	0.072	0.338
0.016	0.016	0.019	0.949
0.001	0.050	0.046	0.903
0.010	0.114	0.091	0.785
0.559	0.233	0.161	0.047
0.915	0.046	0.038	0.001
