>GCCCCCTR	1-GCCCCCTR	8.112065	-945.108199	0	T:16799.0(42.87%),B:7026.7(26.46%),P:1e-410	Tpos:202.1,Tstd:66.4,Bpos:504.8,Bstd:462.0,StrandBias:0.0,Multiplicity:1.15
0.001	0.001	0.997	0.001
0.001	0.997	0.001	0.001
0.001	0.997	0.001	0.001
0.288	0.710	0.001	0.001
0.001	0.632	0.001	0.366
0.001	0.997	0.001	0.001
0.001	0.001	0.001	0.997
0.490	0.001	0.508	0.001
>CCACTAGR	2-CCACTAGR	8.379862	-573.976156	0	T:4447.0(11.35%),B:1113.1(4.19%),P:1e-249	Tpos:202.1,Tstd:59.7,Bpos:500.8,Bstd:337.5,StrandBias:-0.0,Multiplicity:1.02
0.054	0.885	0.044	0.017
0.026	0.944	0.025	0.005
0.515	0.141	0.155	0.189
0.005	0.822	0.155	0.018
0.149	0.180	0.038	0.633
0.896	0.016	0.031	0.057
0.028	0.010	0.961	0.001
0.399	0.028	0.345	0.229
>GCCACTAG	3-GCCACTAG	7.636947	-217.698109	0	T:1965.0(5.01%),B:530.5(2.00%),P:1e-94	Tpos:216.1,Tstd:98.9,Bpos:493.1,Bstd:450.7,StrandBias:0.1,Multiplicity:1.01
0.236	0.024	0.508	0.232
0.049	0.603	0.174	0.174
0.001	0.888	0.022	0.089
0.520	0.050	0.343	0.087
0.016	0.672	0.283	0.029
0.116	0.208	0.001	0.675
0.915	0.001	0.045	0.039
0.126	0.056	0.817	0.001
>CCCYCTAG	4-CCCYCTAG	8.661120	-209.053685	0	T:2207.0(5.63%),B:653.1(2.46%),P:1e-90	Tpos:199.7,Tstd:87.0,Bpos:495.9,Bstd:408.3,StrandBias:-0.1,Multiplicity:1.01
0.129	0.685	0.103	0.083
0.036	0.863	0.084	0.017
0.079	0.875	0.018	0.028
0.066	0.343	0.120	0.471
0.079	0.774	0.064	0.083
0.021	0.045	0.112	0.822
0.700	0.029	0.161	0.110
0.053	0.089	0.812	0.046
>VCCACTAG	5-VCCACTAG	8.310713	-204.704607	0	T:1642.0(4.19%),B:409.2(1.54%),P:1e-88	Tpos:203.2,Tstd:56.6,Bpos:515.7,Bstd:400.0,StrandBias:0.1,Multiplicity:1.01
0.242	0.271	0.329	0.157
0.052	0.850	0.052	0.046
0.043	0.934	0.022	0.001
0.449	0.151	0.140	0.260
0.019	0.817	0.159	0.005
0.148	0.140	0.001	0.711
0.963	0.005	0.010	0.022
0.032	0.016	0.946	0.006
>NGCCCTCT	6-NGCCCTCT	8.645331	-149.939384	0	T:2223.0(5.67%),B:773.4(2.91%),P:1e-65	Tpos:200.1,Tstd:78.1,Bpos:519.3,Bstd:505.4,StrandBias:-0.2,Multiplicity:1.01
0.187	0.320	0.205	0.287
0.005	0.001	0.975	0.019
0.001	0.956	0.001	0.042
0.001	0.774	0.193	0.032
0.277	0.721	0.001	0.001
0.001	0.418	0.001	0.580
0.051	0.928	0.001	0.020
0.001	0.030	0.001	0.968
>CTAGGGGG	7-CTAGGGGG	8.667218	-131.540727	0	T:1490.0(3.80%),B:456.3(1.72%),P:1e-57	Tpos:201.8,Tstd:85.6,Bpos:488.8,Bstd:500.7,StrandBias:-0.3,Multiplicity:1.01
0.072	0.714	0.149	0.065
0.087	0.254	0.054	0.605
0.908	0.016	0.047	0.029
0.079	0.041	0.872	0.008
0.306	0.077	0.540	0.077
0.035	0.023	0.850	0.092
0.045	0.102	0.839	0.014
0.130	0.079	0.673	0.118
>AGGTGGCR	8-AGGTGGCR	6.016557	-130.748954	0	T:23617.0(60.27%),B:14338.7(54.00%),P:1e-56	Tpos:203.5,Tstd:102.0,Bpos:503.8,Bstd:543.5,StrandBias:-0.0,Multiplicity:1.16
0.997	0.001	0.001	0.001
0.001	0.001	0.997	0.001
0.277	0.001	0.721	0.001
0.001	0.001	0.367	0.631
0.001	0.117	0.881	0.001
0.001	0.001	0.997	0.001
0.001	0.997	0.001	0.001
0.476	0.119	0.333	0.072
>AGGGGGCD	9-AGGGGGCD	9.139220	-120.101745	0	T:3297.0(8.41%),B:1416.8(5.34%),P:1e-52	Tpos:198.4,Tstd:88.0,Bpos:530.5,Bstd:459.7,StrandBias:0.0,Multiplicity:1.01
0.997	0.001	0.001	0.001
0.001	0.001	0.997	0.001
0.265	0.001	0.733	0.001
0.001	0.001	0.675	0.323
0.001	0.148	0.850	0.001
0.001	0.001	0.997	0.001
0.001	0.997	0.001	0.001
0.342	0.162	0.303	0.194
>CACYAGRT	10-CACYAGRT	7.020749	-105.095642	0	T:15661.0(39.96%),B:9156.1(34.48%),P:1e-45	Tpos:201.6,Tstd:100.0,Bpos:502.0,Bstd:388.3,StrandBias:0.0,Multiplicity:1.11
0.042	0.926	0.020	0.012
0.799	0.032	0.091	0.078
0.001	0.771	0.227	0.001
0.139	0.487	0.025	0.349
0.826	0.014	0.012	0.148
0.001	0.001	0.997	0.001
0.448	0.001	0.550	0.001
0.038	0.001	0.377	0.584
>GCGCCCTC	11-GCGCCCTC	10.200168	-74.059289	0	T:2186.0(5.58%),B:954.8(3.60%),P:1e-32	Tpos:206.7,Tstd:90.4,Bpos:487.8,Bstd:597.8,StrandBias:0.1,Multiplicity:1.05
0.009	0.055	0.915	0.021
0.001	0.885	0.001	0.113
0.026	0.043	0.782	0.149
0.028	0.929	0.023	0.020
0.001	0.937	0.017	0.045
0.035	0.928	0.027	0.010
0.001	0.154	0.001	0.844
0.016	0.951	0.018	0.015
>GTGGCGCT	12-GTGGCGCT	8.294273	-26.215691	0	T:1043.0(2.66%),B:491.4(1.85%),P:1e-11	Tpos:201.7,Tstd:81.6,Bpos:542.0,Bstd:457.6,StrandBias:-0.0,Multiplicity:1.02
0.219	0.001	0.730	0.050
0.001	0.227	0.167	0.605
0.143	0.222	0.567	0.068
0.049	0.096	0.721	0.134
0.001	0.781	0.001	0.217
0.091	0.158	0.665	0.086
0.001	0.997	0.001	0.001
0.001	0.275	0.071	0.653
>ACCAGGGG	13-ACCAGGGG	8.593553	-12.311917	0	T:1767.0(4.51%),B:1009.8(3.80%),P:1e-5	Tpos:203.5,Tstd:95.6,Bpos:495.0,Bstd:498.9,StrandBias:0.1,Multiplicity:1.04
0.799	0.057	0.035	0.109
0.014	0.838	0.128	0.020
0.174	0.614	0.034	0.178
0.863	0.012	0.063	0.062
0.042	0.041	0.906	0.011
0.220	0.121	0.490	0.168
0.146	0.044	0.564	0.246
0.037	0.023	0.927	0.013
>GGGCGCTA	14-GGGCGCTA	7.316864	-3.748081	0	T:351.0(0.90%),B:200.0(0.75%),P:1e-1	Tpos:200.5,Tstd:92.8,Bpos:459.4,Bstd:785.4,StrandBias:-0.2,Multiplicity:1.02
0.101	0.119	0.638	0.142
0.125	0.191	0.581	0.103
0.108	0.171	0.571	0.150
0.102	0.653	0.119	0.126
0.159	0.107	0.614	0.120
0.091	0.669	0.124	0.116
0.130	0.086	0.125	0.659
0.614	0.137	0.097	0.152
>RTKGCYAC	15-RTKGCYAC	7.674818	-0.003571	0	T:753.0(1.92%),B:590.6(2.22%),P:1e0	Tpos:196.3,Tstd:88.0,Bpos:519.3,Bstd:376.8,StrandBias:0.0,Multiplicity:1.01
0.354	0.001	0.448	0.197
0.001	0.419	0.001	0.579
0.001	0.001	0.570	0.428
0.001	0.001	0.997	0.001
0.001	0.793	0.001	0.205
0.001	0.444	0.209	0.346
0.635	0.001	0.165	0.199
0.001	0.997	0.001	0.001
>NCTTTSAA	16-NCTTTSAA	7.819438	-0.000000	0	T:764.0(1.95%),B:1188.9(4.48%),P:1e0	Tpos:192.5,Tstd:115.1,Bpos:517.5,Bstd:320.0,StrandBias:-0.1,Multiplicity:1.01
0.197	0.203	0.301	0.299
0.096	0.576	0.055	0.273
0.016	0.001	0.017	0.966
0.001	0.060	0.121	0.818
0.048	0.008	0.130	0.814
0.147	0.357	0.418	0.078
0.862	0.057	0.054	0.027
0.945	0.039	0.015	0.001
>YCTTCAAA	17-YCTTCAAA	5.341862	-0.000000	0	T:10807.0(27.58%),B:12344.6(46.49%),P:1e0	Tpos:200.2,Tstd:124.4,Bpos:503.2,Bstd:291.7,StrandBias:0.0,Multiplicity:1.14
0.001	0.376	0.149	0.474
0.202	0.667	0.127	0.004
0.001	0.001	0.001	0.997
0.001	0.001	0.001	0.997
0.001	0.827	0.001	0.171
0.997	0.001	0.001	0.001
0.997	0.001	0.001	0.001
0.997	0.001	0.001	0.001
>MTTYAAAW	18-MTTYAAAW	9.202510	-0.000000	0	T:743.0(1.90%),B:922.4(3.47%),P:1e0	Tpos:178.7,Tstd:134.2,Bpos:505.7,Bstd:247.3,StrandBias:0.0,Multiplicity:1.00
0.537	0.459	0.003	0.001
0.001	0.001	0.001	0.997
0.001	0.001	0.001	0.997
0.001	0.468	0.001	0.530
0.997	0.001	0.001	0.001
0.997	0.001	0.001	0.001
0.997	0.001	0.001	0.001
0.458	0.001	0.001	0.540
>TTTCAAAG	19-TTTCAAAG	7.350659	-0.000000	0	T:10378.0(26.48%),B:11569.2(43.57%),P:1e0	Tpos:202.4,Tstd:121.4,Bpos:502.6,Bstd:311.9,StrandBias:-0.0,Multiplicity:1.24
0.001	0.001	0.013	0.985
0.001	0.001	0.001	0.997
0.038	0.020	0.048	0.894
0.116	0.723	0.070	0.091
0.872	0.069	0.008	0.051
0.833	0.095	0.071	0.001
0.937	0.018	0.001	0.044
0.055	0.077	0.789	0.079
>TTCAAAGN	20-TTCAAAGN	6.855983	-0.000000	0	T:9639.0(24.60%),B:11610.3(43.73%),P:1e0	Tpos:201.5,Tstd:121.0,Bpos:506.9,Bstd:299.2,StrandBias:0.0,Multiplicity:1.11
0.001	0.014	0.001	0.984
0.001	0.001	0.104	0.894
0.092	0.518	0.217	0.173
0.844	0.154	0.001	0.001
0.757	0.104	0.138	0.001
0.995	0.003	0.001	0.001
0.269	0.023	0.520	0.188
0.224	0.305	0.183	0.288
>GYTTTSAA	21-GYTTTSAA	7.461827	-0.000000	0	T:3061.0(7.81%),B:4162.8(15.68%),P:1e0	Tpos:197.1,Tstd:120.2,Bpos:493.1,Bstd:326.5,StrandBias:-0.0,Multiplicity:1.02
0.241	0.121	0.452	0.186
0.113	0.439	0.125	0.323
0.001	0.001	0.003	0.995
0.001	0.078	0.024	0.897
0.017	0.051	0.072	0.860
0.158	0.332	0.445	0.065
0.861	0.081	0.034	0.024
0.829	0.062	0.088	0.021
>GTTTAAAA	22-GTTTAAAA	3.414545	-0.000000	0	T:9925.0(25.33%),B:11580.7(43.61%),P:1e0	Tpos:198.4,Tstd:127.7,Bpos:515.9,Bstd:301.5,StrandBias:-0.0,Multiplicity:1.06
0.408	0.001	0.590	0.001
0.001	0.001	0.001	0.997
0.001	0.001	0.001	0.997
0.001	0.199	0.001	0.799
0.996	0.001	0.001	0.002
0.997	0.001	0.001	0.001
0.997	0.001	0.001	0.001
0.791	0.207	0.001	0.001
>TTTTGAAC	23-TTTTGAAC	9.618217	-0.000000	0	T:554.0(1.41%),B:783.1(2.95%),P:1e0	Tpos:219.7,Tstd:105.9,Bpos:502.6,Bstd:311.6,StrandBias:0.2,Multiplicity:1.00
0.274	0.001	0.042	0.683
0.001	0.001	0.001	0.997
0.001	0.004	0.001	0.994
0.004	0.001	0.001	0.994
0.320	0.001	0.678	0.001
0.997	0.001	0.001	0.001
0.997	0.001	0.001	0.001
0.001	0.506	0.229	0.264
>TTAAADNN	24-TTAAADNN	5.673606	-0.000000	0	T:12596.0(32.14%),B:14099.1(53.10%),P:1e0	Tpos:202.8,Tstd:125.3,Bpos:505.0,Bstd:311.7,StrandBias:-0.1,Multiplicity:1.13
0.001	0.001	0.007	0.991
0.194	0.168	0.150	0.488
0.613	0.088	0.232	0.067
0.997	0.001	0.001	0.001
0.798	0.086	0.077	0.039
0.337	0.128	0.274	0.261
0.177	0.261	0.242	0.319
0.175	0.224	0.284	0.318
>DSHTTTAA	25-DSHTTTAA	6.317964	-0.000000	0	T:10495.0(26.78%),B:12306.3(46.35%),P:1e0	Tpos:201.5,Tstd:124.9,Bpos:506.7,Bstd:302.1,StrandBias:-0.0,Multiplicity:1.20
0.339	0.184	0.194	0.282
0.247	0.278	0.412	0.063
0.237	0.353	0.072	0.338
0.016	0.016	0.019	0.949
0.001	0.050	0.046	0.903
0.010	0.114	0.091	0.785
0.559	0.233	0.161	0.047
0.915	0.046	0.038	0.001
