>CCCYCTAGTG	1-CCCYCTAGTG	8.157089	-4930.724477	0	T:17666.0(45.08%),B:2744.0(10.33%),P:1e-2141	Tpos:201.3,Tstd:45.2,Bpos:516.7,Bstd:432.2,StrandBias:-0.0,Multiplicity:1.06
0.073	0.858	0.048	0.021
0.005	0.983	0.006	0.006
0.315	0.666	0.004	0.015
0.024	0.437	0.008	0.531
0.001	0.991	0.003	0.005
0.011	0.025	0.009	0.955
0.528	0.032	0.325	0.115
0.016	0.234	0.725	0.025
0.095	0.076	0.050	0.779
0.003	0.004	0.982	0.011
>CCACYAGRGG	2-CCACYAGRGG	7.459118	-3296.902762	0	T:19137.0(48.84%),B:4924.5(18.55%),P:1e-1431	Tpos:202.2,Tstd:79.2,Bpos:506.5,Bstd:513.5,StrandBias:0.0,Multiplicity:1.05
0.127	0.606	0.122	0.145
0.001	0.997	0.001	0.001
0.436	0.088	0.270	0.206
0.119	0.506	0.327	0.048
0.220	0.323	0.078	0.379
0.760	0.001	0.166	0.073
0.001	0.001	0.997	0.001
0.422	0.046	0.531	0.001
0.089	0.152	0.465	0.295
0.048	0.001	0.937	0.014
>CCACHAGGKG	3-CCACHAGGKG	9.137763	-2209.670869	0	T:7030.0(17.94%),B:654.6(2.47%),P:1e-959	Tpos:202.2,Tstd:57.5,Bpos:475.9,Bstd:392.3,StrandBias:-0.0,Multiplicity:1.01
0.008	0.990	0.001	0.001
0.001	0.997	0.001	0.001
0.492	0.027	0.235	0.246
0.124	0.544	0.275	0.057
0.236	0.357	0.041	0.366
0.699	0.009	0.118	0.174
0.035	0.001	0.961	0.003
0.345	0.022	0.622	0.011
0.097	0.077	0.429	0.397
0.001	0.001	0.997	0.001
>CCACYAGRKG	4-CCACYAGRKG	9.026260	-2064.618805	0	T:6617.0(16.89%),B:617.1(2.32%),P:1e-896	Tpos:202.3,Tstd:65.0,Bpos:457.4,Bstd:448.4,StrandBias:0.3,Multiplicity:1.01
0.122	0.812	0.006	0.060
0.034	0.964	0.001	0.001
0.505	0.031	0.233	0.231
0.064	0.625	0.240	0.071
0.187	0.312	0.066	0.436
0.693	0.001	0.154	0.152
0.007	0.001	0.991	0.001
0.399	0.034	0.537	0.030
0.047	0.122	0.473	0.359
0.048	0.001	0.923	0.028
>CCACHAGRKG	5-CCACHAGRKG	8.180254	-1700.807923	0	T:4910.0(12.53%),B:340.4(1.28%),P:1e-738	Tpos:202.9,Tstd:36.8,Bpos:547.9,Bstd:400.2,StrandBias:0.7,Multiplicity:1.00
0.157	0.635	0.001	0.207
0.001	0.997	0.001	0.001
0.449	0.001	0.276	0.274
0.182	0.464	0.249	0.105
0.245	0.266	0.097	0.392
0.623	0.001	0.375	0.001
0.043	0.001	0.955	0.001
0.386	0.001	0.503	0.110
0.145	0.180	0.306	0.369
0.001	0.028	0.970	0.001
>CCCYCTAGYG	6-CCCYCTAGYG	8.879935	-1569.567843	0	T:5030.0(12.84%),B:447.4(1.68%),P:1e-681	Tpos:188.0,Tstd:35.6,Bpos:353.1,Bstd:286.5,StrandBias:0.5,Multiplicity:1.00
0.054	0.801	0.001	0.144
0.001	0.883	0.005	0.111
0.285	0.546	0.063	0.106
0.001	0.475	0.047	0.478
0.002	0.790	0.172	0.036
0.102	0.239	0.004	0.655
0.486	0.001	0.330	0.183
0.069	0.001	0.780	0.150
0.215	0.366	0.080	0.339
0.001	0.001	0.997	0.001
>YAGRKGGCRC	7-YAGRKGGCRC	9.734776	-1082.368068	0	T:3619.0(9.24%),B:337.5(1.27%),P:1e-470	Tpos:205.0,Tstd:62.0,Bpos:451.0,Bstd:338.1,StrandBias:-0.0,Multiplicity:1.01
0.071	0.394	0.035	0.499
0.859	0.009	0.063	0.069
0.001	0.001	0.997	0.001
0.462	0.015	0.522	0.001
0.027	0.018	0.466	0.488
0.025	0.015	0.959	0.001
0.049	0.001	0.813	0.137
0.072	0.869	0.001	0.058
0.430	0.001	0.568	0.001
0.073	0.574	0.285	0.068
>AGGKGGCRCT	8-AGGKGGCRCT	9.598163	-1000.048586	0	T:5726.0(14.61%),B:1147.9(4.32%),P:1e-434	Tpos:202.4,Tstd:62.6,Bpos:505.4,Bstd:488.1,StrandBias:-0.1,Multiplicity:1.03
0.816	0.042	0.091	0.051
0.009	0.001	0.989	0.001
0.311	0.005	0.681	0.003
0.046	0.023	0.510	0.421
0.022	0.031	0.938	0.009
0.023	0.001	0.852	0.124
0.039	0.886	0.001	0.074
0.453	0.001	0.534	0.012
0.092	0.554	0.321	0.033
0.036	0.321	0.008	0.635
>GCGCCCYCTA	9-GCGCCCYCTA	8.755853	-782.005706	0	T:3404.0(8.69%),B:484.4(1.82%),P:1e-339	Tpos:193.5,Tstd:72.3,Bpos:547.2,Bstd:440.1,StrandBias:0.1,Multiplicity:1.00
0.078	0.026	0.853	0.043
0.023	0.822	0.007	0.148
0.028	0.088	0.742	0.142
0.127	0.690	0.151	0.032
0.014	0.907	0.026	0.053
0.139	0.704	0.001	0.156
0.001	0.413	0.042	0.544
0.001	0.955	0.004	0.040
0.174	0.100	0.118	0.608
0.497	0.077	0.344	0.082
>TAGCGCCMYC	10-TAGCGCCMYC	8.964729	-732.046914	0	T:5779.0(14.75%),B:1489.4(5.61%),P:1e-317	Tpos:204.7,Tstd:74.6,Bpos:529.8,Bstd:562.4,StrandBias:-0.0,Multiplicity:1.04
0.047	0.264	0.169	0.520
0.780	0.001	0.199	0.020
0.001	0.308	0.690	0.001
0.001	0.580	0.001	0.418
0.075	0.001	0.923	0.001
0.116	0.882	0.001	0.001
0.001	0.997	0.001	0.001
0.413	0.421	0.059	0.107
0.001	0.539	0.001	0.459
0.001	0.997	0.001	0.001
>CCACCWGGTG	11-CCACCWGGTG	9.582858	-668.585706	0	T:3363.0(8.58%),B:569.1(2.14%),P:1e-290	Tpos:199.0,Tstd:70.7,Bpos:464.8,Bstd:379.0,StrandBias:0.1,Multiplicity:1.01
0.013	0.985	0.001	0.001
0.001	0.997	0.001	0.001
0.397	0.223	0.190	0.190
0.003	0.889	0.107	0.001
0.018	0.781	0.001	0.200
0.401	0.116	0.005	0.479
0.328	0.052	0.555	0.065
0.043	0.143	0.716	0.098
0.120	0.229	0.088	0.563
0.001	0.001	0.997	0.001
>GCGCCMCCTR	12-GCGCCMCCTR	9.129979	-534.075999	0	T:2063.0(5.26%),B:240.4(0.91%),P:1e-231	Tpos:246.2,Tstd:114.8,Bpos:608.6,Bstd:207.9,StrandBias:0.6,Multiplicity:1.00
0.051	0.041	0.808	0.100
0.009	0.829	0.004	0.158
0.173	0.006	0.747	0.074
0.146	0.716	0.096	0.042
0.033	0.884	0.002	0.081
0.368	0.408	0.127	0.097
0.008	0.725	0.055	0.212
0.001	0.978	0.004	0.017
0.027	0.176	0.102	0.695
0.444	0.106	0.334	0.116
>CGCCCYCTAG	13-CGCCCYCTAG	9.873432	-520.758416	0	T:1639.0(4.18%),B:127.4(0.48%),P:1e-226	Tpos:200.8,Tstd:91.8,Bpos:522.5,Bstd:354.8,StrandBias:0.3,Multiplicity:1.00
0.020	0.555	0.032	0.393
0.075	0.001	0.825	0.099
0.107	0.734	0.082	0.077
0.023	0.788	0.076	0.113
0.155	0.821	0.007	0.017
0.001	0.493	0.029	0.477
0.003	0.908	0.016	0.073
0.077	0.018	0.036	0.869
0.635	0.010	0.348	0.007
0.143	0.202	0.503	0.152
>GCCRCTAGRK	14-GCCRCTAGRK	7.944784	-440.365970	0	T:1383.0(3.53%),B:106.1(0.40%),P:1e-191	Tpos:214.4,Tstd:68.9,Bpos:488.9,Bstd:332.3,StrandBias:0.1,Multiplicity:1.01
0.250	0.101	0.471	0.178
0.101	0.830	0.041	0.028
0.049	0.949	0.001	0.001
0.423	0.078	0.314	0.186
0.037	0.563	0.333	0.067
0.202	0.237	0.074	0.486
0.547	0.039	0.235	0.179
0.039	0.001	0.954	0.006
0.322	0.150	0.386	0.142
0.153	0.050	0.419	0.378
>GCGCCCCCTR	15-GCGCCCCCTR	9.702152	-440.028636	0	T:1948.0(4.97%),B:276.8(1.04%),P:1e-191	Tpos:195.1,Tstd:50.2,Bpos:488.4,Bstd:951.6,StrandBias:-0.2,Multiplicity:1.01
0.152	0.064	0.694	0.090
0.001	0.818	0.001	0.180
0.088	0.001	0.812	0.099
0.102	0.834	0.020	0.044
0.029	0.749	0.041	0.181
0.262	0.580	0.076	0.082
0.001	0.576	0.001	0.422
0.001	0.961	0.001	0.037
0.111	0.028	0.237	0.624
0.359	0.113	0.369	0.159
>ACTAGGTGGC	16-ACTAGGTGGC	8.747125	-210.895462	0	T:551.0(1.41%),B:24.1(0.09%),P:1e-91	Tpos:180.4,Tstd:89.2,Bpos:465.4,Bstd:233.2,StrandBias:1.3,Multiplicity:1.00
0.600	0.129	0.133	0.138
0.134	0.593	0.142	0.131
0.126	0.168	0.134	0.572
0.580	0.138	0.140	0.142
0.153	0.111	0.618	0.118
0.135	0.134	0.602	0.129
0.135	0.147	0.163	0.555
0.121	0.121	0.618	0.140
0.128	0.136	0.612	0.124
0.122	0.651	0.108	0.119
>CYAGRGGGCG	17-CYAGRGGGCG	9.714643	-203.569577	0	T:554.0(1.41%),B:28.2(0.11%),P:1e-88	Tpos:216.1,Tstd:80.2,Bpos:527.2,Bstd:172.9,StrandBias:-0.2,Multiplicity:1.00
0.149	0.589	0.188	0.074
0.123	0.342	0.078	0.456
0.729	0.090	0.090	0.091
0.021	0.009	0.969	0.001
0.504	0.052	0.436	0.008
0.001	0.024	0.713	0.262
0.134	0.074	0.770	0.022
0.050	0.129	0.764	0.057
0.099	0.823	0.039	0.039
0.354	0.086	0.553	0.007
>TGCTGCCCCC	18-TGCTGCCCCC	9.629517	-166.723545	0	T:1343.0(3.43%),B:335.0(1.26%),P:1e-72	Tpos:199.7,Tstd:61.2,Bpos:529.3,Bstd:351.2,StrandBias:-0.1,Multiplicity:1.01
0.053	0.037	0.035	0.875
0.044	0.034	0.823	0.099
0.036	0.526	0.254	0.184
0.062	0.301	0.097	0.540
0.125	0.064	0.810	0.001
0.016	0.982	0.001	0.001
0.001	0.605	0.329	0.065
0.213	0.439	0.196	0.152
0.001	0.602	0.013	0.384
0.028	0.874	0.045	0.053
>AGGTGGCAGC	19-AGGTGGCAGC	13.063239	-47.806875	0	T:690.0(1.76%),B:238.3(0.90%),P:1e-20	Tpos:203.1,Tstd:60.4,Bpos:481.4,Bstd:331.2,StrandBias:-0.3,Multiplicity:1.00
0.863	0.041	0.062	0.034
0.020	0.001	0.952	0.027
0.068	0.011	0.895	0.026
0.072	0.016	0.064	0.848
0.012	0.035	0.952	0.001
0.001	0.001	0.997	0.001
0.001	0.997	0.001	0.001
0.924	0.046	0.018	0.012
0.021	0.038	0.877	0.064
0.045	0.940	0.014	0.001
>BYGCCMCCTR	20-BYGCCMCCTR	7.775455	-32.907618	0	T:300.0(0.77%),B:83.1(0.31%),P:1e-14	Tpos:209.0,Tstd:100.7,Bpos:527.9,Bstd:359.5,StrandBias:0.0,Multiplicity:1.00
0.062	0.313	0.376	0.249
0.001	0.422	0.076	0.501
0.040	0.001	0.958	0.001
0.195	0.746	0.053	0.006
0.004	0.714	0.248	0.034
0.381	0.355	0.133	0.130
0.049	0.600	0.009	0.342
0.104	0.603	0.004	0.289
0.143	0.186	0.210	0.462
0.337	0.151	0.371	0.141
>GCGCCCYCTT	21-GCGCCCYCTT	10.627876	-27.607824	0	T:173.0(0.44%),B:37.8(0.14%),P:1e-11	Tpos:205.3,Tstd:50.1,Bpos:421.9,Bstd:381.2,StrandBias:0.1,Multiplicity:1.00
0.082	0.079	0.773	0.066
0.084	0.788	0.064	0.064
0.052	0.007	0.890	0.051
0.054	0.861	0.028	0.057
0.114	0.584	0.128	0.174
0.001	0.856	0.071	0.072
0.046	0.409	0.057	0.488
0.001	0.905	0.011	0.083
0.088	0.063	0.050	0.799
0.215	0.094	0.213	0.478
>CRCTGGRGGG	22-CRCTGGRGGG	9.698093	-22.372784	0	T:807.0(2.06%),B:373.4(1.41%),P:1e-9	Tpos:201.9,Tstd:75.5,Bpos:515.2,Bstd:362.6,StrandBias:0.3,Multiplicity:1.01
0.001	0.993	0.001	0.005
0.408	0.070	0.334	0.188
0.004	0.994	0.001	0.001
0.164	0.127	0.011	0.698
0.001	0.109	0.624	0.266
0.027	0.230	0.690	0.053
0.432	0.024	0.518	0.026
0.051	0.064	0.542	0.343
0.001	0.086	0.912	0.001
0.109	0.001	0.792	0.098
>GCAGCGCCCC	23-GCAGCGCCCC	10.204443	-20.223421	0	T:310.0(0.79%),B:112.1(0.42%),P:1e-8	Tpos:212.2,Tstd:107.3,Bpos:694.6,Bstd:517.9,StrandBias:-0.1,Multiplicity:1.00
0.211	0.077	0.678	0.034
0.103	0.639	0.114	0.144
0.568	0.160	0.184	0.088
0.030	0.157	0.776	0.037
0.032	0.917	0.001	0.050
0.168	0.005	0.711	0.116
0.071	0.803	0.023	0.103
0.034	0.745	0.104	0.117
0.213	0.495	0.151	0.141
0.079	0.699	0.035	0.187
>CGCATGCGCA	24-CGCATGCGCA	10.214927	-1.161165	0	T:108.0(0.28%),B:67.5(0.25%),P:1e0	Tpos:209.4,Tstd:110.8,Bpos:557.5,Bstd:382.1,StrandBias:-0.1,Multiplicity:1.05
0.029	0.880	0.054	0.037
0.031	0.052	0.852	0.065
0.075	0.819	0.076	0.030
0.706	0.143	0.090	0.061
0.056	0.122	0.076	0.746
0.040	0.092	0.803	0.065
0.052	0.844	0.063	0.041
0.025	0.044	0.835	0.096
0.037	0.847	0.053	0.063
0.669	0.064	0.168	0.099
>NCCDGYAGRG	25-NCCDGYAGRG	8.412099	-0.014896	0	T:154.0(0.39%),B:134.7(0.51%),P:1e0	Tpos:217.3,Tstd:110.1,Bpos:400.6,Bstd:332.9,StrandBias:0.2,Multiplicity:1.00
0.295	0.204	0.284	0.217
0.223	0.541	0.235	0.001
0.001	0.997	0.001	0.001
0.251	0.173	0.253	0.324
0.001	0.382	0.560	0.057
0.148	0.394	0.108	0.350
0.997	0.001	0.001	0.001
0.001	0.001	0.997	0.001
0.463	0.137	0.392	0.008
0.178	0.001	0.820	0.001
